0.15797106209023112 0.04229853547544304
0.1830799434654052 0.044631269446663055
0.2510815400562066 0.04911956280261725
0.32655775618614863 0.05688031666080294
0.33175001551261324 0.06099714298603004
0.3808729595522951 0.0661385042978388
0.40303105302149633 0.058218839860470516
0.4478407997381761 0.06586123407905654
0.45686131024685894 0.05572925864728092
0.4996529245346792 0.06169839325596309
0.5037428384160201 0.018738784762635415
0.5116479761376819 0.039662185921444416
0.5339088547498319 0.06317433537609886
0.5342465565867598 0.06492429816864585
0.5519667938902951 0.05909385991927567
0.5629715398695808 0.0416178764265477
0.6105722923115005 0.06328882295268322
0.6707529202923328 0.06176309111676267
0.7534397556313045 0.02616368784374003
0.05612421657090603 0.010464318972807352
0.28844395205713524 0.056262925258398114
0.36633209872007616 0.047836610839690645
0.37564896651327406 0.038955124680245354
0.41874991187726557 0.06374156084771102
0.4263639120360465 0.06487913583874289
0.4266501917608757 0.07630635172867284
0.4716624501319092 0.05933424302857741
0.5451379639997223 0.060721814449624455
0.5457862770370224 0.04269084641290288
0.5493161945049216 0.025366686172472563
0.6450963475515782 0.0535229350565483
0.6482539902925387 0.05171768549254746
0.6631164579890753 0.03811358017470116
0.6818035004126436 0.04544670863999987
0.7220003799733621 0.06860348154593611
0.7811738129573086 0.06412747292513185
0.8256009941356719 0.05034855271260038
0.8935199167422574 0.03698691868813091
0.938448689455009 0.04457304653455864
0.15916483826552888 0.03131641692677126
0.24133104751766776 0.055438919155892885
0.2711164328227916 0.045211200168537725
0.30301311883019344 0.04764799110554979
0.33896061808089 0.036302410288017575
0.3601751668557457 0.05509664901622422
0.42436822337152336 0.05296951640263864
0.4259815050894773 0.023687320644040395
0.47933294460715964 0.021752063387612205
0.5034967231704311 0.05834989523083558
0.509798294798173 0.06740433575881064
0.5155085269045483 0.07124521633955246
0.5241540278938449 0.05050914130806692
0.6087436793691108 0.06365222457424416
0.6635012324816353 0.05692655545786664
0.6755638902658974 0.05948260113492654
0.7807159361480266 0.059340330866735035
0.7928822733482183 0.07770084258755135
0.8986061108305176 0.03213956663363031
0.911790358630734 0.03382680301249572
0.2945191920241925 0.05381343859273381
0.3442505932310991 0.027352167734303233
0.347002668866701 0.0486223906065177
0.3531013038371032 0.05801306875679524
0.35690862351483804 0.07574322682911472
0.36155752077299586 0.05097230894450768
0.38393265507068214 0.02579007648159603
0.4242585266068329 0.08564589929063375
0.4288877030934919 0.0428487813434308
0.45444809318915713 0.06110231030473297
0.46332581410132984 0.05304148921116445
0.4788181215987189 0.02997483220249057
0.4894469567660503 0.029944450468408663
0.5192225579031604 0.039543270052372965
0.5224861544552079 0.07371573576115496
0.5263487791364243 0.02006398116561798
0.6286962845796141 0.08194291361191886
0.6735351914420563 0.03852873887647506
0.7167128471743272 0.04424750995832237
0.7887256975065914 0.05909340980770812
0.20965238575045148 0.03502550098613439
0.2327209397914447 0.046233422754539566
0.2979203636118457 0.05616411745435238
0.3191360505685258 0.04690954227889915
0.39288265826617585 0.045160966242771536
0.3974305774534461 0.05986948514321816
0.4218122105620889 0.04374240091694767
0.4323532423860861 0.04273571842295508
0.4425300481833098 0.05467205456230315
0.45415980115964893 0.053597330123523856
0.45650851501521494 0.045618256697180705
0.45963118285072274 0.06559274173287043
0.4792179307754979 0.07236740265908882
0.5019899718354319 0.05813264418637326
0.5021641391193393 0.02332208685720863
0.5301684392753359 0.05163946583179089
0.5536826411147501 0.03823602905078745
0.6127692243770245 0.05749162294307959
0.6782474203244531 0.06506040454681936
0.9470045113638447 0.03842880660915596
