[
    [
        0.008348709359465098,
        0.012047454483954348,
        0.02566701933906882,
        0.06192031215916489,
        0.007214465803865438,
        0.024649144469369676,
        0.08437116374535655,
        0.00765932553287545,
        0.04626440444175931,
        0.004700468356638639,
        0.008385162390805957,
        0.025520890742484082,
        0.1745298453897558,
        0.0074883259865978465,
        0.036488576793253714,
        0.011490581240070312,
        0.0030158717281080953,
        0.040022117685356726,
        0.4102161603520492
    ],
    [
        0.005313128329566237,
        0.0048439920934860705,
        0.013989697466389457,
        0.014002629411027352,
        0.006478279114716657,
        0.016299199046778807,
        0.023641072092416178,
        0.0025021135694066193,
        0.008900955192853619,
        0.010595465992054064,
        0.7130808198204409,
        0.024106659376121917,
        0.037526108972323016,
        0.006206465549221194,
        0.04056968087978867,
        0.007308319311261281,
        0.0033439535398472465,
        0.045080417663996245,
        0.016211042578304434
    ],
    [
        0.025374593347749844,
        0.005912576566211986,
        0.12056278259193635,
        0.025325248120920272,
        0.008891386332396093,
        0.029939312367006143,
        0.05803906953115061,
        0.004938364560521797,
        0.04751745099899876,
        0.010268510705870674,
        0.21106461603454746,
        0.10837673651894397,
        0.12831349772826928,
        0.014470976723497212,
        0.06595573086316618,
        0.009276837598668281,
        0.007827239712506715,
        0.04002789788290866,
        0.0779171718147297
    ],
    [
        0.017080127219321766,
        0.025106178742004326,
        0.014729219420295455,
        0.07368349678914343,
        0.013672891021171234,
        0.06999317125908967,
        0.021257115780930876,
        0.00452613460675702,
        0.009312652650539209,
        0.040616174501005894,
        0.05912588304285018,
        0.02817603827961608,
        0.03488145293103544,
        0.00663979700316987,
        0.18064165974083896,
        0.11116325328383952,
        0.043989297233538796,
        0.22268670180236794,
        0.022718754692484286
    ],
    [
        0.11133007300925651,
        0.03130071804581514,
        0.044789853456789715,
        0.09556786347343965,
        0.046817163794576344,
        0.09480729541150916,
        0.05389712049693963,
        0.00951031011197209,
        0.024501590260047848,
        0.013228500562646123,
        0.03491123199250698,
        0.08461514929440195,
        0.10001875504004666,
        0.02860200151690648,
        0.039879076273627134,
        0.018715792365919807,
        0.040589605816949155,
        0.06320705856292237,
        0.06371084051372723
    ],
    [
        0.008698944457289753,
        0.002185883158100605,
        0.031043744794593424,
        0.01875968370035674,
        0.001624351745343627,
        0.01058190471689309,
        0.02087068856690404,
        0.0015261016621267835,
        0.026911141529925835,
        0.0011793013033670544,
        0.0029500055181367066,
        0.019460582726188193,
        0.09655320064616267,
        0.0021471347445198062,
        0.011667126770223251,
        0.0027532631074578054,
        0.0016028609130321492,
        0.008813525990213024,
        0.7306705539491654
    ],
    [
        0.0032160171454157765,
        0.0014566332827302317,
        0.0022508599460860585,
        0.0032170961796508905,
        0.09598437748255652,
        0.0020579973013601528,
        0.011722678755808744,
        0.004244539405765391,
        0.006809174635809246,
        0.004047976466155,
        0.0024943355534704,
        0.002857804537682093,
        0.003727675400715829,
        0.8418680429340797,
        0.003109130520983987,
        0.0015841554024238263,
        0.0021505665667373485,
        0.0031730502375856497,
        0.004027888244983033
    ],
    [
        0.01556957866741614,
        0.0465226730380198,
        0.008745001891741492,
        0.5360895680705239,
        0.00798332791384391,
        0.13740675989565457,
        0.015918359774421898,
        0.0027552695408638145,
        0.00653226432490447,
        0.007057171660433524,
        0.004526048279229364,
        0.02762849454793676,
        0.028944569816654567,
        0.0033182885889802122,
        0.015898413445873873,
        0.034615420985749684,
        0.01788764664752163,
        0.05493252495363431,
        0.02766861795659597
    ],
    [
        0.008076001325764663,
        0.013698674217613059,
        0.014995031167677171,
        0.15196356879424383,
        0.0020809792397680285,
        0.19661829622628477,
        0.01638205247810179,
        0.0007831243908461832,
        0.0047795863579417185,
        0.003624692172491857,
        0.009374502918022151,
        0.35375306076621027,
        0.09896897839426688,
        0.0013464663788247209,
        0.01300553729850702,
        0.0079521248580273,
        0.003801323601043475,
        0.06768055053160632,
        0.03111544888275877
    ],
    [
        0.005859051531553221,
        0.019143520023712654,
        0.00808712764847289,
        0.4108265377476459,
        0.0036459695063172973,
        0.11648097490406335,
        0.01713876953193445,
        0.00208242658591553,
        0.006823837656539492,
        0.00858585346325457,
        0.005858857021207946,
        0.02267112484842625,
        0.03858651459951002,
        0.002008017315242501,
        0.04262290839321021,
        0.06727328641613019,
        0.0061565524206129,
        0.1814597101891074,
        0.03468896019714329
    ],
    [
        0.01178089559674889,
        0.01670740486869078,
        0.011880119892719516,
        0.40605672883566174,
        0.0027570362662129393,
        0.11852050031930315,
        0.027349098529430536,
        0.0012651271144123299,
        0.005432919448151253,
        0.004544760066469581,
        0.011383512402383791,
        0.07270970877882142,
        0.11786260880435588,
        0.00177574884807469,
        0.015389614425937866,
        0.018889630781461775,
        0.005215347909008479,
        0.10732186228141219,
        0.04315737483074326
    ],
    [
        0.0025266212721032615,
        0.8921042458673567,
        0.003812910691603048,
        0.017402474957903306,
        0.002314089560586831,
        0.0137713260589242,
        0.006657703806044876,
        0.0011354132001359857,
        0.0028924764120409367,
        0.0029323758853784325,
        0.0026976537377181517,
        0.009183185800001605,
        0.01094350605655769,
        0.0012454835354735088,
        0.0042906390658711425,
        0.005159529320912173,
        0.0018982330243222138,
        0.011704818232598262,
        0.007327313514467512
    ],
    [
        0.003607188855900862,
        0.012409075731597781,
        0.0017597582839976066,
        0.05324695655894189,
        0.002313975902501475,
        0.014669446858135704,
        0.004712721606680024,
        0.0012707555945740653,
        0.0015368090507944915,
        0.0056177380083045235,
        0.0026380894899713735,
        0.003762432709862988,
        0.00566212161278844,
        0.00100088544811517,
        0.00697563792767135,
        0.8367419459858041,
        0.00894141126005556,
        0.028229904585914394,
        0.004903144528388241
    ],
    [
        0.005350640119645852,
        0.035593058340260414,
        0.011611184754894041,
        0.0774720383639517,
        0.003522036156680531,
        0.5528164438972378,
        0.010240992477554051,
        0.001165463105230585,
        0.005014838251980128,
        0.008122479719125915,
        0.010295980784552041,
        0.08203385013679158,
        0.03567746122668931,
        0.0018085828099483996,
        0.02452442211023885,
        0.011328053886492407,
        0.005684400805582766,
        0.10188053951829619,
        0.015857533534847434
    ],
    [
        0.00825387423647166,
        0.004544031659964481,
        0.007511050283288601,
        0.009541871700982342,
        0.22995154468909398,
        0.007293680585711229,
        0.020583159317097137,
        0.021397052959167554,
        0.016212795908311983,
        0.012902150230077793,
        0.011363741437161075,
        0.007790722917014626,
        0.011264647353863013,
        0.5778711640517734,
        0.01641688007185845,
        0.006204179883340397,
        0.0072083511281988725,
        0.012125355924206138,
        0.011563745662417408
    ],
    [
        0.0035293838841961816,
        0.003033758761168569,
        0.0085510944986746,
        0.012825205907466507,
        0.0026650692494256424,
        0.005776105748831853,
        0.6775688110054527,
        0.0019402536558959856,
        0.13510791532561156,
        0.006218902040623462,
        0.004278207913375258,
        0.013478697203587338,
        0.03547333780759978,
        0.004039601589504617,
        0.01100863709907576,
        0.003800990329678032,
        0.0014547250962242309,
        0.01233587063633515,
        0.05691343224727277
    ],
    [
        0.017106640983515605,
        0.010482726866833136,
        0.017260445986105894,
        0.12521516459839585,
        0.00919442857938924,
        0.05561986342126687,
        0.13686900856871492,
        0.002522671078200093,
        0.013777776317278785,
        0.01849544235921497,
        0.05210909193645576,
        0.09496178939341522,
        0.13126451567811104,
        0.00652221474384881,
        0.03892493084699125,
        0.020299800169017727,
        0.00898627763024529,
        0.18939123572181119,
        0.05099597512118835
    ],
    [
        0.00196481690252439,
        0.0010736619213919962,
        0.003391911129396985,
        0.0026862410207133423,
        0.0009492178205073567,
        0.0029573133230761926,
        0.0026270172861731834,
        0.0004148009120631518,
        0.0012034642966000965,
        0.0013574505515698474,
        0.9459610162440358,
        0.004020050159871817,
        0.005990306637032484,
        0.0008516192169558367,
        0.011155597445180397,
        0.0019335864528838178,
        0.0012498801701536437,
        0.007305559095111985,
        0.0029064894147578187
    ],
    [
        0.030356378906282892,
        0.019447347397630616,
        0.03212978052468651,
        0.04171566288477943,
        0.02591143140051966,
        0.018776922365739874,
        0.11643611378027152,
        0.18135587293573405,
        0.08901581943222835,
        0.018962767427212063,
        0.02788338086845772,
        0.02028708403783427,
        0.06186488053455804,
        0.04754935481064753,
        0.054292612522878175,
        0.05049366958406489,
        0.013442845453100203,
        0.03871683820823452,
        0.1113612369251396
    ],
    [
        0.04924960547237942,
        0.06651613350886024,
        0.04534174829962736,
        0.05707217629328499,
        0.04668938845005445,
        0.03243305974714488,
        0.08913341315859945,
        0.044998125180746716,
        0.06184798083852152,
        0.03244428866029741,
        0.04313466314696347,
        0.03665247494343664,
        0.06691108834222757,
        0.048292458712588034,
        0.05566063941059342,
        0.06074636134321285,
        0.02963719184340635,
        0.052182038322141695,
        0.0810571643259135
    ],
    [
        0.0020766765994251644,
        0.93888560302769,
        0.0022570664924224,
        0.011568435415418004,
        0.001144212390854385,
        0.006805775972372453,
        0.003372019475379352,
        0.000528816853783414,
        0.0015136414382532443,
        0.0012922708822639298,
        0.001269555128478972,
        0.004819136796196475,
        0.005956743011714449,
        0.000614958337434979,
        0.0026012125408350698,
        0.0032384589617845414,
        0.0015248721518063637,
        0.005926638588550351,
        0.0046039059353365965
    ],
    [
        0.01988876418557587,
        0.01891917044780126,
        0.02004722674757222,
        0.2561613819787674,
        0.004637324801069353,
        0.25255395858552915,
        0.01357049117827603,
        0.0019310272093530135,
        0.0078293726274682,
        0.004562426605427009,
        0.008199751303524046,
        0.041991398344219825,
        0.06894937016363797,
        0.002616874924301752,
        0.08502758379745454,
        0.021169804780926435,
        0.015375602730674402,
        0.10249169458708374,
        0.054076775001337694
    ],
    [
        0.0016094171334699976,
        0.0005190428881371524,
        0.0012975972701012182,
        0.001535578189823424,
        0.016524566754246704,
        0.000970765973276723,
        0.006778635668407821,
        0.0035880382176564658,
        0.0050388127114779835,
        0.0018452892352162195,
        0.0015140311031951522,
        0.0013256969847140155,
        0.0020735767484741188,
        0.9474403019896898,
        0.0019495987654642264,
        0.0008941601199205778,
        0.0009363123357412975,
        0.0016201775544828234,
        0.0025384003565041557
    ],
    [
        0.004028935263209224,
        0.0005883691251483754,
        0.9120671201449951,
        0.0016835634355497012,
        0.0003601401418417726,
        0.0018154670553914576,
        0.0029477810883840783,
        0.0002942929197658362,
        0.009679341676768965,
        0.0002869834446006227,
        0.001850969176333934,
        0.008859235036539003,
        0.018658136697212693,
        0.0006026050187446152,
        0.0038972722284030003,
        0.00043048256264456965,
        0.0004906331016773414,
        0.0014615574294941645,
        0.02999711445329569
    ],
    [
        0.024534372528955153,
        0.007671327838319235,
        0.19243162141367606,
        0.01664963855598742,
        0.006011039726788907,
        0.012562387194427614,
        0.044521432193541266,
        0.009504520827473231,
        0.18971979200628744,
        0.004719783089195308,
        0.022817218067497744,
        0.026166425911081446,
        0.09652435089967466,
        0.01239178389313842,
        0.07487550153451691,
        0.007861701277556475,
        0.005460187729544295,
        0.017966624914017047,
        0.22761029039832137
    ],
    [
        0.010269385043129188,
        0.011740145268786336,
        0.017401229920676796,
        0.04340307980820678,
        0.002974476211421115,
        0.15471209441029946,
        0.01235232420784644,
        0.0007903243821380903,
        0.005603390376992081,
        0.00464871062217916,
        0.00920981919068607,
        0.6149658813038595,
        0.04174103173923639,
        0.0018840174759241141,
        0.010664293678190023,
        0.004549169316517603,
        0.0058965675279346865,
        0.030324316639298327,
        0.01686974287667776
    ],
    [
        0.010293264392760933,
        0.010045455587899097,
        0.34650801941190895,
        0.01895385811097735,
        0.004249804957290348,
        0.02597431618930548,
        0.024095182623682702,
        0.003715676138405624,
        0.0437761550300818,
        0.004118895563378431,
        0.0361546817649735,
        0.06727036389854064,
        0.16699727500950792,
        0.005465370240803383,
        0.06974399730884538,
        0.006221077460083093,
        0.003367342940947506,
        0.02617447044059064,
        0.12687479293001722
    ],
    [
        0.02020243070978987,
        0.023493613320676072,
        0.015579456152333537,
        0.08861115196253949,
        0.010860625853488027,
        0.02398670121388835,
        0.07817304219456359,
        0.011882686320809086,
        0.01866997685805728,
        0.020190186919964565,
        0.03252004010027641,
        0.018137321306743247,
        0.06109921071259386,
        0.008750903868866672,
        0.07314709046398053,
        0.3104822997584827,
        0.014040872920340315,
        0.10304668521079881,
        0.06712570415180769
    ],
    [
        0.01608291658261219,
        0.017893574664045033,
        0.056115890695604353,
        0.0294771918068803,
        0.009598402604523989,
        0.04045057195237632,
        0.03442078204396665,
        0.005208945050932907,
        0.01679839029202556,
        0.010310193793817665,
        0.4204818208282147,
        0.08197178284350372,
        0.10182387772245831,
        0.009491319789739888,
        0.03813935490492172,
        0.01236885078108173,
        0.006875194782893669,
        0.052022639276368465,
        0.040468299584032766
    ],
    [
        0.002753040607846949,
        0.004524851538853029,
        0.0017332273615886897,
        0.0884024028593759,
        0.002222800469493294,
        0.012051931927558657,
        0.006914624421570214,
        0.001237269944432438,
        0.001761623036774852,
        0.004624196065593658,
        0.002850736591194348,
        0.0035228933478529435,
        0.007906314479135488,
        0.0010476594103177343,
        0.01424240400030899,
        0.7668675834278645,
        0.004172028818701674,
        0.06576715267767211,
        0.007397259013864465
    ],
    [
        0.003408797511800096,
        0.0014332683241895668,
        0.006995507263243762,
        0.005679967159130035,
        0.0016884801153283315,
        0.006467982591507659,
        0.005941037279224955,
        0.0005730350792790226,
        0.0026139444752197333,
        0.002441800861965767,
        0.8372368170214061,
        0.009558369995210182,
        0.01587741584949923,
        0.001515567706376264,
        0.0662227250094465,
        0.00277955522392006,
        0.0021027609553384225,
        0.020653539412521776,
        0.0068094281653925575
    ],
    [
        0.016177589293308658,
        0.008029061311374684,
        0.10605485551707555,
        0.029838459239621157,
        0.004201325695484094,
        0.05870353881223346,
        0.015874177487697615,
        0.0020404505111498395,
        0.01814763001152585,
        0.005269942629109373,
        0.034601167776604484,
        0.07895095880680983,
        0.09925450554573145,
        0.003857671152912196,
        0.3895167787706309,
        0.008342427797621687,
        0.008158821264717939,
        0.05178185410597613,
        0.06119878427041508
    ],
    [
        0.015149854450435455,
        0.020235142833575918,
        0.00622775059701936,
        0.47984310123521884,
        0.003451152527888713,
        0.161303221938562,
        0.011672620619048014,
        0.0009587059741315197,
        0.0030822814802593346,
        0.004605780472062587,
        0.0075458970373666855,
        0.024875752936595868,
        0.034991132770492886,
        0.0015633253796934145,
        0.022037247747278936,
        0.022315057853847204,
        0.01699921854380939,
        0.14658943032030128,
        0.016553325282412417
    ],
    [
        0.004175696340347111,
        0.001001700378923866,
        0.005785323147689359,
        0.006154273545870752,
        0.0007117268598193522,
        0.004050773590535515,
        0.004900302708783736,
        0.0003919872398303319,
        0.0033744656259214714,
        0.0012323545845178395,
        0.00555481264951638,
        0.0044763605808597505,
        0.013250640156869416,
        0.0007014927644071462,
        0.914202835680827,
        0.0029766101955295567,
        0.002261322249455019,
        0.011861674138889375,
        0.012935647561406962
    ],
    [
        0.004475002549827452,
        0.0012233718643023192,
        0.011025807500236948,
        0.002814946532649814,
        0.0014748511863434466,
        0.0017908030167572832,
        0.025811604238409728,
        0.0017194520378910375,
        0.8920873093178707,
        0.001505049193212318,
        0.0023596034589782565,
        0.00446746739083334,
        0.010405201543076734,
        0.00424467210534924,
        0.005669911197920024,
        0.0012321722828613402,
        0.0011087874020768232,
        0.002616414147530581,
        0.023967573033872522
    ],
    [
        0.013206815198584961,
        0.052694243847092544,
        0.009879684203760147,
        0.4793365626836014,
        0.007149053597495244,
        0.12649594898077074,
        0.03188209146414145,
        0.002614571526470509,
        0.011244299425268304,
        0.013597635017867087,
        0.0049329075121538005,
        0.040901933320954646,
        0.03777308077895842,
        0.0035567568627939295,
        0.01715966540654204,
        0.031181529857906412,
        0.013958734609220542,
        0.06667515761921701,
        0.035759328087200816
    ],
    [
        0.0108316380540669,
        0.026953321610714776,
        0.057139987164976896,
        0.05203438168901589,
        0.007944089114140861,
        0.13597654295302788,
        0.023319323002829056,
        0.00467997309205294,
        0.014214801053530967,
        0.01013467913263794,
        0.13580784707264268,
        0.1067927560164675,
        0.1328732316373992,
        0.005958628207185151,
        0.08204896570952139,
        0.017885151446861144,
        0.0064676256443090075,
        0.1202864512550871,
        0.04865060614353272
    ],
    [
        0.00496372401016808,
        0.00927523426312215,
        0.002506534509348994,
        0.032762823742964096,
        0.0035150613665567263,
        0.011088590927520913,
        0.007744957813649197,
        0.002808190868248074,
        0.0026287642072667858,
        0.010112031684227108,
        0.0041955838489767154,
        0.0045202921911240744,
        0.006913533850200807,
        0.001840741708813094,
        0.008263086112864956,
        0.8470198905079473,
        0.010051248060661055,
        0.023051286159806377,
        0.006738424166533582
    ],
    [
        0.006461088467583163,
        0.0038206977088331186,
        0.2708746213631992,
        0.014068521311972953,
        0.0010427814204211489,
        0.025000123542556568,
        0.010216801199575389,
        0.0006915877462128828,
        0.013103390532532318,
        0.0010808946434675358,
        0.00535644653220583,
        0.17919916166984393,
        0.3075806131181779,
        0.0011459700244256191,
        0.01265904753257986,
        0.001828931585914039,
        0.001365265269354851,
        0.010331754384678095,
        0.1341723019464657
    ],
    [
        0.047899730598975426,
        0.023435258183641637,
        0.03199886819824579,
        0.06998063253011809,
        0.016840304780429492,
        0.02455790723998189,
        0.13021469726432416,
        0.039553009309201914,
        0.06738571059434703,
        0.023375630633713295,
        0.025854910335891584,
        0.025572193072081265,
        0.06997380422171232,
        0.02144664017414313,
        0.05827030628802372,
        0.11697464242613316,
        0.02256920057105576,
        0.051750386825718024,
        0.1323461667522623
    ],
    [
        0.00086630881606354,
        0.00041697226968572383,
        0.001977572478295109,
        0.0027570501180498547,
        0.0003030408698583358,
        0.002083572445266038,
        0.0014872802719489606,
        0.00018448832866850665,
        0.0010208374413425386,
        0.00046081131561580827,
        0.002294236446653081,
        0.0016984405003986427,
        0.005207918964987617,
        0.0002694109301209573,
        0.9656394661378663,
        0.0013910792041914887,
        0.0005573034252601798,
        0.00674042838628505,
        0.004643781649442169
    ],
    [
        0.9145494929089358,
        0.002107686612412125,
        0.010622757330549843,
        0.005554125225222882,
        0.0012573638808943538,
        0.004953558832078522,
        0.003776295198593636,
        0.0005871652665568095,
        0.0032830547848071894,
        0.0009230884657593544,
        0.002879185217439232,
        0.007987509308893881,
        0.00814930266878622,
        0.0013011289212955612,
        0.004539139529476647,
        0.0018125268904875078,
        0.014170502965969861,
        0.0033734875460072703,
        0.008172628445833564
    ],
    [
        0.010425639989065125,
        0.004587017009390035,
        0.011784148466357596,
        0.010419305355889965,
        0.05077395914532311,
        0.00716209560679937,
        0.03648178575050762,
        0.07457696073975059,
        0.05816276547516761,
        0.00991394977671057,
        0.007856390655723567,
        0.00973680656805804,
        0.014860281307011947,
        0.6387494955808912,
        0.011766502313078844,
        0.00623240488545083,
        0.005462302117276409,
        0.00951565292032359,
        0.02153253633722388
    ],
    [
        0.003274705194078572,
        0.007099942560842102,
        0.005138437676735565,
        0.07149916605179796,
        0.0025854433815801947,
        0.09892669163710388,
        0.007018034537556577,
        0.0008692760032413532,
        0.0023772210648663633,
        0.006628430806757313,
        0.018436378248840233,
        0.019578366236168866,
        0.02195703536746919,
        0.0012492446522672843,
        0.05381483106944243,
        0.02778370693720898,
        0.004185421821662257,
        0.6375509826057847,
        0.010026684146596224
    ],
    [
        0.008039772781169517,
        0.009869243180128507,
        0.006987917517491025,
        0.029848777277447298,
        0.011962472168811049,
        0.009813946528032684,
        0.6682948964086413,
        0.007849954875676145,
        0.03467246796482011,
        0.04423312256973393,
        0.010160764189966092,
        0.01182874754241465,
        0.02793012883994759,
        0.013259296154499335,
        0.016842703323776912,
        0.02112622434428931,
        0.005349377872869328,
        0.031082110929338755,
        0.030848075530946355
    ],
    [
        0.0031124281018607147,
        0.005647959682747452,
        0.0018932606985879008,
        0.012377410905848981,
        0.008216059532794473,
        0.006854619323575132,
        0.013016788158922881,
        0.0014813332105655835,
        0.0035155992618269025,
        0.8767652290406839,
        0.004139631598658416,
        0.005021331970121607,
        0.004776690666930966,
        0.0034541177906503057,
        0.006625887718197214,
        0.013845551037625517,
        0.008681477358773032,
        0.016693903694444515,
        0.0038807202471844667
    ],
    [
        0.020919681002082222,
        0.015114821239475771,
        0.01664127504541281,
        0.051851486695140066,
        0.014344024749839148,
        0.04286902489315433,
        0.040243254272744805,
        0.003533825111335129,
        0.015537892945885546,
        0.08734158844573614,
        0.0744744841829584,
        0.034057550243483836,
        0.0399588220633209,
        0.008809814869938334,
        0.25104936858614346,
        0.04306923626255077,
        0.04677900182073179,
        0.1676050653535062,
        0.025799782216560308
    ],
    [
        0.01219885069667579,
        0.0166693708562514,
        0.09597982026445401,
        0.033209945266176155,
        0.00782958115491551,
        0.05198014051606166,
        0.04057498939835455,
        0.00556123597643241,
        0.02556055989739498,
        0.009386883149094227,
        0.1966983554506287,
        0.13030817169603284,
        0.1784524314664245,
        0.008511291728268604,
        0.04544571737829968,
        0.011566059220173962,
        0.004933307845074561,
        0.057344730117730836,
        0.06778855792155562
    ],
    [
        0.0028827242268625996,
        0.002525413493050112,
        0.017266178544930032,
        0.008025112472124703,
        0.0005479127686555405,
        0.02067963236930503,
        0.004349568568411191,
        0.00022039923722532302,
        0.00283768975900825,
        0.0010095943991845083,
        0.0038780119221733214,
        0.8817875670903241,
        0.028886159242795653,
        0.00047045683697651924,
        0.004890912017396721,
        0.0011237779945581403,
        0.0010736931717996983,
        0.007520075373050913,
        0.010025120512167526
    ],
    [
        0.03413004166113925,
        0.010493679375296393,
        0.0052033773237241026,
        0.020684940398142507,
        0.005440815345385712,
        0.01832024118842588,
        0.006460679106813087,
        0.0013362400226123086,
        0.00340389229486119,
        0.006761699561291296,
        0.005350176536513696,
        0.010417115014517456,
        0.008320313731497731,
        0.0026925648442688373,
        0.010225955117234429,
        0.011293821814477105,
        0.8183274016426704,
        0.014416403429696195,
        0.006720641591432343
    ],
    [
        0.007320909397091739,
        0.013020634042462544,
        0.006903014649082873,
        0.02343609617648563,
        0.6739040559272684,
        0.019738013212382353,
        0.02182523362734563,
        0.016873420696975353,
        0.010850975101408276,
        0.032383635026741533,
        0.010069355455870605,
        0.013697132938158128,
        0.013734783535959043,
        0.06440704358439074,
        0.013089790691408722,
        0.012951911391743016,
        0.00956579221244899,
        0.024332517119243946,
        0.011895685213532303
    ],
    [
        0.02169065822749077,
        0.017647553178198903,
        0.03235208646385884,
        0.044835533569795055,
        0.12414775217050227,
        0.032985826398222375,
        0.06313662466194923,
        0.019370931997375582,
        0.027834623939978126,
        0.025960603376461416,
        0.12557800098237243,
        0.039407487745843205,
        0.0664523681113731,
        0.084847822548675,
        0.10129929168003698,
        0.02560272955053879,
        0.014941542846812124,
        0.08209266464028829,
        0.04981589791022745
    ],
    [
        0.010790741898594712,
        0.011401456244459273,
        0.010006074384240842,
        0.18620121495431172,
        0.009824925948027733,
        0.06032492246495133,
        0.039994158556439945,
        0.006551663456770005,
        0.010110725917123836,
        0.016706045691898052,
        0.02146470792665087,
        0.019720825090028864,
        0.054305905245450745,
        0.005872326218245647,
        0.06663631092261994,
        0.1478714199488446,
        0.009987998893013888,
        0.27088224565131636,
        0.041346330587011704
    ],
    [
        0.9778150108691742,
        0.0005047828210503862,
        0.0023920729911005643,
        0.0015280950785353249,
        0.00031864621010249596,
        0.0009202383484245869,
        0.0013672794403241828,
        0.0002060113358327861,
        0.0012271856563112295,
        0.0002271955116686451,
        0.0005927523612629067,
        0.0013400162439063349,
        0.0023397233813544534,
        0.0003803613916041175,
        0.0013081380083417556,
        0.0005685809905000784,
        0.0027402128145903827,
        0.0008377129156891068,
        0.003385983630226312
    ],
    [
        0.004941163313434272,
        0.002357205811154322,
        0.010543302755299796,
        0.011609112348188566,
        0.0018747486179020037,
        0.010681015021492803,
        0.009518190027927689,
        0.0007634614048979887,
        0.0041324804656287075,
        0.003469920395147047,
        0.1514188953006699,
        0.0133343643516971,
        0.030663716986319145,
        0.0016104347121156817,
        0.6692373838059399,
        0.0059888993322071,
        0.003185318647839151,
        0.05031462040248811,
        0.014355766299650824
    ],
    [
        0.008586313385856425,
        0.0036898081591543175,
        0.3617821149615675,
        0.01183091646916793,
        0.001454693396255093,
        0.012439385321681517,
        0.01233112772780261,
        0.0014554352428879267,
        0.0398919888938721,
        0.0012572186053009609,
        0.004430085100087217,
        0.036584072822885456,
        0.10867044105312314,
        0.001959416886127769,
        0.018085829892786186,
        0.0024234086829425364,
        0.0017197752047287847,
        0.008233779533429585,
        0.36317418866034307
    ],
    [
        0.0028765131434738615,
        0.0007795559178751816,
        0.9206171509233602,
        0.0017402386765936568,
        0.00045196475549680044,
        0.002291185054657901,
        0.002899074034228379,
        0.0003384381388056759,
        0.0075583501247026945,
        0.00035070465783779836,
        0.0029391517018478443,
        0.01306471046075436,
        0.019176620278058488,
        0.0007263253753569209,
        0.004017618538178228,
        0.00045614211696920845,
        0.0004836793279570144,
        0.0017421334054770938,
        0.01749044336836851
    ],
    [
        0.008713733077574342,
        0.0007706410760000554,
        0.000773035942106452,
        0.002721264277395476,
        0.0007321271908705056,
        0.0018794895063336675,
        0.0009498613628406302,
        0.00021218228463909704,
        0.000514760367901813,
        0.000758752437041533,
        0.0008634385902155069,
        0.0011356216487479187,
        0.001228246313097091,
        0.00042142360243748123,
        0.0021714342819233964,
        0.0019817572284452733,
        0.9709980710680493,
        0.0020475924223719686,
        0.0011265673220086764
    ],
    [
        0.07266981816728021,
        0.04528067368510982,
        0.1614096485423756,
        0.03928121542483195,
        0.00584383561439869,
        0.028778800990587248,
        0.04925763808105566,
        0.004456850199205984,
        0.049689410823614485,
        0.0058160869630067315,
        0.021011026044697897,
        0.06643193167702005,
        0.171354073869048,
        0.006638744668291193,
        0.04488556065497585,
        0.01129993031811657,
        0.011903364423279578,
        0.029089675295522772,
        0.1749017145575817
    ],
    [
        0.0761431460747848,
        0.030324184456261685,
        0.019626627735267882,
        0.0588401116451533,
        0.056403050426529995,
        0.040037638770878604,
        0.040120476363915435,
        0.008592526882380491,
        0.01947942255983334,
        0.0501023386662338,
        0.029368181162915365,
        0.032304228588563785,
        0.03160358065880618,
        0.0259012931319307,
        0.042409545424652605,
        0.05026237664500593,
        0.30702080988221886,
        0.05300204414560396,
        0.02845841677906333
    ],
    [
        0.013749686904434635,
        0.004698012991589789,
        0.026536136943349123,
        0.016589777621065137,
        0.005564330783670342,
        0.018475355147270948,
        0.019455972977071412,
        0.003019946153763197,
        0.010084266908615339,
        0.008632799677588534,
        0.6781957127259056,
        0.032522309240694956,
        0.03844653977003863,
        0.006179700518874736,
        0.04367809061711622,
        0.01100727995807437,
        0.007251054702486845,
        0.034064047969922254,
        0.021848978388467895
    ],
    [
        0.005472512550834622,
        0.0020077921849628233,
        0.06231914718455052,
        0.009400161748594697,
        0.00044377427170452495,
        0.006555971781174515,
        0.0068282576344872985,
        0.0003998719195921938,
        0.006427445478970989,
        0.00048481004196129025,
        0.002401980907604552,
        0.018555924967195235,
        0.23944851488350416,
        0.0005046694615473105,
        0.00785075333578446,
        0.0014689337640606433,
        0.0007963691540173795,
        0.005334951861654692,
        0.6232981568677981
    ],
    [
        0.0020090649132357818,
        0.0010561073325999204,
        0.004160452320765563,
        0.002849413736028035,
        0.0007744213639152703,
        0.003148256628190263,
        0.0031658155971939043,
        0.00036399190623762734,
        0.0014355905368020547,
        0.0015038722834052039,
        0.9416383881839873,
        0.005413993200119847,
        0.0072109086781921945,
        0.0007454317598642629,
        0.010468696911772837,
        0.001954951291122203,
        0.0011701261875089613,
        0.007516386351122242,
        0.00341413081793645
    ],
    [
        0.08143352455539019,
        0.022147524170283758,
        0.02100914716582804,
        0.0502895015353462,
        0.19700468620649716,
        0.027129611953110932,
        0.0641359194714968,
        0.02301985327759839,
        0.03361913744898839,
        0.039268444544421445,
        0.02049419669170716,
        0.029212751566945812,
        0.0324094768826438,
        0.1188110865920677,
        0.03160660178061814,
        0.032789191938347825,
        0.10214812646022453,
        0.036339312735632755,
        0.037131905022850985
    ],
    [
        0.00864405613107799,
        0.0011285531398373193,
        0.8983229952133219,
        0.0027037206238524655,
        0.0005398740789602564,
        0.0036656135039168473,
        0.0032766671614455735,
        0.0003912055484943151,
        0.006945937773607917,
        0.0004639992533094377,
        0.003618057801512158,
        0.017196951424340367,
        0.021943441993116857,
        0.0007770592946368117,
        0.0054854344279403975,
        0.000717561980305597,
        0.001019839767727209,
        0.002391531776470146,
        0.020767499106126422
    ],
    [
        0.013977650307271924,
        0.009606658068915398,
        0.021321161837283432,
        0.021091948221700352,
        0.13031782874429385,
        0.01897281158885018,
        0.04560331519187341,
        0.08249429354253192,
        0.03944429613938178,
        0.024252464375674094,
        0.033341835080310515,
        0.0225957982874355,
        0.030588729225496117,
        0.39584734697387997,
        0.031116791708157995,
        0.012818404070756182,
        0.009588967721806091,
        0.027757840431473123,
        0.02926185848290817
    ],
    [
        0.005759487187857622,
        0.007210894043509281,
        0.01794355257741312,
        0.02402521205899198,
        0.004112543400170202,
        0.013944669536971361,
        0.5148223523034624,
        0.0017595661689781134,
        0.1069267001555608,
        0.011999775361573747,
        0.009804726852297642,
        0.04370684599759728,
        0.0911156040120049,
        0.004828235357368547,
        0.02855678973069569,
        0.005225067191434124,
        0.0026326252931962103,
        0.03159496031057324,
        0.07403039246034362
    ],
    [
        0.03422166159155217,
        0.015567569095185358,
        0.05246003143519604,
        0.03591007249600684,
        0.03717407425430335,
        0.02405306946584455,
        0.15329709420841572,
        0.01659377373365676,
        0.17375198292705174,
        0.025701296516158545,
        0.033971097316338586,
        0.04428989129573136,
        0.07121198546161439,
        0.07082531208899365,
        0.04779536967527336,
        0.018474100532616482,
        0.014761824004940246,
        0.03604169917269352,
        0.09389809472842729
    ],
    [
        0.010472016296222658,
        0.005269012796917724,
        0.019689694287492933,
        0.03787830499912143,
        0.006404310967454596,
        0.02766521417880227,
        0.023731530857336522,
        0.003653206323534514,
        0.017875357751029573,
        0.005843251705644685,
        0.01519135247802696,
        0.01801588045808707,
        0.06142320283332251,
        0.005673059278770688,
        0.59280471525554,
        0.012952385543269265,
        0.006445641705195829,
        0.06463106938411241,
        0.0643807929001184
    ],
    [
        0.005463827009792235,
        0.01562156343332318,
        0.004505226142813676,
        0.05679830837483722,
        0.015754450288193493,
        0.021678767755431597,
        0.07100346201737441,
        0.004169775869165879,
        0.010168362108698002,
        0.5667787226850602,
        0.009924691701708656,
        0.012756032288918463,
        0.018411373143566244,
        0.007129455980855521,
        0.02013064405678425,
        0.04597348939404664,
        0.008427433948568512,
        0.09138316709055336,
        0.013921246710308357
    ],
    [
        0.0005615694081915678,
        0.00031400388648985313,
        0.0007277075198962364,
        0.001614956399786978,
        0.0002928055168482839,
        0.0006204759136625136,
        0.9763649696512209,
        0.00015914519502931938,
        0.004138277252661833,
        0.0007222110649638003,
        0.0006629876824783184,
        0.0014077184241529813,
        0.004320576893684673,
        0.00040720301664122694,
        0.0010973547638426636,
        0.00045253962809643365,
        0.00020530498152279315,
        0.001630826139016631,
        0.004299366661813049
    ],
    [
        0.00604509663732586,
        0.010019623849322905,
        0.004482141611358942,
        0.05787713297925342,
        0.0027923760677483183,
        0.013958053444004413,
        0.017943313518776826,
        0.002060789250332181,
        0.004229397183665758,
        0.009625222718676534,
        0.011288118869902023,
        0.007362657064734225,
        0.01980575766332542,
        0.0018030834443801072,
        0.03658968039026668,
        0.6779720510086571,
        0.006656218053468709,
        0.0926919104614301,
        0.016797375783370518
    ],
    [
        0.013112352478343187,
        0.013221221061692202,
        0.18248726825331552,
        0.026192195659820033,
        0.006628752163488723,
        0.04131383467408463,
        0.028354268008782917,
        0.005556972173052024,
        0.03366885821229355,
        0.006858425480075312,
        0.11426229173002421,
        0.07393569370821992,
        0.16864810790422022,
        0.007845092527435156,
        0.12497280898072256,
        0.010089626773141555,
        0.005222620424247481,
        0.04804230686744397,
        0.08958730291959684
    ],
    [
        0.00853503212551188,
        0.01078333961644812,
        0.026987194510404464,
        0.04112806538501614,
        0.002729513289624979,
        0.03695892911470659,
        0.019755445844526178,
        0.0017604125615146306,
        0.0076642200671396404,
        0.005703150518750147,
        0.197420022606189,
        0.03683241665869304,
        0.13231257703041505,
        0.0022356212935211728,
        0.23368325835680628,
        0.021709913833019748,
        0.004583932771014618,
        0.1638350137121218,
        0.04538194070457655
    ],
    [
        0.006414126207028034,
        0.004253136074705665,
        0.0034916481687053643,
        0.009279370959192438,
        0.8336843198441654,
        0.006577231467033944,
        0.01012961598465288,
        0.00596119396803756,
        0.004623396132914223,
        0.00688482188972634,
        0.004818765698956141,
        0.005966567420832184,
        0.006321749154618196,
        0.06148249964590212,
        0.005191541683942551,
        0.004502938456575937,
        0.006677346538301208,
        0.008023135618933233,
        0.005716595085776368
    ],
    [
        0.00323684553424175,
        0.0013572711034030769,
        0.011095260637741024,
        0.008152744210041146,
        0.0004792779182560613,
        0.0033298819871872684,
        0.020656903192494577,
        0.0005077076543743844,
        0.017502091593338147,
        0.0006807919943201393,
        0.0015877508375780986,
        0.007025336402682695,
        0.06483790062435471,
        0.000620837631292346,
        0.007043582333767732,
        0.0017212319342970704,
        0.000673793622909326,
        0.004863313775485304,
        0.8446274770122351
    ],
    [
        0.011789762365548904,
        0.03630429900854436,
        0.01156893185393628,
        0.0806738320298126,
        0.01976110745036676,
        0.03879077157063854,
        0.037476594965210726,
        0.022077305964867507,
        0.01181693271649976,
        0.037268891410124676,
        0.035589221946241305,
        0.01848386714751692,
        0.03627245237509238,
        0.01090947027242541,
        0.040024761118761305,
        0.3938359919629976,
        0.013352000883896351,
        0.11459813439594599,
        0.029405670561572686
    ],
    [
        0.0042598452847468745,
        0.0015555444518135072,
        0.002784078854966333,
        0.0031670793516612294,
        0.06826242709185777,
        0.0020894153225139455,
        0.007699076701608896,
        0.01034786618709513,
        0.006273702870019622,
        0.0026576954936216564,
        0.0027896455388471565,
        0.0025495813565595007,
        0.0038205538509758735,
        0.8661448775272059,
        0.0035662139253246775,
        0.0019138300827196359,
        0.0025529801455975083,
        0.002993512597148223,
        0.004572073365716425
    ],
    [
        0.030475509876956408,
        0.025395470691844908,
        0.03552715962264311,
        0.07860800700573402,
        0.011648169423777562,
        0.036687204828067255,
        0.07723654909650986,
        0.010215339817118831,
        0.08347667832190199,
        0.01947060810778265,
        0.014921140161036385,
        0.030196323431299837,
        0.07939626850018489,
        0.011259024750722494,
        0.17546025849326108,
        0.0445932469148061,
        0.021005042894791687,
        0.06737887531949159,
        0.1470491227420693
    ],
    [
        0.02830759038024743,
        0.026422477731896942,
        0.014529398096101029,
        0.056618106978085364,
        0.260113870563023,
        0.02816828911135569,
        0.0367625468967289,
        0.11246572321481926,
        0.01958643834027128,
        0.029512668477887617,
        0.01943447808375674,
        0.016773795471429268,
        0.02765244231325559,
        0.07907003893679782,
        0.039507654630216035,
        0.08479384205711826,
        0.04078534196885274,
        0.047076798961380104,
        0.032418497786776995
    ],
    [
        0.0009675602949347616,
        0.0009581163278444543,
        0.0006220433973396738,
        0.0021892727998681564,
        0.9479746880028603,
        0.0012069054286421598,
        0.003465263140991993,
        0.0026299959489024588,
        0.0013918055287842441,
        0.0035547741053374936,
        0.0009907063010105557,
        0.0009594159861027744,
        0.001358231700281093,
        0.023541643753958758,
        0.00167903370654515,
        0.001557460140537477,
        0.0012626492660424975,
        0.0023155764895922745,
        0.001374857680423926
    ],
    [
        0.0069839527110393705,
        0.009162919937882728,
        0.008523184261682694,
        0.023497197691666166,
        0.017430560177214685,
        0.01432110390996253,
        0.09696153898409218,
        0.006519060894628849,
        0.02900019568448573,
        0.5745905472187193,
        0.022054347790736714,
        0.01578949705519391,
        0.022267446122494643,
        0.01601596202189364,
        0.03842432439015072,
        0.02251757869708599,
        0.008268301665704258,
        0.048384320549315525,
        0.019287960236050422
    ],
    [
        0.009731446975730125,
        0.004766917256799444,
        0.4540969693881556,
        0.014530211329723286,
        0.0015984633451434395,
        0.02907447593411448,
        0.00886496445242496,
        0.0008508139022432847,
        0.012394424088718286,
        0.001202381696545766,
        0.006319920156359163,
        0.16302586144931816,
        0.1681483072206553,
        0.0016621991048292163,
        0.018179354151546097,
        0.0019471152643223224,
        0.0020167638946452056,
        0.011152876819449802,
        0.09043653356927608
    ],
    [
        0.026303572910645303,
        0.02832140192675732,
        0.02326507284471425,
        0.07493298199649674,
        0.02448542901562125,
        0.025076726334877467,
        0.11771166778718511,
        0.11618176439483477,
        0.052447428205496846,
        0.022697009007504612,
        0.021549862484623733,
        0.020713633379494053,
        0.06324149174130615,
        0.027497088659308538,
        0.050089119108753626,
        0.1251280769954787,
        0.014756288709860262,
        0.05626089419060248,
        0.10934049030643878
    ],
    [
        0.014831978907352352,
        0.03758465924095798,
        0.041207294843792416,
        0.03700178959449417,
        0.012636480655424259,
        0.03982504318424926,
        0.03931543087967007,
        0.006410913895471273,
        0.01672127320761013,
        0.01528018917368201,
        0.37203283508118956,
        0.057171156133129765,
        0.09271497038201947,
        0.010296354275932389,
        0.05816028639474288,
        0.020627041798986664,
        0.008273531975700554,
        0.07897404850473463,
        0.040934721870860176
    ],
    [
        0.0012998291375707965,
        0.929787112676076,
        0.0013397557637497605,
        0.017955287263148687,
        0.0007169503112877892,
        0.013808461476751828,
        0.00196117572833106,
        0.00031374527529832,
        0.0007558207959904601,
        0.0013226132469334735,
        0.0011838206870329823,
        0.004296725729711706,
        0.004210518621485828,
        0.00033626925876414264,
        0.0022127104051017322,
        0.005236757073385031,
        0.0014437639206479392,
        0.009207426397266367,
        0.0026112562314661992
    ],
    [
        0.023404398009591033,
        0.00476537220651874,
        0.2361825329364497,
        0.014472119247027047,
        0.0018890318376087588,
        0.00952085261393982,
        0.023605071864548778,
        0.0018159545885937554,
        0.030729890798781676,
        0.0018196812198119391,
        0.013177169019319245,
        0.02811896639619991,
        0.16526662665605882,
        0.002673197837127961,
        0.037567410682444395,
        0.0045011336394639705,
        0.003074461739903932,
        0.012682747561290588,
        0.3847333811453199
    ],
    [
        0.013554405793389547,
        0.010759358480438169,
        0.0864588074532591,
        0.02557017729469828,
        0.005993448866316068,
        0.034631618755746205,
        0.04761165463507215,
        0.0026547545504696604,
        0.023040348609312773,
        0.008675462092842597,
        0.19352909835274937,
        0.2441221521413496,
        0.15615749192816888,
        0.006718257540619413,
        0.03381268541206514,
        0.007220174185340837,
        0.004796795913268928,
        0.042729421718686156,
        0.051963886276207114
    ],
    [
        0.0009154925885620229,
        0.001840084482116455,
        0.0006021868335992597,
        0.9515184807940634,
        0.0002622027165061341,
        0.010148819263183558,
        0.001893983838143406,
        0.00010009482357697721,
        0.0004057756059663288,
        0.0004923706995817792,
        0.0004764975533576304,
        0.0026749114552146866,
        0.004405997250736847,
        0.00013651139769721971,
        0.0017222733510082679,
        0.004138934099099069,
        0.0007324154510444734,
        0.01455835141400368,
        0.0029746163825385796
    ],
    [
        0.009845671843513192,
        0.6589519769642534,
        0.00686555795456181,
        0.0765815356424875,
        0.004639441597645752,
        0.031857146948388496,
        0.020248090307467628,
        0.0015472207468479498,
        0.004858741411832734,
        0.009555441635980528,
        0.008919270552960637,
        0.021189724518493196,
        0.027488931011888342,
        0.0022749805066079203,
        0.013415426640207905,
        0.023079054830113355,
        0.00943034303419425,
        0.05382304392670595,
        0.015428399925849469
    ],
    [
        0.17164157037842678,
        0.01340643036125914,
        0.03248088418774523,
        0.03904987418962165,
        0.03888572932978401,
        0.024968811576456994,
        0.11277855048739795,
        0.011854818035144378,
        0.09261177253168941,
        0.04142625851229015,
        0.022432472740284103,
        0.03946933765655916,
        0.042255331451928245,
        0.06253360252988194,
        0.04007374957712795,
        0.019689905585301728,
        0.11175409616148674,
        0.03183830211531132,
        0.05084850259230311
    ],
    [
        0.007925889449018243,
        0.01578995858933232,
        0.007024571625057788,
        0.13799861929118953,
        0.004485069640921042,
        0.567569085206855,
        0.006876214908708973,
        0.00145961771920104,
        0.0028195218364437565,
        0.005744449851637338,
        0.010623511709836754,
        0.028477123516415327,
        0.021704428429745667,
        0.0018814585001409895,
        0.019338545701200603,
        0.027938232537714425,
        0.011905393034147352,
        0.10896227968011037,
        0.011476028772323532
    ],
    [
        0.0037419826490752784,
        0.0058000980927719594,
        0.0027990643822517697,
        0.02740169806505584,
        0.0031590942880015452,
        0.010514158125451345,
        0.008125312099181986,
        0.002077407411632055,
        0.002532714073480096,
        0.010964081318999848,
        0.009440913881751119,
        0.004757802416704647,
        0.008763525981036122,
        0.0017385474661182196,
        0.022157072362143742,
        0.8099553723183135,
        0.006393089615794723,
        0.052331942907578345,
        0.007346122544657844
    ],
    [
        0.002523506064198079,
        0.0009117951713520035,
        0.005926404981497333,
        0.002274469056662862,
        0.0015520611291365803,
        0.0015075242042039247,
        0.017176104174271196,
        0.0020366881514753883,
        0.9261283494161627,
        0.0012620258917174915,
        0.0013901866539495194,
        0.0030731722586235404,
        0.006620806412409004,
        0.00499553219977064,
        0.003821164713591944,
        0.0009322426392430132,
        0.0007879132625449242,
        0.002009837612514684,
        0.015070216006675114
    ],
    [
        0.004660452434220362,
        0.00806105255651276,
        0.0026771917265840093,
        0.04018501116554538,
        0.004189477275961981,
        0.016437390225679825,
        0.00671044155126623,
        0.0021571751155775813,
        0.002475034034657162,
        0.012882683925806108,
        0.00537480930939163,
        0.005178837238580005,
        0.007416405079321042,
        0.0018607293642970868,
        0.016427257581103142,
        0.7983058110433452,
        0.013990552860348438,
        0.044424097604876825,
        0.0065855899069251845
    ],
    [
        0.0064519629750115675,
        0.043452670921016345,
        0.011134854616498034,
        0.14117544599402576,
        0.007636926293698685,
        0.44114300599211304,
        0.017663047579062834,
        0.0026203502536358988,
        0.006767266779357359,
        0.015425959806760932,
        0.012208824768522844,
        0.07724611377113777,
        0.03800606620518475,
        0.00349163459996383,
        0.016720667502400206,
        0.022506706153698108,
        0.006610903750268815,
        0.10996079478998391,
        0.019776797247659333
    ],
    [
        0.0033662960260201105,
        0.009398867200593469,
        0.003209422760217643,
        0.0772454866419522,
        0.0038476375659854544,
        0.02871618165953634,
        0.020131071083356395,
        0.0009588233075865605,
        0.003173805582762248,
        0.04714146849865515,
        0.013070444262649155,
        0.013573892680688093,
        0.016899052345205393,
        0.001722253568116586,
        0.027697924883965303,
        0.045192487252108476,
        0.0054229676125054005,
        0.6704995389641561,
        0.008732378103939923
    ],
    [
        0.001529691240791965,
        0.0004049134447946021,
        0.006258798159835639,
        0.0015073366526421339,
        0.00046586181007389797,
        0.0010793674509476051,
        0.010560021450240787,
        0.0003983324622850184,
        0.9424121779085869,
        0.0005304242231852312,
        0.0007957520853354567,
        0.003242015022631785,
        0.006799429346427029,
        0.0010230181711656466,
        0.0026444587825045353,
        0.0004343658404821721,
        0.000385036973218117,
        0.0012886754743142274,
        0.018240323500537236
    ],
    [
        0.013317802103335672,
        0.004560526372743259,
        0.07765541007788623,
        0.02223905670727163,
        0.0030793970122472876,
        0.019090090610530852,
        0.09588342543765484,
        0.0013297962995237112,
        0.1063752209348616,
        0.0036970024658386814,
        0.00832342331901322,
        0.1897755477568907,
        0.21775883050453052,
        0.004132280964110113,
        0.021284592756502102,
        0.003009295772497519,
        0.002981124464848349,
        0.01775819305615044,
        0.18774898338356327
    ],
    [
        0.03064526081874323,
        0.005690735510794858,
        0.0924934898650759,
        0.018786244211339325,
        0.005727319310062883,
        0.012296352143712,
        0.1940824525991664,
        0.003658650980260679,
        0.1575824998817086,
        0.007731263818942829,
        0.04624088297461949,
        0.050716411795429184,
        0.13496548941717032,
        0.011471292589804267,
        0.047385162928719825,
        0.006872792858585687,
        0.0059675471625880465,
        0.023042557235189685,
        0.14464359389808681
    ],
    [
        0.006198622520421489,
        0.0019358970032177926,
        0.04785081419401538,
        0.010501319908734602,
        0.0012615038324182931,
        0.007147622138804339,
        0.018118382075805708,
        0.0015233766077632361,
        0.05795018033211704,
        0.001077356937882972,
        0.0027111463349404298,
        0.016599174474022548,
        0.07285479138577955,
        0.0019394546230771918,
        0.010949510936481154,
        0.002104145102323121,
        0.001222125265777998,
        0.006305561912598766,
        0.7317490144138183
    ],
    [
        0.010048316913492988,
        0.062102560666099114,
        0.007349739301716674,
        0.18835602677817326,
        0.021901879370153168,
        0.10552243746183382,
        0.03377786420864688,
        0.004803064833460533,
        0.008098077662913072,
        0.10390493326135487,
        0.015241796001740613,
        0.026773732360380414,
        0.02794993013895554,
        0.006818701952803574,
        0.025893399265954898,
        0.10227175386213445,
        0.02112535637853317,
        0.21047750141247404,
        0.017582928169178877
    ],
    [
        0.020332435923294326,
        0.0046638350362115675,
        0.02561944684096124,
        0.01383127294898452,
        0.0031543786422509553,
        0.006732470003245664,
        0.15697997009842932,
        0.0023532567149642525,
        0.5207871066987624,
        0.004571329396408105,
        0.005477140381948836,
        0.016410070540444997,
        0.04789013143582238,
        0.0055147104769292,
        0.021570581467590194,
        0.004421121738193067,
        0.00441367666678516,
        0.01080504913907085,
        0.12447201584970284
    ],
    [
        0.004185802288419321,
        0.02106524222634376,
        0.004668162611448905,
        0.18522514281851318,
        0.0025252230523819387,
        0.040466273411395956,
        0.014820304667580298,
        0.0015474754759465185,
        0.003973749506152628,
        0.010459023867291455,
        0.007328049137917153,
        0.011907597734119939,
        0.024215541847089007,
        0.0013909399797301823,
        0.03098633291288173,
        0.36962125712314814,
        0.005015356123566986,
        0.2429959186751318,
        0.017602606540941087
    ],
    [
        0.01953734480089762,
        0.06083319332975085,
        0.01911482510595027,
        0.16930081802612798,
        0.003555911625819828,
        0.4576296002984726,
        0.009528038916455215,
        0.0018103700913780724,
        0.005137432938854864,
        0.004052042056203981,
        0.008586354097684474,
        0.06031136826258037,
        0.04615785235412394,
        0.0019991519855164725,
        0.018248929121701094,
        0.02173671729628407,
        0.013668743838681417,
        0.05042494158896794,
        0.028366364264549096
    ],
    [
        0.008424426279405903,
        0.009818026876838363,
        0.09073728850479437,
        0.03329095845832083,
        0.0026847957243850066,
        0.05585294790742108,
        0.020329856033237628,
        0.00193864134626436,
        0.014633563094687267,
        0.0023647074014833515,
        0.014649161380554315,
        0.12681974288555448,
        0.43570355778828906,
        0.002662162267918409,
        0.02040318454231482,
        0.0046331842446128355,
        0.002298428899572293,
        0.027737200729196967,
        0.12501816563514861
    ],
    [
        0.00902167487713,
        0.0018728098758461747,
        0.0008686551342129083,
        0.005657445495051843,
        0.0010075620888855244,
        0.003017672638133521,
        0.0014854537014597452,
        0.0003102261291310022,
        0.0006759893534798535,
        0.0012950731457118862,
        0.0008815769157903275,
        0.001553962896612181,
        0.0016564669485943041,
        0.0005121450725254944,
        0.0020791623742246646,
        0.004333109303983746,
        0.9591447262346233,
        0.0030908552332269633,
        0.00153543258137652
    ],
    [
        0.0037607445607393502,
        0.0018539048899053204,
        0.011636455925615312,
        0.0051003101788138685,
        0.0014955411987116996,
        0.0036398596691214887,
        0.04341633765086511,
        0.0011092169558093667,
        0.8471731977798301,
        0.0024048166738150586,
        0.0022169572138609085,
        0.010276961493809767,
        0.017604007400227353,
        0.002729105851038431,
        0.006710765541956366,
        0.0014488912660300059,
        0.0012370119302805905,
        0.0044052493195444915,
        0.031780664500025216
    ],
    [
        0.00212331683279393,
        0.0011421745263453717,
        0.02061319799456034,
        0.006106405798832467,
        0.00025843697177415487,
        0.005506014195968044,
        0.006211593318596623,
        0.0001467220476894875,
        0.0031399846474702343,
        0.0003463470274132449,
        0.0018096069984450316,
        0.06067082841456723,
        0.8162633916584134,
        0.0002704508431479391,
        0.0038967918842533165,
        0.0006077158892615442,
        0.0003961084401259024,
        0.004392357376309787,
        0.06609855513403176
    ],
    [
        0.004334104677401169,
        0.8781445483152173,
        0.003539581112500289,
        0.024066100463064767,
        0.0027929222517573864,
        0.019578616322313017,
        0.004534047435071635,
        0.0012996069767374537,
        0.002084284300718159,
        0.0028694074239902162,
        0.0027682333443196172,
        0.008042702823270515,
        0.00825460748273724,
        0.0012683482866454254,
        0.004276291856669879,
        0.009647181179349637,
        0.004527026066104847,
        0.011981655036261538,
        0.005990734645870399
    ],
    [
        0.01184626524124189,
        0.0009085967489096514,
        0.0007391816106930828,
        0.002807062099193338,
        0.0008842697870107052,
        0.0015922756486622719,
        0.0016194046010038177,
        0.0002130588310113347,
        0.0006886465598440105,
        0.001225577660403727,
        0.000863897033706923,
        0.0012833568839343927,
        0.0013518287780381272,
        0.0005399866221531287,
        0.001753696981176252,
        0.001683469887599591,
        0.9667484121521874,
        0.00204387125393278,
        0.001207141619297408
    ],
    [
        0.0035557658399945876,
        0.014715652771974598,
        0.009564314232636558,
        0.10903081308643864,
        0.0038701241004423692,
        0.09528930881005145,
        0.018809536652454262,
        0.002158341856379636,
        0.005304935847129441,
        0.00778909129772451,
        0.02497551927526475,
        0.03299562143223235,
        0.07063761754046582,
        0.0022503163632754605,
        0.04117888150920617,
        0.029511897055749265,
        0.0026562835868211873,
        0.49790204471297583,
        0.027803934028783103
    ],
    [
        0.003016803963167158,
        0.0022935669784347637,
        0.011034490803001064,
        0.01674554745249325,
        0.00040565922764912264,
        0.007830900062487288,
        0.011966280802310934,
        0.00024768114070857866,
        0.0034651397567322514,
        0.0006923175175682116,
        0.0037220121078415905,
        0.019800694841195635,
        0.784210194266608,
        0.000381414252565986,
        0.014407842123104316,
        0.001924247448780671,
        0.0007489671616691939,
        0.01566344007497733,
        0.10144280001870452
    ],
    [
        0.003025969044689283,
        0.0020063436614518237,
        0.021551808780927502,
        0.007216431663867873,
        0.0004156949514491612,
        0.02656198627063463,
        0.002691741250540787,
        0.00018080456303243265,
        0.0018294824899410655,
        0.0005357540103270622,
        0.0029474962963720592,
        0.8737727575138152,
        0.03611535158864302,
        0.00035370692781860446,
        0.003778672029007693,
        0.000812097795083045,
        0.0008487482165335732,
        0.005620755578914789,
        0.009734397366950405
    ],
    [
        0.016849732733739006,
        0.00903552774500554,
        0.3571094112419632,
        0.022855168721339348,
        0.0025550261869501643,
        0.03747672364536175,
        0.012383293406138649,
        0.001963064839144793,
        0.015924129666439912,
        0.002745043733643954,
        0.0284604428487105,
        0.061711880306502286,
        0.15148510472990884,
        0.002642033728477655,
        0.13616702030035316,
        0.00680948900563096,
        0.0049900399025901545,
        0.029161636191079768,
        0.09967523106702032
    ],
    [
        0.008665015744040749,
        0.006055431291926417,
        0.010862097285116303,
        0.012426950208107876,
        0.0806729915253019,
        0.008817973509720951,
        0.03448300641490012,
        0.17241646719072418,
        0.03576864568615139,
        0.011606435755488913,
        0.009325835632606935,
        0.010544176204478334,
        0.016297761679296627,
        0.5242402085821294,
        0.012982926756046769,
        0.007260742428737425,
        0.005187040400963035,
        0.01224000926477934,
        0.020146284439483277
    ],
    [
        0.02698067299495238,
        0.013026563699195045,
        0.02153720251740022,
        0.04045203471975461,
        0.09171823985707432,
        0.01863869897430396,
        0.2728300160107039,
        0.01443785460480721,
        0.0706926021498531,
        0.03349124595298448,
        0.02229027369851978,
        0.03286269688477732,
        0.04931604248668415,
        0.13439113265900676,
        0.03129524444815521,
        0.017204632404429262,
        0.014142666757982727,
        0.03706728778807855,
        0.05762489139133695
    ],
    [
        0.00514581294618429,
        0.0026222320091118666,
        0.058899352140184116,
        0.010005953753455954,
        0.0011574632181123264,
        0.015378806623116347,
        0.015720384562803755,
        0.0004694408811622286,
        0.014916559113421185,
        0.0016237540496701617,
        0.005617176366012486,
        0.7127731987077025,
        0.09387544948628916,
        0.0012843920789178018,
        0.009865847647828909,
        0.0013636499796817138,
        0.0013926226082274244,
        0.009524830575409897,
        0.03836307325270793
    ],
    [
        0.005065353650840035,
        0.00259289871528178,
        0.019006469095532448,
        0.006552330899998694,
        0.005007568144679398,
        0.0052055188468163975,
        0.05073989962019403,
        0.005426779463344153,
        0.7814725930788649,
        0.004146864086674334,
        0.0054743651500698655,
        0.012187037286067669,
        0.022655742800947485,
        0.01618898859719383,
        0.0106450690927062,
        0.0024363013471046502,
        0.001777535653002491,
        0.00668204579936815,
        0.0367366386713136
    ],
    [
        0.035088984216373006,
        0.011839759307826703,
        0.04311089324535646,
        0.034622265220778464,
        0.02295210489887578,
        0.019902986374557355,
        0.10355292069775415,
        0.10610421933417673,
        0.16690174487147416,
        0.023395682994112044,
        0.03144508026943585,
        0.024478750522026763,
        0.05703817954039454,
        0.05634169060724654,
        0.06686489502807003,
        0.03765259289069489,
        0.016317321814024142,
        0.03516970069380107,
        0.1072202274730213
    ],
    [
        0.0018087455471710698,
        0.00293204739745435,
        0.0028670225677038725,
        0.03202135623874568,
        0.0008794592188766916,
        0.8875555668777649,
        0.001829595776131681,
        0.00029177584043736985,
        0.0009211013578698117,
        0.0010227320354723715,
        0.0022599838971686438,
        0.015749106505961386,
        0.009051285143952903,
        0.00043430841006194073,
        0.00663439532155686,
        0.002921542653165521,
        0.0017418410743398392,
        0.024742942933951285,
        0.00433519120221376
    ],
    [
        0.00029874780786297723,
        0.000268824942701903,
        0.00031758449677902556,
        0.0005041073483215452,
        0.0011209165214960376,
        0.0003125767671696533,
        0.0006852641057068677,
        0.990496948115755,
        0.0006302713382557052,
        0.00028375462563638964,
        0.0002716379362967883,
        0.00026523869195439894,
        0.0004894922202425345,
        0.001805618652591699,
        0.00043783458965721824,
        0.0004992033632255627,
        0.00019757180902945656,
        0.00043105501889111633,
        0.0006833516484260846
    ],
    [
        0.0006307006235225288,
        0.00099619374042785,
        0.0005784137758612216,
        0.002502235729050016,
        0.0017557656917315148,
        0.0016682853582120306,
        0.004739742591832925,
        0.0003677469878640002,
        0.0012414545407337496,
        0.9685286743867834,
        0.0015961718522737275,
        0.001580097133775691,
        0.0014974587950338939,
        0.001006305401374877,
        0.0021527723340899934,
        0.002162468377066276,
        0.001111742832409683,
        0.0047541521047057556,
        0.0011296177432510285
    ],
    [
        0.015111643397662002,
        0.050275196979286535,
        0.0076291611569675325,
        0.09438552924029647,
        0.010560625749830778,
        0.0321327290309334,
        0.022560640998491494,
        0.008463068066175446,
        0.0076521568897490325,
        0.022682472300705546,
        0.010456675598239097,
        0.014272307610770916,
        0.020484141132671926,
        0.005394181286871273,
        0.017049880511323803,
        0.5659098107085984,
        0.024442973621396816,
        0.05074583498318916,
        0.01979097073684041
    ],
    [
        0.006915495247815946,
        0.0017535592113787717,
        0.8483362165470208,
        0.004172377383136218,
        0.0005711796998823022,
        0.007100785924993687,
        0.0036315656774743446,
        0.0003816989128075596,
        0.006460928203265827,
        0.000585324397573547,
        0.0038261466058840464,
        0.043838693268194055,
        0.0341180558070769,
        0.000696650430756643,
        0.0068549965363670735,
        0.0009210556683063971,
        0.001147235279700864,
        0.003572535397812928,
        0.025115499800551774
    ],
    [
        0.011292725676906786,
        0.041708291980143995,
        0.04960983043012705,
        0.07583673348869256,
        0.008558550853616197,
        0.23583494696601676,
        0.03057557077908271,
        0.004332150475379233,
        0.023911576561956787,
        0.009776419241909074,
        0.01659961612455773,
        0.19325724909842748,
        0.11833549013889702,
        0.006200172397334929,
        0.030612696980487113,
        0.011532292168936217,
        0.006271209410349836,
        0.062303476852853486,
        0.0634510003743251
    ],
    [
        0.0011734391980092601,
        0.0006716211496646654,
        0.010915382340679923,
        0.002793455243150205,
        0.0002478475814816016,
        0.005608239085196002,
        0.002281564691327512,
        9.55338024053234e-05,
        0.0016447002273926013,
        0.00031640608026144417,
        0.0013117141806008037,
        0.941420104671588,
        0.019824970761632973,
        0.00023844352767255956,
        0.0019260555920340798,
        0.00032651405342353727,
        0.00032965723510932797,
        0.0024291784774838026,
        0.006445172100886373
    ],
    [
        0.0818098803336662,
        0.009393471524305945,
        0.013856156499872855,
        0.04016818433706581,
        0.02522815231999633,
        0.02311047484563695,
        0.03591720975677635,
        0.00831729631394398,
        0.019382817860811075,
        0.03832571115096383,
        0.019566146840821537,
        0.018491537627568097,
        0.023073538504430224,
        0.020060517832517038,
        0.04859440708015939,
        0.043606464685666396,
        0.46765356603404795,
        0.03843469838048019,
        0.02500976807126983
    ],
    [
        0.02831095195153019,
        0.0224539809812352,
        0.03249332043067396,
        0.04639972938693345,
        0.17894099411987657,
        0.03936843811873816,
        0.03922621241791932,
        0.10055205389824148,
        0.03151898498105255,
        0.018661007105723007,
        0.03519337983691716,
        0.030017035607308656,
        0.0494852311220517,
        0.12985061958803168,
        0.06837529498941694,
        0.02641694494235128,
        0.021257680575860863,
        0.05188655763410791,
        0.049591582312029835
    ],
    [
        0.013249673473191873,
        0.018923190550220927,
        0.04204087749899985,
        0.0709316361999449,
        0.0023076839431958574,
        0.3603935462872557,
        0.009498023717537845,
        0.001050762260560809,
        0.005975763824066468,
        0.0036530449687561272,
        0.018759980401064184,
        0.14211647460571075,
        0.097274707003075,
        0.0015575052964771205,
        0.07283229091161911,
        0.010723075372049737,
        0.007880648255309193,
        0.08437887640497675,
        0.03645223902598776
    ],
    [
        0.006417705100104643,
        0.012683597139889688,
        0.006062631067349961,
        0.14762978152834372,
        0.002745998953608078,
        0.1841617455278198,
        0.014999281122144515,
        0.0006555494740726689,
        0.003645364204407546,
        0.010047073943673001,
        0.010896048649990213,
        0.0468852206898132,
        0.03612357656708003,
        0.0013605605679367775,
        0.035483397659906206,
        0.012278736586521687,
        0.008325509332361905,
        0.44651697047042066,
        0.013081251414555805
    ],
    [
        0.002791579383100875,
        0.0015152189941376624,
        0.0022361024254626436,
        0.005447548847930718,
        0.001685562219369336,
        0.002230407947616044,
        0.9242003881825789,
        0.0005543120552494029,
        0.014563233300692296,
        0.005188576777258556,
        0.002155445730686309,
        0.004657374136760221,
        0.009231700148528792,
        0.0021258517905096766,
        0.004192873076546436,
        0.0016265594989272418,
        0.0013124909932695004,
        0.005623021972726893,
        0.008661752518648693
    ],
    [
        0.013720290115216928,
        0.005876486893221833,
        0.09410447560392364,
        0.01722911277878283,
        0.0030724387773768884,
        0.01454500933674154,
        0.039401468769585085,
        0.0021774118831745615,
        0.032455709504850196,
        0.005216692595764042,
        0.11973667364122946,
        0.037290872411512056,
        0.16106646748650252,
        0.004061890102439221,
        0.3033452214895392,
        0.0076590695468742144,
        0.004353672580435643,
        0.03664356695574843,
        0.0980434695270817
    ],
    [
        0.4567831149723668,
        0.006251499756913773,
        0.010962709638644975,
        0.025326417690949506,
        0.004408911177650266,
        0.01419374616238917,
        0.013086566326674955,
        0.0014908437172657532,
        0.006465406941415484,
        0.004508215919071769,
        0.00962421292503291,
        0.012857381191064334,
        0.019452134683783706,
        0.003370454593160521,
        0.029574142040721507,
        0.011384962227223053,
        0.33339699740378614,
        0.01910950627653013,
        0.01775277635535536
    ],
    [
        0.023171405263033226,
        0.012667588759484871,
        0.024798865035946156,
        0.03632232373518194,
        0.025990968298179196,
        0.03558923657462043,
        0.07187660549723696,
        0.006146059453431299,
        0.029290200281702317,
        0.17344767149118268,
        0.18211112091824244,
        0.053352572859081765,
        0.04534010424127984,
        0.023244162637816534,
        0.08635169902319616,
        0.025835529450768682,
        0.029071720077503513,
        0.08627258196289424,
        0.0291195844392178
    ],
    [
        0.0020574672018513875,
        0.0006339585403680045,
        0.01047693299646865,
        0.0029611468225750216,
        0.0002140759829467089,
        0.0014755780511121822,
        0.0034111771337956716,
        0.00019765644986234108,
        0.004418007690831324,
        0.00018800907702146922,
        0.0006231747678908491,
        0.003025182862807416,
        0.03194602026152957,
        0.00026371674494124665,
        0.0037089242121472977,
        0.000532673260416642,
        0.0003110267999307788,
        0.0016631807958501002,
        0.9318920903476533
    ],
    [
        0.017620221899020422,
        0.019066429392637873,
        0.026442558465073745,
        0.23112029489357164,
        0.006242792472539254,
        0.08729879213160836,
        0.05159985849125308,
        0.004081304812619972,
        0.015273918601936113,
        0.005078970329627982,
        0.011041673438149333,
        0.07636687747646069,
        0.1961450240611207,
        0.004780971164624565,
        0.01845048131767491,
        0.017463004472867073,
        0.005521786788436453,
        0.05756324181057776,
        0.1488417979802001
    ],
    [
        0.0047291011147562794,
        0.001187665084846517,
        0.8794809374206332,
        0.003129055473149947,
        0.0005689567590496459,
        0.0038361963776758104,
        0.003174657608362834,
        0.0005938742221170218,
        0.00614384532794893,
        0.0004244368800552034,
        0.0040627664623921885,
        0.012284611786798415,
        0.030687075977600904,
        0.0008190522371585551,
        0.006580331346208094,
        0.0009083067491492063,
        0.0007355366410746286,
        0.002786927084603722,
        0.03786666544641909
    ],
    [
        0.01838146112183376,
        0.004245730995170933,
        0.6924968199321245,
        0.010154643778018542,
        0.0014294653109792673,
        0.015712205890739607,
        0.00694264205806211,
        0.0009306529386492475,
        0.007860484903295367,
        0.001318120469663392,
        0.019719279712768302,
        0.06414293722023746,
        0.07404242377637076,
        0.001604167425243563,
        0.02212829343637517,
        0.002765573610439257,
        0.0030737703838761028,
        0.010300996368974316,
        0.04275033066717832
    ],
    [
        0.015281131816982534,
        0.006701298584873072,
        0.08150293955563857,
        0.017154358960799317,
        0.004494495285448973,
        0.014762471164116591,
        0.029385808933024015,
        0.0028588139164084205,
        0.03496766303040848,
        0.00486221523045963,
        0.04558569446090443,
        0.027480998750925113,
        0.10081169774565858,
        0.005771010799474983,
        0.4760641831266292,
        0.00720181546841873,
        0.005362985362550549,
        0.03136361095757554,
        0.08838680684970335
    ],
    [
        0.02015115680757541,
        0.014339809695857662,
        0.030731816683660314,
        0.02886802366340814,
        0.010509753108780917,
        0.03191687725524841,
        0.026948502881999504,
        0.005653390454268284,
        0.01608994646919165,
        0.025082415587321848,
        0.3647995878795194,
        0.033575095250650534,
        0.04628957361701819,
        0.009362592687346632,
        0.18065592789826096,
        0.028987835500967188,
        0.02004949574035434,
        0.0773538585494122,
        0.02863434026915843
    ],
    [
        0.017679667647094503,
        0.04534348869639508,
        0.01612726964987783,
        0.19510910099400225,
        0.010240155772647584,
        0.26701331800480727,
        0.034551700874345274,
        0.0026026318459888152,
        0.012603061237519725,
        0.02372064260212393,
        0.010826755122671334,
        0.14486639563010986,
        0.047389623145554706,
        0.005120690785269017,
        0.01859744820377589,
        0.021107019172187373,
        0.019040332954993557,
        0.07833758201480691,
        0.02972311564582913
    ],
    [
        0.015619035561101589,
        0.005865785714831735,
        0.2992831978767288,
        0.02581827736089623,
        0.00237713773434829,
        0.034167382280567024,
        0.013206395762064045,
        0.002032408347561759,
        0.022357402415814454,
        0.002330260800636841,
        0.011902610518477373,
        0.054567723669736015,
        0.14918995176650277,
        0.002615752307320535,
        0.10589748494389334,
        0.006092807807790799,
        0.004221434228665384,
        0.023604824302227108,
        0.21885012660083586
    ],
    [
        0.11642773492825526,
        0.019158743744744324,
        0.015279297736008382,
        0.06320092452209349,
        0.030321892190991087,
        0.02402948638062082,
        0.05016020087511379,
        0.01910096042926609,
        0.02223461081570724,
        0.03125208154290292,
        0.017713896593114207,
        0.017889719083274556,
        0.029243879565192584,
        0.023144292199077203,
        0.03988360177112215,
        0.11764748959193241,
        0.28398230724616,
        0.04214456444315202,
        0.03718431634127145
    ],
    [
        0.0011726336077141977,
        0.0017986628792397356,
        0.0008217699609092441,
        0.005661770302970412,
        0.004757125920712846,
        0.0029221807028372354,
        0.008994173568137587,
        0.000880765290483199,
        0.0016518786634512417,
        0.9394913190442191,
        0.002590266544945794,
        0.002245431256526329,
        0.002457202656606008,
        0.0021163429683397853,
        0.0028709870822397916,
        0.006327548544630107,
        0.002178865563075371,
        0.009188545254659524,
        0.00187253018830237
    ],
    [
        0.009840022952087722,
        0.0028695361232515476,
        0.1056324380094626,
        0.009082917276206614,
        0.0027152922572215724,
        0.007691188385858894,
        0.07798598039301526,
        0.0016613293044581362,
        0.4524031028561808,
        0.0028647060847743415,
        0.01016362327885719,
        0.045793621552464144,
        0.10216233247454089,
        0.00555168074359756,
        0.01891135392425815,
        0.002199475582834382,
        0.0020270929874459205,
        0.00955576999074018,
        0.1308885358227441
    ],
    [
        0.008317461673247824,
        0.030723668365146832,
        0.02992113626639429,
        0.07321792598730512,
        0.008271868307126335,
        0.3343175015323902,
        0.021307581018615424,
        0.0034797136926911338,
        0.011177349015250542,
        0.009664970958935691,
        0.025251004574116654,
        0.20087132519368833,
        0.08318865444892654,
        0.005068256313126157,
        0.023493991402796715,
        0.012345872298719906,
        0.005328226589257113,
        0.07965947651368697,
        0.03439401584857824
    ],
    [
        0.00349712457870959,
        0.0062240208652114305,
        0.015300734392284526,
        0.019492978851411474,
        0.0015247382301965431,
        0.06223493155760869,
        0.009038600907450806,
        0.0004188764392342805,
        0.004057070230706606,
        0.0028092992787877025,
        0.011091859628257348,
        0.743711299271196,
        0.053156865515109245,
        0.0010479286045543832,
        0.015313858082020121,
        0.0023200931927320027,
        0.0019402202929735312,
        0.033410734053119624,
        0.013408766028436008
    ],
    [
        0.005875364243135574,
        0.005624667270801562,
        0.01383845609094114,
        0.03554985184520072,
        0.003893801528878163,
        0.03939637953798994,
        0.017560624528057844,
        0.001982908740691265,
        0.008012408135330929,
        0.007505273084888522,
        0.04894042603530491,
        0.021712970950604423,
        0.05931316795442877,
        0.0029351952796477427,
        0.49944053102773134,
        0.015615432021942254,
        0.0045421147609731195,
        0.17927166815109397,
        0.02898875881235781
    ],
    [
        0.007109890505559149,
        0.004476681464309277,
        0.010042206655868469,
        0.06978745807062649,
        0.0017066311592317538,
        0.04329027203566482,
        0.012204544656579294,
        0.0007915614937308217,
        0.004515370876452596,
        0.0045696177420800526,
        0.01635059599730897,
        0.023816680635867307,
        0.051673801820158516,
        0.0012037907632167055,
        0.44442563904211413,
        0.020030745280361605,
        0.005856604390836686,
        0.2503174738511222,
        0.027830433558911197
    ],
    [
        0.01691631506136607,
        0.012278370243771097,
        0.10213383451315425,
        0.024638499561373664,
        0.007398516420107533,
        0.036473719076393754,
        0.04213738259929559,
        0.00329004955671041,
        0.0254490519406991,
        0.01024494431004085,
        0.24330342751913833,
        0.20828248784685424,
        0.12035187894297121,
        0.008535565765062652,
        0.03667455628577632,
        0.00802290947540079,
        0.006271927020695293,
        0.0403453054624611,
        0.04725125839872778
    ],
    [
        0.010337801507967238,
        0.018898618390729354,
        0.018524125062243785,
        0.0569860236999089,
        0.001919781895084801,
        0.44838379809216516,
        0.007412814795997508,
        0.0006675694212608213,
        0.003536476943757468,
        0.002450493006578623,
        0.008451264399789774,
        0.2958725160431572,
        0.05365473165878718,
        0.0011808379611452625,
        0.011185457513267496,
        0.004789317940533703,
        0.005045251747227673,
        0.033327657381315885,
        0.017375462539082284
    ],
    [
        0.03336858732041754,
        0.05353111005002671,
        0.03577461915801068,
        0.13410271250644756,
        0.007630167424779211,
        0.3430078545216228,
        0.016077869933271184,
        0.0038347277594661102,
        0.010857848866052037,
        0.008352572216409386,
        0.013900816736634979,
        0.10473589660094194,
        0.05456547369189629,
        0.004530815017673015,
        0.026132211528339656,
        0.02824088748360963,
        0.026110739945991335,
        0.054255645971579766,
        0.04098944326683032
    ],
    [
        0.004091702860650058,
        0.00457269015701571,
        0.03489319170046882,
        0.04056764574357129,
        0.0010846404943333089,
        0.030529231683631548,
        0.012170506571919943,
        0.0009460115474930253,
        0.008127533872732884,
        0.001334044407219051,
        0.005547333257869265,
        0.04051950167896149,
        0.39096116438052786,
        0.0010095400276363868,
        0.02838134561780772,
        0.004992293961344894,
        0.0013069342820343811,
        0.02808609531733288,
        0.3608785924374495
    ],
    [
        0.0007476631397346178,
        0.00036715654852071414,
        0.001554250969959607,
        0.0021425075427228754,
        0.0003331472908358602,
        0.0016695490867283877,
        0.0017460576656062893,
        0.000172218187975807,
        0.0011245427437323629,
        0.000646353932959143,
        0.0027510518401596563,
        0.0015577757671207078,
        0.004043518837263882,
        0.00030537213246285757,
        0.969363126366626,
        0.0011759054426743877,
        0.0005558698307443933,
        0.00646565522945088,
        0.003278277444721661
    ],
    [
        0.006181426958215948,
        0.004720400688004836,
        0.015956677178100457,
        0.13891070556805113,
        0.001970362462237548,
        0.4043082173358563,
        0.010599232745918787,
        0.0008780760598039656,
        0.0045259706108165335,
        0.002254946552102611,
        0.008707990830179979,
        0.08535640689087548,
        0.13399881002106726,
        0.001333446173694343,
        0.03026776848170333,
        0.007114461959533702,
        0.0028906441974256777,
        0.09417883380686669,
        0.045845621479545386
    ],
    [
        0.015454739714824183,
        0.008904288055904177,
        0.013144563787257778,
        0.03376520198871711,
        0.026232247122252483,
        0.01893428929374195,
        0.5325483100591922,
        0.005180718170971635,
        0.07063590306532436,
        0.051335297975709696,
        0.012380179230354678,
        0.03666055911995718,
        0.03959019149630645,
        0.03190695636103847,
        0.018426342567966415,
        0.00908658669663888,
        0.009389618787855885,
        0.03141267400264437,
        0.035011332503341944
    ],
    [
        0.004071510885162264,
        0.026660066318585838,
        0.002879454373517933,
        0.6440434166411898,
        0.0032816189168516203,
        0.04915898376439234,
        0.010012340520004303,
        0.0015583051910796114,
        0.0023897680857502502,
        0.005084437982761711,
        0.0033963931201782902,
        0.008683202460288645,
        0.015407155121513928,
        0.0013548690128391435,
        0.008758447859706133,
        0.11468122362611198,
        0.004682130330561293,
        0.08248778473326976,
        0.011408891056235078
    ],
    [
        0.0055553902028220754,
        0.0347734716926831,
        0.008319575147511003,
        0.10209363467306032,
        0.009180437213275666,
        0.11479260154612575,
        0.03508684136719702,
        0.002215717904661084,
        0.007501197292303281,
        0.06488041484699296,
        0.026240593905622743,
        0.04942437184230573,
        0.04067667699120463,
        0.004052945138582835,
        0.031098093070711687,
        0.026991391043354598,
        0.006788592595133889,
        0.4132103959666904,
        0.01711765755976111
    ],
    [
        0.011618666545208874,
        0.028873003061277158,
        0.008969629536411108,
        0.3776649074209584,
        0.006860552176470106,
        0.06774808735643009,
        0.0911848828942385,
        0.0024450233929415263,
        0.011989634210137842,
        0.03531497383008518,
        0.009620948550429997,
        0.04657099014675462,
        0.04875952610842465,
        0.003885229712706429,
        0.018671888798993307,
        0.05426065810404038,
        0.010954327928332126,
        0.12953895337171473,
        0.03506811685444513
    ]
]