[
    [
        0.012203806038097028,
        0.6390105317460589,
        0.009513767632173455,
        0.013087378649364293,
        0.01410689569744699,
        0.011357678328184243,
        0.03298633055954669,
        0.022354987010540575,
        0.026719723436993584,
        0.029471065035983533,
        0.010394744710587126,
        0.016644126125728603,
        0.0059986263373894904,
        0.032671971582706454,
        0.08437416243571695,
        0.011769538623438604,
        0.01298266307491031,
        0.007593401185643541,
        0.006758601789489459
    ],
    [
        0.07154494438172472,
        0.005366521990596372,
        0.026877504725621264,
        0.02172321482488476,
        0.013936283071005025,
        0.07392934805010594,
        0.009981518395725003,
        0.01183058834840071,
        0.01680486351792003,
        0.006185919270885255,
        0.14370001449235525,
        0.055228595324662996,
        0.015684457921494133,
        0.013681167177491295,
        0.007248234243899477,
        0.05126710157454915,
        0.04344575074859457,
        0.2068932681235199,
        0.20467070381656416
    ],
    [
        0.07841430556096,
        0.022146646843749118,
        0.05483922995874302,
        0.032993489077160675,
        0.01792587877876401,
        0.11190272752489865,
        0.016639619705296767,
        0.027783797837027866,
        0.09294029426072005,
        0.02608962601495233,
        0.059800816213746895,
        0.22006792751691023,
        0.06136034203047049,
        0.02617213811971426,
        0.030404929365273198,
        0.028759957429743785,
        0.01830710871065717,
        0.04889958525611154,
        0.02455157979509997
    ],
    [
        0.013245827229597221,
        0.003528317658176854,
        0.010164846205330539,
        0.01037869122881917,
        0.0338460710240584,
        0.015446505881962818,
        0.0032093846137326437,
        0.008368523333810489,
        0.0035920454561554236,
        0.003570747580195402,
        0.06985068266480474,
        0.01869159824063109,
        0.0077994229017172775,
        0.004220202794770806,
        0.00234437693603217,
        0.027725026144491155,
        0.030819648408929756,
        0.17282014319415795,
        0.5603779385026261
    ],
    [
        0.04699023250649502,
        0.0043847219063164,
        0.032621515096304385,
        0.01867309748615397,
        0.020051986037552823,
        0.06076790926148649,
        0.005311983515752604,
        0.017100343459124156,
        0.00788434361422097,
        0.009216825242573423,
        0.10502488010863735,
        0.3016678968571139,
        0.15264706459768823,
        0.004708394405306771,
        0.004788037656554984,
        0.04183283963583316,
        0.01768502613850595,
        0.12388775094376296,
        0.024755151530616446
    ],
    [
        0.07553813675556671,
        0.003087992563901321,
        0.007803693945569164,
        0.023226772790675664,
        0.012065307249535546,
        0.038931182385809684,
        0.006219054679210072,
        0.00955504038694928,
        0.009881157515992054,
        0.007340643113085021,
        0.14256972219442396,
        0.13274654662619198,
        0.030160053096767538,
        0.007473183086690997,
        0.004871489147252919,
        0.26299918214078355,
        0.035375540910863264,
        0.16003174653957045,
        0.03012355487116081
    ],
    [
        0.005962653940244769,
        0.001839277204291049,
        0.0027312204215552013,
        0.006341852530393332,
        0.01250121396518639,
        0.010283829083352508,
        0.0012861442614636482,
        0.0026942412075352112,
        0.002281102240178102,
        0.0010471606686514336,
        0.8305912366197682,
        0.03787227394933097,
        0.001987274885813179,
        0.0013352844199383438,
        0.0010825453691916322,
        0.03885654958104246,
        0.0030670426273294122,
        0.021294669441980336,
        0.016944427582754117
    ],
    [
        0.8717480932089803,
        0.0003610765358340514,
        0.003616086861029447,
        0.0020368538897390844,
        0.0007102166234933999,
        0.04837139903810864,
        0.0012541722952582727,
        0.0036504552281357208,
        0.002010202252445704,
        0.0007097087236769842,
        0.0034772730992537653,
        0.022735631237086766,
        0.015218097411866123,
        0.0014749908404003912,
        0.0007226692590224924,
        0.00209239513812475,
        0.00872696079132055,
        0.00891337891472877,
        0.0021703386514943536
    ],
    [
        0.017059556439956804,
        0.0005165501513881085,
        0.0031031371716519237,
        0.0020604043669007876,
        0.0019036336756604437,
        0.03504385985477154,
        0.0005579719560657438,
        0.002579637247793995,
        0.0015436461124201395,
        0.0006093240133569983,
        0.026074365962154327,
        0.8678120883975236,
        0.005442595136785392,
        0.0007687825863595435,
        0.0005182853858093849,
        0.004266102425457577,
        0.002486539707824419,
        0.02338063418232357,
        0.004272885225795954
    ],
    [
        0.24777441331360744,
        0.0003671467850125964,
        0.006474762415965268,
        0.0019426127049977997,
        0.0008181515164576688,
        0.6633008281453269,
        0.0010754721746905707,
        0.004021236589749974,
        0.0018902511587690306,
        0.0004781243750343671,
        0.004908229226242937,
        0.03496588292728439,
        0.012331896425457083,
        0.0010307176888952187,
        0.0005322935600395026,
        0.0017149767257638045,
        0.0042010473765613145,
        0.00960741848665668,
        0.0025645384034874968
    ],
    [
        0.0036820420031799302,
        0.8794262504502295,
        0.0019462295708824874,
        0.004157531696883221,
        0.006430610237952292,
        0.003351597747416599,
        0.007921016530293801,
        0.0071589476016623525,
        0.011362691243569908,
        0.011367976663160967,
        0.003403912749127368,
        0.004685986034792751,
        0.001941427717938721,
        0.02429660882597774,
        0.01386336480468148,
        0.003918381866870561,
        0.005532813855277751,
        0.002887924303104013,
        0.0026646860969984807
    ],
    [
        0.008897245341119625,
        0.0032696803028827923,
        0.0019088498654205443,
        0.004317103650466349,
        0.0012932500431412375,
        0.006553008668949867,
        0.005640581474334321,
        0.0019587276820262215,
        0.8685906653603845,
        0.006228564055137514,
        0.003822743832773942,
        0.006336445711568972,
        0.0039272441632562495,
        0.05426837766041582,
        0.009445079748843458,
        0.003402472981127862,
        0.0032766347525164173,
        0.004327280192772452,
        0.0025360445128617425
    ],
    [
        0.00747515263343554,
        0.004676160833478037,
        0.0021982450266529135,
        0.0020612671733734244,
        0.001309952523988444,
        0.006048733384509967,
        0.002788732348232009,
        0.0025568159801252037,
        0.8927690593294756,
        0.007016712754831205,
        0.003077731344987013,
        0.007250668318501077,
        0.00411356873265889,
        0.033334909500794895,
        0.013100876118796016,
        0.0025010267427249115,
        0.0026955901021627994,
        0.003188198791898272,
        0.001836598359373659
    ],
    [
        0.11492702849584756,
        0.0035899656833675493,
        0.047241275927293165,
        0.015543814826361088,
        0.005828900509589792,
        0.4337162370810758,
        0.007392059532025481,
        0.011573696998452444,
        0.027879141317618462,
        0.004552088410035003,
        0.03914208087022573,
        0.10445895986777547,
        0.062238981087818654,
        0.009022593484590702,
        0.00481210551377067,
        0.010541075042632539,
        0.011968992991869067,
        0.06333473446696383,
        0.022236267892686918
    ],
    [
        0.31852847519142796,
        0.0021919990072292923,
        0.024387535864377682,
        0.005719960654547041,
        0.00422366436682344,
        0.33434929266870156,
        0.005483079912297956,
        0.07741064272573034,
        0.006282295631012109,
        0.002130403209633898,
        0.012512109200194379,
        0.12484030370436394,
        0.02726599121834998,
        0.0041125127890156874,
        0.0027555737376241496,
        0.006400908668709842,
        0.021095357260012253,
        0.014703691131716719,
        0.005606203058231769
    ],
    [
        0.1558334173401231,
        0.006227955372713594,
        0.02161799941181678,
        0.010755897798110928,
        0.010327942197451622,
        0.07710712861351586,
        0.009027771936289366,
        0.04229721312118966,
        0.027518453566886206,
        0.016646449483841808,
        0.02236694565920225,
        0.08056709123924569,
        0.32714456750074666,
        0.023696281420025656,
        0.009949018648096613,
        0.017040043740051313,
        0.07068660724788642,
        0.054345054938306304,
        0.016844160764500144
    ],
    [
        0.027673869250827973,
        0.010378910625795856,
        0.024830738749875434,
        0.16463709980437813,
        0.02832444704374606,
        0.04361018758267947,
        0.018194062037797176,
        0.012751694829634687,
        0.013548367982296949,
        0.009131429352696391,
        0.0650605663709333,
        0.03258839234628789,
        0.016920763349020606,
        0.013985809295680059,
        0.0059058706597128734,
        0.021880294624422637,
        0.02853441958579877,
        0.1654314710765338,
        0.2966116054318819
    ],
    [
        0.008087592547391656,
        0.0005983532358058481,
        0.0014508983938812477,
        0.001507690541750067,
        0.0017707948751958975,
        0.0032549756567654352,
        0.0015469161374266104,
        0.007486847951602788,
        0.0008122592938456806,
        0.0008788828071338154,
        0.002161538578829324,
        0.0030344241358089105,
        0.0022396217834696392,
        0.0016771617568199807,
        0.0007471186557625395,
        0.0029526640601142675,
        0.9523802256074106,
        0.004478250293246859,
        0.002933783687738712
    ],
    [
        0.0018553477264325405,
        0.002226465297797141,
        0.0007087028036780887,
        0.0010071580398514255,
        0.0004765570105220774,
        0.0009392522624139786,
        0.0033035193150333215,
        0.0009293982702661998,
        0.005421635476090971,
        0.015480923855439326,
        0.000792618979768199,
        0.0014139409561294732,
        0.0008795044975477401,
        0.010047039692730943,
        0.9499817657745804,
        0.0014602932655321098,
        0.0017439917174120701,
        0.0007931122883015094,
        0.0005387727704723813
    ],
    [
        0.021940783297599156,
        0.005653241082422834,
        0.06114384575573865,
        0.03071292242844526,
        0.04602210323881703,
        0.0351249544872165,
        0.005702654311937852,
        0.013575404937042826,
        0.00468398089959396,
        0.006577096191650649,
        0.1865069630537954,
        0.07349643852568592,
        0.019838932658674206,
        0.0039596350211608,
        0.003926457788059839,
        0.037497166129929656,
        0.02093528999519668,
        0.26118581898777515,
        0.1615163112092576
    ],
    [
        0.6717605332170687,
        0.001409984393003599,
        0.008921001514798754,
        0.01012726623879358,
        0.0030595543223259584,
        0.0981234549301075,
        0.007595385681927648,
        0.013197861393654486,
        0.006866126272736725,
        0.0021735797420084,
        0.014033781960286661,
        0.03532440250782278,
        0.019572180927215813,
        0.006366348948754134,
        0.002629014047253047,
        0.01071030527542194,
        0.050678250843042956,
        0.027230711489275274,
        0.010220256294502074
    ],
    [
        0.0329243782123977,
        0.00081122466832428,
        0.014726550178292764,
        0.0025401713556866008,
        0.0020128724953910396,
        0.8557173952894868,
        0.001303478425309183,
        0.006704964699673559,
        0.002367797094762827,
        0.0005355744790996867,
        0.010673488572294231,
        0.028343286906275904,
        0.004059115288164519,
        0.001436542389894341,
        0.0006284114652411596,
        0.0019325473169758325,
        0.005266179724543168,
        0.018781420850946178,
        0.00923460058724036
    ],
    [
        0.02373013971567602,
        0.004089773394649446,
        0.025216896510514727,
        0.015637321548903398,
        0.017605206669253165,
        0.053744134233402976,
        0.00440789207876585,
        0.008682802506315444,
        0.005381381290023914,
        0.0024475728938010907,
        0.535788312386216,
        0.08717183051313727,
        0.005843767736864689,
        0.0034136631644874123,
        0.003013683374314921,
        0.034080785474602276,
        0.010943372183521066,
        0.07809804892196591,
        0.08070341540358444
    ],
    [
        0.14977977672476755,
        0.005411447568952133,
        0.019120586272513177,
        0.038915163125673245,
        0.011450884807737363,
        0.2190655929677976,
        0.014473821616597302,
        0.014939617807419434,
        0.04059517732602487,
        0.006198127869749362,
        0.09461191698767167,
        0.09856512843189051,
        0.03463165694877896,
        0.018439059588319137,
        0.0068280649877761794,
        0.034261384691798846,
        0.026711976512982686,
        0.11455188047120052,
        0.051448735292349404
    ],
    [
        0.15506129579509967,
        0.0014179228499054503,
        0.022627751820498043,
        0.007395336648461031,
        0.002396749131813455,
        0.5906495929359709,
        0.0035940749243436217,
        0.0060162427726408,
        0.011982876191729372,
        0.001994223851794781,
        0.019045893251195073,
        0.07678142908886414,
        0.032836859071612205,
        0.0043618654074082715,
        0.0021937026306041293,
        0.005316084435243414,
        0.007623480977278879,
        0.03826770246410895,
        0.010436915751427748
    ],
    [
        0.003638179647510744,
        0.8594412838253346,
        0.003286852311125201,
        0.00878034967152452,
        0.010241227273496634,
        0.00397640979985279,
        0.006822541893808739,
        0.004100330590998619,
        0.010724178419608323,
        0.02391552135028439,
        0.006982598534474632,
        0.006790794478938667,
        0.0024133122781776796,
        0.01253913852432631,
        0.014483383537005469,
        0.006197868975271899,
        0.004445777784733018,
        0.005582333379204595,
        0.005637917724323417
    ],
    [
        0.01939476463060346,
        0.006863121417811675,
        0.009741718433731374,
        0.0154792164120049,
        0.044530168753484096,
        0.03297920318804575,
        0.004219148586308441,
        0.009781301490288906,
        0.010607614384913824,
        0.0036572502051132596,
        0.23519687195073863,
        0.037693387469569885,
        0.007257664076360765,
        0.007931028077477005,
        0.003594059298510886,
        0.04001189713566421,
        0.01584727463212747,
        0.11078165992011085,
        0.3844326499371346
    ],
    [
        0.011814522469524252,
        0.00013900224952615313,
        0.004251397509580021,
        0.0006828366611815833,
        0.0003999980436904768,
        0.9466334664861855,
        0.0002662637981116178,
        0.0014754674660895375,
        0.00041176171514830664,
        0.00012647497729966557,
        0.002632319425163174,
        0.021855582366127543,
        0.0020228709887985543,
        0.00022397029030762805,
        0.00013183453637052942,
        0.0004980075182391205,
        0.000919248451617165,
        0.004293056796806317,
        0.0012219182502325686
    ],
    [
        0.04810309220376685,
        0.006771675476096127,
        0.016687238336118647,
        0.020097445739991594,
        0.012034009737029963,
        0.06618073021201105,
        0.005635162491664955,
        0.01645210235421676,
        0.013080766861507139,
        0.006476779718501267,
        0.05728346436704467,
        0.6165533780167726,
        0.016607512744985058,
        0.006568641006971609,
        0.006128647950184609,
        0.02117698631665496,
        0.011895429587010033,
        0.038062147916630686,
        0.01420478896284137
    ],
    [
        0.006188346981095204,
        0.002020614603803786,
        0.005211321202058229,
        0.008789190876406774,
        0.012295046410144542,
        0.012605283643018824,
        0.0015490461569171586,
        0.0024784290584866655,
        0.0027644759753883696,
        0.0013149880764092362,
        0.2428313739319216,
        0.0163251059688075,
        0.002651103727175096,
        0.0019331845220347573,
        0.0011066440056069294,
        0.01289455474815413,
        0.004490732846110742,
        0.10688703752454629,
        0.5556635197419142
    ],
    [
        0.066400886245867,
        0.004269645482755352,
        0.007620736958349221,
        0.008668524911294533,
        0.00567617117351984,
        0.016943154777655275,
        0.018823787919699467,
        0.027799695185677223,
        0.00958606169390648,
        0.0081435681733837,
        0.009392108169350186,
        0.015372307848068166,
        0.011264903099763598,
        0.02617515914382446,
        0.012363622473974819,
        0.018089931939265037,
        0.7091073088203691,
        0.01440928035255386,
        0.00989314563072259
    ],
    [
        0.04934231153646103,
        0.0036957230413032244,
        0.04290087956404461,
        0.020082966897061447,
        0.010706327932578733,
        0.26146520201900925,
        0.005181871533886449,
        0.01091500528921706,
        0.0102518585597184,
        0.003010835920457744,
        0.16697643201124507,
        0.25058473337835496,
        0.01959590308296545,
        0.0042277037825381066,
        0.003250031095529162,
        0.017672814598914195,
        0.00866329301271577,
        0.0785139262761093,
        0.03296218046789011
    ],
    [
        0.09487236386492846,
        0.011870125930903239,
        0.043400304789061,
        0.03361316885043165,
        0.013939348420020384,
        0.06994106002354375,
        0.02430640609279101,
        0.02644382774796735,
        0.0493600242105436,
        0.04384827167371304,
        0.03712033579752786,
        0.07083744046752956,
        0.25005188328741806,
        0.03636067835564354,
        0.025555646782937102,
        0.029986927558350387,
        0.04162886810303741,
        0.06737195070431878,
        0.02949136733933384
    ],
    [
        0.11143422906058421,
        0.0031318336472162607,
        0.027202078564594768,
        0.014370183182789705,
        0.005962001369693002,
        0.14447061868899763,
        0.0074529330338782,
        0.025074606904692175,
        0.007324994037127261,
        0.0034084313465750885,
        0.028717862131372954,
        0.5369384667629461,
        0.024190564187063793,
        0.0038485358413322063,
        0.004303077017292213,
        0.014328013699128134,
        0.011623525902986872,
        0.019270712983852235,
        0.006947331637877263
    ],
    [
        0.003872361999205214,
        0.00726247698992813,
        0.003030956681224401,
        0.006018724334303702,
        0.86413636316896,
        0.005563663673300435,
        0.0022583838257424042,
        0.008818938510656515,
        0.0021261868627137997,
        0.0017767621669405626,
        0.020773189657175412,
        0.007279467646245687,
        0.002223377370517385,
        0.0025208878991560607,
        0.0014133816485740979,
        0.01183597705379671,
        0.008080569323678793,
        0.012114705076397716,
        0.0288936261114828
    ],
    [
        0.033543673212901644,
        0.011024407717144176,
        0.01124829524231334,
        0.02950931572406119,
        0.04905915175728203,
        0.02010010200596617,
        0.01766001058498865,
        0.025932595386601486,
        0.01027277631764482,
        0.014777718792943859,
        0.06033282578441874,
        0.035284367211103854,
        0.014226047769997899,
        0.014428754034962738,
        0.014859417847916162,
        0.46682692439031953,
        0.09073531104178494,
        0.04082701659820902,
        0.039351288579439744
    ],
    [
        0.0011046065151517136,
        0.0018529437547728006,
        0.000784100638253913,
        0.0017218292788634068,
        0.9665124564820157,
        0.0014840896359714474,
        0.0006124596380257651,
        0.003458117282706071,
        0.0005026283891575975,
        0.0005701129633979915,
        0.005119105353979501,
        0.0027885298929591004,
        0.0007836016837465344,
        0.0005385535724351754,
        0.0003873377069929573,
        0.003954248775376642,
        0.0020325369815821304,
        0.00268597093217633,
        0.0031067705224352015
    ],
    [
        0.025826556900158847,
        0.0023488910322190973,
        0.01397747581485702,
        0.006740459022551211,
        0.0120699842937326,
        0.07095962279635089,
        0.002320472530410739,
        0.007451488855055938,
        0.004671765964682728,
        0.0015600546834214195,
        0.5555450366209155,
        0.09106982152820008,
        0.0057982323952351054,
        0.0027264767818332048,
        0.0018134018582748684,
        0.023302020083660408,
        0.009455255417085117,
        0.09378273311039531,
        0.06858025031096006
    ],
    [
        0.08347763721754212,
        0.009639635132430753,
        0.09546505630950568,
        0.14406679123480468,
        0.012004017145680114,
        0.19087633785354827,
        0.03508312154927165,
        0.019142615846373154,
        0.029943595335509287,
        0.011054090824499992,
        0.04940707648201633,
        0.10609075747276663,
        0.04956482001832473,
        0.014517250366934605,
        0.010511251985974215,
        0.017051029388312097,
        0.018927745303444057,
        0.06940169417569118,
        0.033775476357370444
    ],
    [
        0.04252003413680456,
        0.0036303994002344292,
        0.01254799275439651,
        0.017118640378397994,
        0.02330271398874138,
        0.03749616310389722,
        0.005847270104024258,
        0.01760873854100739,
        0.006022197513712466,
        0.00402116502380079,
        0.059864454607206824,
        0.030057978536302828,
        0.014166717549955066,
        0.00807734526189483,
        0.003141733408204235,
        0.031998639789432584,
        0.12944618652217266,
        0.227869661919462,
        0.32526196746035196
    ],
    [
        0.030268012515934733,
        0.004616621163990948,
        0.02186913798756886,
        0.011384587198195347,
        0.03284420895226475,
        0.05627017928832001,
        0.004098693371856726,
        0.015157117867905273,
        0.006555553057302835,
        0.0030647146303548933,
        0.33954681635957806,
        0.06356397269600164,
        0.010125798826497464,
        0.004998667707040515,
        0.0032986051871606243,
        0.04413432069663099,
        0.021008033271857244,
        0.12667415715955802,
        0.20052080206198117
    ],
    [
        0.06935796316252903,
        0.002530583371925359,
        0.014610743307078176,
        0.007658586393851506,
        0.005145139896243035,
        0.03413028073157889,
        0.005010245209907571,
        0.0150452319253809,
        0.01008187826316391,
        0.008935229165922208,
        0.013217347375213856,
        0.03973010746105338,
        0.6865175497455432,
        0.0077802762883157454,
        0.005261365726069562,
        0.011790209898364979,
        0.02437551253662775,
        0.029505369063147668,
        0.009316380478083227
    ],
    [
        0.002191800690929471,
        0.0071734854789029,
        0.0010708833727258388,
        0.00183028321408601,
        0.0007855770368224962,
        0.001373846897129799,
        0.0062306859270772445,
        0.0013778316445807173,
        0.006803807513140655,
        0.020114443749628563,
        0.001242785713641381,
        0.002494439108772434,
        0.0010111223431193456,
        0.007352292059582986,
        0.9335234367565205,
        0.0019801736892581137,
        0.0017291258998195676,
        0.0010316020099072588,
        0.0006823768943545137
    ],
    [
        0.009077997238566286,
        0.02201292525459693,
        0.004170388528117663,
        0.008339720712178436,
        0.00457666544141542,
        0.0050562633871367255,
        0.02578824232892043,
        0.006634429809795876,
        0.017519157186610183,
        0.09729137278501658,
        0.005601551847163535,
        0.007795170613538004,
        0.004611324019325694,
        0.042798951282386075,
        0.7033913993940347,
        0.012614480858959509,
        0.013279509909289163,
        0.005259058846711244,
        0.004181390556237476
    ],
    [
        0.03529983832999301,
        0.01375674272697185,
        0.013543296908686941,
        0.03182180450630435,
        0.050706607403456117,
        0.02488802253669107,
        0.016410427840565754,
        0.036210015934374604,
        0.008258409358766471,
        0.012029725469959215,
        0.08545358254089698,
        0.09986087150068473,
        0.011469195074247299,
        0.008272998110092694,
        0.014042111396843983,
        0.44638351242072927,
        0.04241774081216721,
        0.029982593843713677,
        0.019192503284854764
    ],
    [
        0.022376165949011238,
        0.07490420590094367,
        0.024296598317841298,
        0.22743290907526717,
        0.1817192175627861,
        0.027467146464478273,
        0.051926373788583884,
        0.04129800872494939,
        0.01340996181244863,
        0.024884845819835064,
        0.05215114073013984,
        0.04126246437930937,
        0.01613966813840432,
        0.016316094147524874,
        0.015417279595289823,
        0.045108896716210205,
        0.03548175695959019,
        0.04144591530130662,
        0.046961350616080075
    ],
    [
        0.002243198183674833,
        0.0008793187001139586,
        0.002122936348535943,
        0.003628900024210879,
        0.01047153281607696,
        0.0036146746674748467,
        0.0006633578185158447,
        0.001378365608009327,
        0.0008459555433418565,
        0.000641785584502899,
        0.028992869385271583,
        0.0043560827667530775,
        0.0013327221206324933,
        0.0008060684075883467,
        0.0004469351405469069,
        0.005234531551674749,
        0.0029034051096169084,
        0.03988958217082443,
        0.8895477780526341
    ],
    [
        0.015255163833065973,
        0.0007741908320852794,
        0.006657650612272578,
        0.0030476739777237786,
        0.0020613419286326933,
        0.021287221743198106,
        0.0012992316120226317,
        0.005654548882078661,
        0.0022654654858872076,
        0.0015534682012072509,
        0.004866924918378423,
        0.01908484118066202,
        0.8920773923363389,
        0.0014172733285197849,
        0.00083654362504727,
        0.0022736992109921536,
        0.004230803962178684,
        0.012145805387193407,
        0.003210758942514809
    ],
    [
        0.007079580582678851,
        0.012734032416785859,
        0.005760678503401832,
        0.015219653443788271,
        0.7220397077452283,
        0.009089903907759432,
        0.004025552287157806,
        0.011224037818640592,
        0.004013125125425766,
        0.006112648515836179,
        0.05809805627688333,
        0.023350032796873345,
        0.006234004788510421,
        0.0036247004277506984,
        0.0035181954485719404,
        0.053082528564656846,
        0.009517379834121643,
        0.02258495209273577,
        0.022691229423192984
    ],
    [
        0.03257299723782082,
        0.005988641475903208,
        0.0069698550282181896,
        0.006434152215593668,
        0.01456818304084819,
        0.0203735281521059,
        0.010154499236236113,
        0.401952262439086,
        0.004522554780120372,
        0.002628797514475662,
        0.01033151886694229,
        0.016172744428231065,
        0.0047036980748261445,
        0.008896222016882198,
        0.003872061423137552,
        0.010999060962978514,
        0.4174633705893942,
        0.010911941350102816,
        0.010483911167096972
    ],
    [
        0.002954037510069453,
        0.899127285135633,
        0.003294881901156491,
        0.005908447249473306,
        0.01427703653494571,
        0.0034148722177429016,
        0.005832702003954918,
        0.005048052215638209,
        0.0052356431629091114,
        0.007484840708307646,
        0.006045794826449549,
        0.005041394498996184,
        0.0016528285430259032,
        0.0069414052695799065,
        0.00835986146906721,
        0.005339894819117472,
        0.004407895692423733,
        0.004183518000931889,
        0.005449608240577436
    ],
    [
        0.17264524747046153,
        0.009588947286748906,
        0.0387915940113873,
        0.02014735825561824,
        0.008602103011220863,
        0.26880991872654986,
        0.019851118474838555,
        0.03647248543382163,
        0.08783380834668408,
        0.0095549329797164,
        0.026823111993254163,
        0.12252546700783476,
        0.06348049185011903,
        0.025053127095461095,
        0.014033738066731777,
        0.013600000972026129,
        0.019754265570289097,
        0.028813548908533198,
        0.013618734538703412
    ],
    [
        0.02773276857204,
        0.017573743894257737,
        0.025978281015662946,
        0.01704108684869494,
        0.31839762395618415,
        0.04287616185252511,
        0.008502008835577538,
        0.13542389510843886,
        0.00830926567037636,
        0.007109791830508641,
        0.0491145850581308,
        0.04084426221628178,
        0.019103855859130138,
        0.01057250269493356,
        0.005045413212558649,
        0.02195521819134021,
        0.07541391138829051,
        0.07014804761747624,
        0.09885757617759187
    ],
    [
        0.030706862205604486,
        0.007514626986199989,
        0.020694605698817023,
        0.033570337284901254,
        0.018626452335048425,
        0.05606907029325355,
        0.006272643250931581,
        0.007627326904178843,
        0.02790526423472526,
        0.011801025976171985,
        0.2701521297487704,
        0.12228451845317827,
        0.03826851076344141,
        0.009790982918061379,
        0.007070282316359566,
        0.043626080461044534,
        0.010450516439916712,
        0.20708942364936006,
        0.07047934008003524
    ],
    [
        0.04196681962249149,
        0.0009593596521103224,
        0.01106820170739224,
        0.006416434229847374,
        0.0027109905803213933,
        0.7974138962591576,
        0.0021207978647478473,
        0.006494463870977493,
        0.0030703534862077456,
        0.0007845383089041771,
        0.015938424080634644,
        0.041000657918471385,
        0.008400718956384529,
        0.0018264944142940473,
        0.000742387486144891,
        0.002883573109920524,
        0.006380639222568302,
        0.03780451746593504,
        0.012016731763488872
    ],
    [
        0.049396228818005074,
        0.007628496225926205,
        0.16143260486646843,
        0.018340456958105426,
        0.014454412116890959,
        0.20241206438468548,
        0.006952676995752579,
        0.015283614364699915,
        0.01843822584337247,
        0.005210288545389028,
        0.09235291082657898,
        0.09472861046157573,
        0.020045280837011115,
        0.009263615624391907,
        0.0057099074778497174,
        0.013364400352934997,
        0.015547479801812616,
        0.1336349637130074,
        0.115803761785542
    ],
    [
        0.007917355493057802,
        0.0011582467680443947,
        0.9235148809809542,
        0.0021465203357028907,
        0.0018335101998037766,
        0.015359651567075248,
        0.001576274406529562,
        0.0048584319264842165,
        0.0015051357700996868,
        0.0010761870022989476,
        0.004827912157665702,
        0.010324595048058625,
        0.004501798519752169,
        0.001101211416284643,
        0.0012036480761886818,
        0.0016769425588292024,
        0.003634716998063561,
        0.00719431860320897,
        0.004588662171897921
    ],
    [
        0.011374491224744739,
        0.004367360439086669,
        0.0052347998172276615,
        0.003687749025132783,
        0.012968471955598167,
        0.013422949060531016,
        0.0037751177576618895,
        0.8726599403419101,
        0.0024563888588368843,
        0.0015865384264730855,
        0.00521638010285169,
        0.010238228120750615,
        0.004431845378677389,
        0.003524413120237769,
        0.0015524937223114934,
        0.003472697726513846,
        0.02838345590395151,
        0.006355636758320791,
        0.005291042259182023
    ],
    [
        0.02017915842244412,
        0.00883491150170176,
        0.02080571731947439,
        0.03152314648976103,
        0.35893945751588274,
        0.030043848074917768,
        0.00661987434824473,
        0.028670056623005268,
        0.00544818234923621,
        0.006131967704046872,
        0.12273291881603841,
        0.05320352794056797,
        0.016696867116236358,
        0.00511448070535295,
        0.00400059740399618,
        0.05135272178741175,
        0.02772453580774058,
        0.09435789677924028,
        0.10762013329470062
    ],
    [
        0.04344760626555689,
        0.0013693283512401363,
        0.04493829121591619,
        0.010838156361283404,
        0.004232913822386444,
        0.09758312192300977,
        0.0026999751740720726,
        0.005696374302371932,
        0.0038268755104718852,
        0.002297404457060132,
        0.03245152988335382,
        0.05200167194370534,
        0.036085353703135016,
        0.0027061019428588533,
        0.0015092210868453508,
        0.006325157772778077,
        0.012773894286548697,
        0.5896955960470526,
        0.04952142595035339
    ],
    [
        0.23460264676854498,
        0.009074476976294977,
        0.05125666317478635,
        0.012148658279357896,
        0.01002186769009362,
        0.1999995419187177,
        0.0208217508506529,
        0.15208467661665545,
        0.02830308127342995,
        0.0070545072163317795,
        0.022151075566139825,
        0.09415372564720306,
        0.03678608413615366,
        0.018287321198214482,
        0.013840132146510978,
        0.014935142580452001,
        0.04126190186140108,
        0.021249229493727324,
        0.011967516605332068
    ],
    [
        0.025266013887960247,
        0.0028170085850260894,
        0.005439431883382498,
        0.005778096446766364,
        0.007422962332680026,
        0.012626293470980408,
        0.006157309522784131,
        0.023726996513246466,
        0.004116530504476083,
        0.00390330118461409,
        0.008007946116259806,
        0.009979199219201368,
        0.009408452722207321,
        0.009386857445479976,
        0.0029972610704563593,
        0.00908387079806737,
        0.8212099221813516,
        0.018909723916965084,
        0.013762822198094733
    ],
    [
        0.02256469843047667,
        0.028791375119034613,
        0.019185221369958205,
        0.02127509977490857,
        0.30436666164439463,
        0.03347511546361261,
        0.009371295626134828,
        0.05134405128066443,
        0.012319690980239698,
        0.009260240908512749,
        0.05366080972802579,
        0.031459310526350696,
        0.01451455740085626,
        0.017339004068984407,
        0.006397889106825441,
        0.02377196254012964,
        0.05701217575191219,
        0.07868581534923484,
        0.2052050249297438
    ],
    [
        0.00689774725254444,
        0.0031777116526180123,
        0.007035447066924275,
        0.008357664153761497,
        0.025046460640141696,
        0.01257639220368228,
        0.0016136735564884538,
        0.0034138868803826306,
        0.003171736450507721,
        0.0023793743945625194,
        0.6123217019343613,
        0.034547396500047546,
        0.004188207939667334,
        0.0021031219875718345,
        0.0016344156900803782,
        0.024314743861727946,
        0.005116856841757811,
        0.12022782571970007,
        0.12187563527347221
    ],
    [
        0.29005105333741227,
        0.009787433750533541,
        0.05003556261307965,
        0.018265470898759944,
        0.009571173006541554,
        0.1545384945637091,
        0.03931922746332048,
        0.053012523168220374,
        0.046260370666111314,
        0.009536324269932337,
        0.03060712303081828,
        0.07541987462595283,
        0.02859646765616408,
        0.03192560468630339,
        0.02567189581896574,
        0.0250124724494981,
        0.055485745647677234,
        0.028668221633834434,
        0.018234960713165334
    ],
    [
        0.02716366596011742,
        0.07970963932426459,
        0.01570440012809185,
        0.03681725818034295,
        0.02409687894468414,
        0.02072235946082647,
        0.04611648192166166,
        0.018451044801865255,
        0.05670398714760884,
        0.16609881554006176,
        0.02682713996147273,
        0.02479318335407443,
        0.017118168626021356,
        0.19919050402930272,
        0.06879666323361049,
        0.030870291503292523,
        0.060532766048019805,
        0.04071639548975603,
        0.039570356344925034
    ],
    [
        0.0058726647916796425,
        0.0008821422111777836,
        0.0027005642496830268,
        0.00451265574474291,
        0.0061692938492951144,
        0.011354047154205123,
        0.0008005763883079605,
        0.0018317005366458457,
        0.0019862839632018067,
        0.0009854661095508245,
        0.0635856585878756,
        0.013859590573607382,
        0.0047520567206193005,
        0.0013833297796902308,
        0.0005723169156416455,
        0.006378484118993022,
        0.003907320000425856,
        0.7141134468634733,
        0.1543524014411836
    ],
    [
        0.04991684127604465,
        0.004337988219003072,
        0.02343364362317863,
        0.01732140810405762,
        0.009661651209608295,
        0.0767958933793962,
        0.005358547567680175,
        0.007766794712280905,
        0.021615985977548297,
        0.006046286852400284,
        0.08395078212930936,
        0.05307996422599605,
        0.02336391659841795,
        0.012627207017845988,
        0.004978689984209444,
        0.01875281103220035,
        0.01937702514094356,
        0.36609833794331487,
        0.19551622500656432
    ],
    [
        0.10139027330941866,
        0.002079298578322177,
        0.027818950723678616,
        0.010695561503735214,
        0.004113900845095559,
        0.445175790508821,
        0.004677600010914055,
        0.014059525098442306,
        0.009530916039320885,
        0.002907327094257054,
        0.016335251479015576,
        0.10299141006257524,
        0.18880367795865555,
        0.0044351861851763125,
        0.002218592317694818,
        0.005177585303691255,
        0.010103512818348998,
        0.03813377899218988,
        0.009351861170646727
    ],
    [
        0.010373835262680218,
        0.0014233172587577564,
        0.007668547345776807,
        0.012770691636668146,
        0.011950848746172481,
        0.014190812929102658,
        0.0017765119698422746,
        0.0033963886779233895,
        0.0020006199063407784,
        0.0021617712136571586,
        0.24546521451888995,
        0.036546850423649,
        0.008366098105820351,
        0.0015736233822115258,
        0.0012246150058759517,
        0.031586277914501394,
        0.0080274911937813,
        0.5094791533264201,
        0.09001733118192883
    ],
    [
        0.027899181476564908,
        0.0006720342521309431,
        0.008675813593892223,
        0.004903654287744062,
        0.001561342855227401,
        0.08335997853255542,
        0.0014383675960397213,
        0.0026470320256823114,
        0.0021305980802013825,
        0.0008351934678941143,
        0.02531235346966385,
        0.8052353115657988,
        0.006709198656945875,
        0.0009134397291542025,
        0.0008505334658799367,
        0.004807455788890542,
        0.0025135517931565423,
        0.016053906691936324,
        0.0034810526706412696
    ],
    [
        0.004787066283263008,
        0.001971224885306162,
        0.001121298278722225,
        0.004297667838931427,
        0.007919043324187101,
        0.0036390924253697186,
        0.0017252004204104554,
        0.0024073410663711875,
        0.0025237470723494604,
        0.0016118330922119339,
        0.03051182044381396,
        0.009898121750477017,
        0.001469704500000965,
        0.00224534127706289,
        0.001916634674942259,
        0.9043382879277762,
        0.004891488875049118,
        0.0069273084442569065,
        0.005797777419498047
    ],
    [
        0.04096910418297146,
        0.03241628178183072,
        0.032035829904437596,
        0.017378818469402584,
        0.07325721044804294,
        0.057729361681005086,
        0.020273899279614614,
        0.43585289474920785,
        0.013063122511012512,
        0.0063477156835835494,
        0.03386578213949478,
        0.04103479425637804,
        0.011035567534104933,
        0.017087388097063325,
        0.009549120856066644,
        0.02034545988384265,
        0.07473196144923655,
        0.027002158577930514,
        0.03602352851477364
    ],
    [
        0.016509430778712652,
        0.0020220892296657776,
        0.8656673764024654,
        0.005553021944397753,
        0.0025812740477141748,
        0.027027147480198757,
        0.0046905766285911385,
        0.009970046822364772,
        0.0026622213569261035,
        0.0021253994833052136,
        0.0063110433072208205,
        0.0189178009562846,
        0.00933751443293511,
        0.0019586260216872585,
        0.002498785852606808,
        0.00276782431339227,
        0.006044195439775104,
        0.008533260378708975,
        0.004822365123047097
    ],
    [
        0.011784851820343232,
        0.00847873264498698,
        0.00882418189922886,
        0.7229549409480802,
        0.01649879646039311,
        0.010621579768751723,
        0.0280916873694882,
        0.006713639586227914,
        0.005785783128963919,
        0.014509666319318885,
        0.02605343251038565,
        0.017557991041350793,
        0.007800463544046099,
        0.006862151166030725,
        0.007452542251897653,
        0.03377400696786617,
        0.015713277554478166,
        0.02737194902276139,
        0.023150325995400303
    ],
    [
        0.016069372892999534,
        0.002162217665197312,
        0.8288204059031977,
        0.00879431454793088,
        0.0026131054480187928,
        0.03699925194533587,
        0.004386489734372803,
        0.00529827848809717,
        0.004259391688160902,
        0.003024368974626177,
        0.00890603859943256,
        0.024671264692196628,
        0.017902255914085105,
        0.0023955512623374544,
        0.002545819269932268,
        0.0028880440933635905,
        0.004589271173616121,
        0.016424418509270476,
        0.0072501391978289035
    ],
    [
        0.03645341142316328,
        0.05426997970970582,
        0.0297272107023157,
        0.02265664775976776,
        0.013168268973255612,
        0.02312879223017885,
        0.10696602837057967,
        0.033589561341403076,
        0.03889483754529868,
        0.05662532746528015,
        0.016538710924955513,
        0.025227086932321684,
        0.014242194004879492,
        0.07577698265563237,
        0.3497224443721563,
        0.02232307154215092,
        0.04900198513792208,
        0.016673372757095795,
        0.015014086151937243
    ],
    [
        0.028162008178290256,
        0.04773311121948565,
        0.009980911769085691,
        0.015526896563544652,
        0.016434746619219946,
        0.028193604896852527,
        0.016682427189637465,
        0.01580193129930514,
        0.41224183264579023,
        0.024932539823098756,
        0.025564484748195886,
        0.02880327298655747,
        0.013941775853818377,
        0.19601972009107554,
        0.03287198364340463,
        0.020377045885817284,
        0.02053527952478822,
        0.024726892344596622,
        0.021469534717435776
    ],
    [
        0.011688195072584827,
        0.0006618389513613273,
        0.005671865181823954,
        0.005855117419531484,
        0.002699093445676621,
        0.014520178544532714,
        0.0012423446539176967,
        0.0020115198472889766,
        0.0016723616215966095,
        0.0011974022911552169,
        0.02166687743256713,
        0.01284061936097686,
        0.008107685507866726,
        0.0014390013263954008,
        0.0007092198501716361,
        0.005352085224353996,
        0.007978832646686768,
        0.8331866948464585,
        0.061499066775053644
    ],
    [
        0.001311977696543526,
        0.0030002689998003475,
        0.0009113830155494503,
        0.0017623554248196221,
        0.9577407437654897,
        0.001730816501860838,
        0.0006382421649742866,
        0.0036994795192219782,
        0.0007160461000898428,
        0.0007399571305495455,
        0.006891170142530072,
        0.0034223909054428066,
        0.000834738970901496,
        0.0007790070026357758,
        0.0005477578915271215,
        0.005144190352077769,
        0.002309241914153787,
        0.0032679506493945806,
        0.004552281852437522
    ],
    [
        0.009246480971401832,
        0.010111223094489636,
        0.002378716966386031,
        0.0052622858466455525,
        0.0034847183378770123,
        0.005953862223609149,
        0.009995724028571904,
        0.005672053179980921,
        0.04472006858729377,
        0.010896092267439266,
        0.004228734773261139,
        0.005252607443753408,
        0.004049996242851037,
        0.8352832902359738,
        0.013083285031957416,
        0.005027444936076201,
        0.014276699953068487,
        0.0058388835353337465,
        0.005237832344029547
    ],
    [
        0.0751448953936057,
        0.018001849329059356,
        0.021952703105996618,
        0.149654773897128,
        0.021299206546956467,
        0.06818324879428238,
        0.07042201201892109,
        0.020239644978242842,
        0.07388621186292814,
        0.020814921696010437,
        0.06905860973289789,
        0.057145272063438744,
        0.028022241699462585,
        0.055852109855601316,
        0.024999459811616904,
        0.061165675480628526,
        0.04053989603898833,
        0.067663403660185,
        0.05595386403404962
    ],
    [
        0.040804967157874836,
        0.002878926990565953,
        0.028304386424934286,
        0.010023187605997736,
        0.01453718523251682,
        0.08784588901178401,
        0.0030167337258486643,
        0.013649243851580098,
        0.005398498315573364,
        0.003967808138023734,
        0.11657496077926466,
        0.35367461279665663,
        0.05680781383930435,
        0.0032189493759290063,
        0.0024446951876071206,
        0.01944840573146953,
        0.013871655736572376,
        0.19541395312052562,
        0.028118126977971118
    ],
    [
        0.03265159754609629,
        0.010186800684422974,
        0.1726253260559297,
        0.02754764900020975,
        0.021826096055893196,
        0.05682712975673941,
        0.010633431040722023,
        0.015069955162261638,
        0.012413870526040994,
        0.009120733381850994,
        0.07320825448267125,
        0.04373045379705673,
        0.018412479474867464,
        0.010625162325668314,
        0.008150734275170301,
        0.01921260855511708,
        0.02708495191848797,
        0.15208101322472647,
        0.27859175273606746
    ],
    [
        0.05144456806769144,
        0.0039025705996826644,
        0.021059792905555853,
        0.014858028490739049,
        0.006758983405214886,
        0.04663306689750269,
        0.0059948131144754585,
        0.011490793674458339,
        0.013750825431529607,
        0.014697984798341735,
        0.026534131042215105,
        0.17706151818216423,
        0.5191522891815903,
        0.0061771443753396195,
        0.006951105185364632,
        0.017019471842556214,
        0.010982194209357095,
        0.03669375947105361,
        0.008836959125167498
    ],
    [
        0.0010724547711333898,
        0.00040854715681335526,
        0.000737618303952291,
        0.9830389911823479,
        0.0005765996584266387,
        0.0013015130903123533,
        0.0022715016258522927,
        0.0004198467290384552,
        0.0004928476737755539,
        0.0005201012700902921,
        0.0016355843589126358,
        0.0018608849603892123,
        0.0006233596437187957,
        0.0003873257039566555,
        0.00034321407719310244,
        0.0010076417751612148,
        0.0006282469336706491,
        0.0017057103164037266,
        0.000968010768851068
    ],
    [
        0.04539490494613329,
        0.021986998676710792,
        0.03973109781867222,
        0.02738544596350729,
        0.05286770327571281,
        0.05463965215095578,
        0.011684299178830597,
        0.02679814239556993,
        0.02915581094055388,
        0.027437889400147908,
        0.14451961921241457,
        0.09787512654126276,
        0.04657920546267632,
        0.021697227492294354,
        0.01839169303906458,
        0.07461448554671898,
        0.034758483335395794,
        0.1285759680767361,
        0.09590624654664207
    ],
    [
        0.04862019854313106,
        0.003072558575709408,
        0.005218100485304688,
        0.006978524590245498,
        0.005793944884327715,
        0.01802242758830683,
        0.01574443891946695,
        0.060520389590717524,
        0.0046380129419059885,
        0.0024614716348308543,
        0.007546451003863673,
        0.011823443394461822,
        0.005111194123090491,
        0.01006772682346258,
        0.003814394677268366,
        0.010352774256597315,
        0.763153984263601,
        0.009443443038317591,
        0.007616520665390571
    ],
    [
        0.2211669749142546,
        0.013325406687490049,
        0.028832818475581105,
        0.01674097113872673,
        0.010944363072707469,
        0.06658097928590051,
        0.051796128820363205,
        0.08860289042903055,
        0.0459165159385726,
        0.015634017506825644,
        0.02132839611730622,
        0.04828366387466789,
        0.026020805236503446,
        0.07125447982163738,
        0.05182387986364233,
        0.028619667058423053,
        0.15327514066918602,
        0.023345235636064537,
        0.01650766545311663
    ],
    [
        0.00017139165756713623,
        0.0003650385041910472,
        0.00010506136315782117,
        0.00027867218350817815,
        0.00010310579143546447,
        0.00011821540105293457,
        0.0003165072158797179,
        0.00010168703303379195,
        0.0004005620285560499,
        0.994849733902123,
        0.00013811678764623836,
        0.00021478864435410565,
        0.00021883030905291555,
        0.0004772558330866984,
        0.00149220028308106,
        0.00021124337879649922,
        0.00017298314931857365,
        0.00016604793759171106,
        9.855859656651387e-05
    ],
    [
        0.8598485847127699,
        0.0008124821655197135,
        0.004724577943720662,
        0.0032751518449917003,
        0.0011100087462283393,
        0.03454768389017683,
        0.004783013765932496,
        0.007700538347607123,
        0.00504650049461799,
        0.0016134587327114663,
        0.004500125460532518,
        0.025580472669595036,
        0.01274664037870166,
        0.003660763224492625,
        0.0025658868202542303,
        0.004725381242742079,
        0.014753128503183657,
        0.005908574780667422,
        0.002097026275554511
    ],
    [
        0.04323543687656337,
        0.00814708786613467,
        0.012079365787780766,
        0.09627996624038834,
        0.006113844281204642,
        0.023856190555805044,
        0.6098842744701425,
        0.019777328880337175,
        0.014313445737184221,
        0.013765265880388308,
        0.00998670044231811,
        0.020944661549097517,
        0.014887246968780413,
        0.02154375254641389,
        0.014896200409621592,
        0.011572050851436935,
        0.0367734712451505,
        0.013704715906886872,
        0.008238993504365239
    ],
    [
        0.02080348432126885,
        0.0013239359742542446,
        0.015977077931822983,
        0.008366241138308455,
        0.0022684453982737165,
        0.02553461961126801,
        0.003507384943276854,
        0.0046331010334887245,
        0.004835391984539897,
        0.004031895239252869,
        0.006860158677562851,
        0.020760345741346966,
        0.8439797941453673,
        0.002755248483196519,
        0.0019295669320570242,
        0.0034139902958393187,
        0.005421205360473823,
        0.01860196978071284,
        0.004996143007688783
    ],
    [
        0.01438497077251652,
        0.0028797177849261718,
        0.011120020926177166,
        0.017356963278790577,
        0.015339921872961848,
        0.0331428516746407,
        0.0031581254752990756,
        0.0061012128686584515,
        0.005298938424403553,
        0.002644526979422063,
        0.051539787647268076,
        0.0212291402669868,
        0.012657874918821983,
        0.0042832723816870555,
        0.0015831071751729983,
        0.008810594262806145,
        0.011523692748475173,
        0.35023845040176504,
        0.4267068301392206
    ],
    [
        0.005928343812228526,
        0.0003863734711303507,
        0.0027832588454089007,
        0.0013588605233258938,
        0.0008212364727275637,
        0.006249878229919904,
        0.0006657271881640592,
        0.0017359773580893185,
        0.0014199696440188223,
        0.001107288196313056,
        0.002111969557505454,
        0.0061164714732702494,
        0.958166505408453,
        0.0008493243715752034,
        0.0005315641043982508,
        0.0011834340190895142,
        0.001848233513655322,
        0.005257312101379162,
        0.0014782717093472337
    ],
    [
        0.257677828126043,
        0.01270059227159054,
        0.02071125732406095,
        0.014171530339551496,
        0.01030632450592274,
        0.08631156715620003,
        0.0469729459098903,
        0.11999271079741529,
        0.044647288840059605,
        0.008960578441606078,
        0.020908000143713783,
        0.050696220742284144,
        0.016495194840826493,
        0.06408476656252746,
        0.028098090916937907,
        0.02337690120576871,
        0.13954700501545492,
        0.020008989342575573,
        0.014332207517570956
    ],
    [
        0.26855894314736484,
        0.003434207497014822,
        0.0253989068673594,
        0.005359803366322654,
        0.00785321863857601,
        0.29802880727265657,
        0.0042004223009116685,
        0.0815244614017673,
        0.010328002301199929,
        0.0029309094152944254,
        0.023003517954957288,
        0.11220077480978359,
        0.02366229339744726,
        0.0083358741475527,
        0.0035143854621947105,
        0.009228680700321517,
        0.0555756860321265,
        0.03979914537414815,
        0.017061959913000795
    ],
    [
        0.33135087816491354,
        0.003907001645669482,
        0.017737244837766494,
        0.011990629478507675,
        0.006252373509405836,
        0.09377072560913764,
        0.020916807563075485,
        0.2447552430363174,
        0.008526977595351615,
        0.004309742282912,
        0.011345472960431827,
        0.054725673921332735,
        0.026799568851457487,
        0.009776216391931911,
        0.005566330173384464,
        0.01008688176100164,
        0.11536568209585894,
        0.015656365996645886,
        0.0071601841248979965
    ],
    [
        0.008258433910066705,
        0.0012836846762543576,
        0.0020127710677450275,
        0.0014751699980738464,
        0.002197971583233395,
        0.004846461584525255,
        0.002733511379157423,
        0.9379573956440247,
        0.001072153096416713,
        0.0008220916818820874,
        0.0016145155281159435,
        0.004409736566995857,
        0.0021535824653089405,
        0.0016840670948665719,
        0.0010522556405791865,
        0.0017673544726788436,
        0.021641111515780114,
        0.0018024640667668077,
        0.001215268027528005
    ],
    [
        0.03397436164647387,
        0.012399798802246564,
        0.01803844433669945,
        0.49536753554341445,
        0.01327336882386206,
        0.029703175226554624,
        0.07701511644955988,
        0.015226556115779255,
        0.018426603021742642,
        0.04307123473917285,
        0.024682334448174467,
        0.04864804798909871,
        0.04893501686400705,
        0.014885126646347547,
        0.015555983648371189,
        0.024557580082300766,
        0.02006394250354684,
        0.03210472469883922,
        0.01407104841380833
    ],
    [
        0.012134644546705965,
        0.005471511319909345,
        0.006620717257519558,
        0.025525818106641847,
        0.03522268617533229,
        0.01287929367456898,
        0.005297560655158439,
        0.006137784578522909,
        0.005598503483524314,
        0.00612966229342186,
        0.2170258936297326,
        0.03606536232141682,
        0.007470472040705593,
        0.004190155065773348,
        0.004706031458670046,
        0.524144056890649,
        0.010330226307772816,
        0.04200632029414168,
        0.03304329989983256
    ],
    [
        0.06676908149271878,
        0.008248489841781203,
        0.027199087846338853,
        0.07692402300107977,
        0.03422742946826425,
        0.04742446992514192,
        0.020655895507705607,
        0.03252061512249915,
        0.010177229381011187,
        0.02395284794649563,
        0.07726694046721483,
        0.12818207080891736,
        0.10316459175479058,
        0.00990059731581338,
        0.00975404853959281,
        0.1012929842291709,
        0.07096300088501781,
        0.11803574854186455,
        0.03334084792458148
    ],
    [
        0.03171276101678767,
        0.010955492038573047,
        0.024065028790835444,
        0.014806848781315746,
        0.05130487936204418,
        0.037665688618240656,
        0.010857476946614947,
        0.6172999670925671,
        0.005790924283977233,
        0.0052632509531343255,
        0.02255846463298203,
        0.04852623243395683,
        0.016454598174987525,
        0.006174862889169418,
        0.0053515363922636994,
        0.01717099479660945,
        0.040589440774581036,
        0.019024359391657066,
        0.014427192629702571
    ],
    [
        0.07433277246650406,
        0.006247244691760881,
        0.03704485419001726,
        0.04149520381263214,
        0.015011035187819774,
        0.0519881268858386,
        0.015243727368522317,
        0.018378330059823096,
        0.016260857557555304,
        0.026616566031616686,
        0.0536587378432671,
        0.10810281124950684,
        0.321516141087807,
        0.010726516181266625,
        0.01331231587742448,
        0.05789403919096001,
        0.029607001089875247,
        0.07841985037007351,
        0.024143868857729112
    ],
    [
        0.006849518791579862,
        0.001668030931208127,
        0.004923655750376419,
        0.007028965484161503,
        0.011237299161832127,
        0.011726806899952204,
        0.0015967733451341488,
        0.0035173816533130868,
        0.0025022952515930228,
        0.0013740133505086957,
        0.02909400130539476,
        0.008845829265918809,
        0.004358767504678089,
        0.0024455985197549615,
        0.000950201132813031,
        0.006602887609646938,
        0.008030898649050603,
        0.10091884931701109,
        0.7863282260760726
    ],
    [
        0.05343951952990781,
        0.006896103075773941,
        0.008449403085534211,
        0.023461214499753667,
        0.012168177148851806,
        0.021592147708241527,
        0.018430035021926392,
        0.013924046029583786,
        0.01701009924870769,
        0.016698789152407058,
        0.045730013812800424,
        0.05232018952205023,
        0.01561746644667029,
        0.015969616755178558,
        0.02524306178820759,
        0.57316802369902,
        0.03917594690027004,
        0.026252585454683317,
        0.014453561120431759
    ],
    [
        0.012546985851642238,
        0.001481532722303442,
        0.008600251142416845,
        0.022950577652670237,
        0.016754728171195346,
        0.024348103187180326,
        0.002128551362178211,
        0.004630736569743446,
        0.0021625646139408505,
        0.0017798037833362088,
        0.2123199698956456,
        0.04529670675291863,
        0.011442186916706117,
        0.0015895013636431214,
        0.0010490154745535455,
        0.020266917081739406,
        0.007864613308660976,
        0.5105398548909408,
        0.09224739925858474
    ],
    [
        0.0816792603697589,
        0.007735667141136576,
        0.12981360805836833,
        0.08801215101881919,
        0.01229936376272125,
        0.21284483050783184,
        0.022311795324449556,
        0.017327707020735602,
        0.021927082536075716,
        0.007769694103331709,
        0.06274160364674124,
        0.09641814570775063,
        0.033273014658619655,
        0.011814644471653623,
        0.008276048251173897,
        0.017363927613926213,
        0.020063987013470064,
        0.0934164562892616,
        0.05491101250417435
    ],
    [
        0.15595902249640609,
        0.0029930315608201565,
        0.06361291869146111,
        0.008392737531070643,
        0.006046562883090266,
        0.4407161076716147,
        0.007103681455543964,
        0.0451950810999959,
        0.008453508294804634,
        0.0029661946874761733,
        0.020455955675029405,
        0.11985299453045312,
        0.049853741426250306,
        0.004799397409286119,
        0.0034629629184314155,
        0.008139747238454304,
        0.01787431737599585,
        0.024665182202033148,
        0.009456854851782744
    ],
    [
        0.07423472369202944,
        0.005270615402437298,
        0.021762642813877502,
        0.029818722864750912,
        0.012449996587683856,
        0.04595723707967565,
        0.015930073322766455,
        0.03866102111351683,
        0.01080845577973811,
        0.016418399858888797,
        0.01910130949384005,
        0.050641207936694826,
        0.5003146017202653,
        0.011529534752307474,
        0.006981747149091434,
        0.017506152916715218,
        0.059964846846499296,
        0.04680651152594654,
        0.015842199143274956
    ],
    [
        0.012818085951975618,
        0.002236088111248271,
        0.006202272959848159,
        0.011502843462104092,
        0.03429328362567395,
        0.021866222559010728,
        0.0022386436982098513,
        0.006314791662608778,
        0.0030879366102965523,
        0.002171451418408415,
        0.5952417602471043,
        0.056468152982381045,
        0.010046692341449795,
        0.002093734059995793,
        0.0014585753791718607,
        0.0599191419669127,
        0.008423219805536536,
        0.11758531460233776,
        0.04603178855572594
    ],
    [
        0.06701082087183804,
        0.0015247649321689755,
        0.005865111833812153,
        0.006251598239379737,
        0.005467979654142529,
        0.11941102460587939,
        0.002566565675002217,
        0.01477812962386118,
        0.003934558770435073,
        0.0014054448617413014,
        0.03659472866817454,
        0.670920560604892,
        0.011954231892481865,
        0.0021617480703473527,
        0.0013916264592080112,
        0.012495178938523303,
        0.009018281635398777,
        0.021390362362247745,
        0.005857282300465722
    ],
    [
        0.18287632244653915,
        0.00434348915408993,
        0.030235770897639312,
        0.010588679187256232,
        0.0072059103668978474,
        0.31343949515344227,
        0.005125444132696166,
        0.019567758932346635,
        0.029379693765221083,
        0.00511074049968343,
        0.03607748976790374,
        0.16404228474532023,
        0.043712459538359665,
        0.013198891714453197,
        0.005510526468467445,
        0.01139751098602937,
        0.020732725941582635,
        0.07138888511070841,
        0.026065921191363226
    ],
    [
        0.039468635365409316,
        0.20797682445178217,
        0.018529971195082953,
        0.022008510350123415,
        0.05080849642641711,
        0.040034088850688626,
        0.045211293700386464,
        0.17295529638897073,
        0.04983623502618287,
        0.02794589400565237,
        0.024942060663876296,
        0.04190390279601915,
        0.020083098152317246,
        0.08008151095842087,
        0.03189553800489992,
        0.022746578557627548,
        0.06094038190235305,
        0.02326763721313864,
        0.0193640459906513
    ],
    [
        0.0699707188227109,
        0.007258761918073135,
        0.021480207869814485,
        0.034400458223819305,
        0.01851934148405097,
        0.06289742659345775,
        0.012215757113841078,
        0.025666181100130372,
        0.016051106056214588,
        0.017184178801257274,
        0.0643966473527211,
        0.3153932446783067,
        0.1714611780333167,
        0.008533904843474752,
        0.010125326645473888,
        0.06179680180454256,
        0.019959444831307037,
        0.04836379236138655,
        0.014325521466100945
    ],
    [
        0.06011530742941663,
        0.0011024187791801273,
        0.0125131490317611,
        0.002966670754979691,
        0.0038692175268641013,
        0.734739596198253,
        0.0014249058938662436,
        0.011483611561679027,
        0.0037235059352797324,
        0.000855810910758196,
        0.022632130542548715,
        0.059995317262767286,
        0.010064129708670596,
        0.0021823751093128906,
        0.0009083673047238635,
        0.004025127963417903,
        0.009200325184279155,
        0.0421545254635242,
        0.016043507438717467
    ],
    [
        0.7058879511924694,
        0.0011950520112887322,
        0.009346288051615439,
        0.004345437715442268,
        0.001784618485769944,
        0.11522734434870338,
        0.003284570459617044,
        0.006233450037770931,
        0.012733589262624277,
        0.002138649508961218,
        0.011169059381098892,
        0.04392562672925558,
        0.01847091999590139,
        0.007039243588444335,
        0.002829827361060949,
        0.005969088415075115,
        0.016482634666980397,
        0.024466261847973014,
        0.007470386939947661
    ],
    [
        0.0060545376538811485,
        0.00032120701278510853,
        0.004042237415397464,
        0.002627602781174717,
        0.0012484864784760765,
        0.0141103039530622,
        0.0005272794434980566,
        0.0009834984191462548,
        0.0009289614357734735,
        0.00048403690209289086,
        0.013238348561489404,
        0.009145964342826577,
        0.005101999724221494,
        0.0006274008741613249,
        0.0003022947463575991,
        0.001840397684497289,
        0.002375036685459727,
        0.9078509659026244,
        0.02818943998307487
    ],
    [
        0.012418403038469009,
        0.0011302491452300676,
        0.0019246305513765701,
        0.003490308190403607,
        0.0030292103127095567,
        0.004982898475842987,
        0.0031605442620938084,
        0.008555400267686034,
        0.001652720838239181,
        0.0017868861876857497,
        0.0037065010775614022,
        0.004831730488738683,
        0.00343808435108413,
        0.003921262813254383,
        0.0013790447166848211,
        0.005418504489416014,
        0.9214350344196698,
        0.00823493060950226,
        0.005503655764352015
    ],
    [
        0.01841507859791898,
        0.5253351499771359,
        0.010346516305177779,
        0.015825548769802505,
        0.0213595637509256,
        0.018157159636902762,
        0.037458968401311014,
        0.03849880814859722,
        0.053996657601751985,
        0.021744287251891783,
        0.01373303754704067,
        0.019506438241474973,
        0.0079596797568759,
        0.09196069352768507,
        0.047548110653594315,
        0.01352597788491051,
        0.022038391557207604,
        0.011226340296673472,
        0.011363592093121723
    ],
    [
        0.01175662377623993,
        0.012320256649592068,
        0.0062126427637334645,
        0.02657258375821868,
        0.005137252889255644,
        0.007574692454051522,
        0.8090275084128215,
        0.010113365741909366,
        0.00720122876141872,
        0.01014968030872081,
        0.006413122443960159,
        0.00884290845348493,
        0.003643347399968873,
        0.012427437520583123,
        0.024072888894347458,
        0.010571729867088488,
        0.017574690674152987,
        0.005640670045818531,
        0.004747369184633932
    ],
    [
        0.016480701309465096,
        0.009808679966802668,
        0.016686544565502358,
        0.013919319252029196,
        0.1313643172444991,
        0.030165473658630662,
        0.005472467283841387,
        0.023908336293469692,
        0.005837923024172121,
        0.00364317305287782,
        0.07053180695256124,
        0.02480861730808871,
        0.007382089002136977,
        0.0068436769484996945,
        0.00301132715396334,
        0.01798142327245523,
        0.03549918554606257,
        0.09138915997390883,
        0.48526577819103334
    ],
    [
        0.0028608504023402937,
        0.000661448640587854,
        0.0013673388219474546,
        0.003415965217585731,
        0.005530295978397973,
        0.004760386743621916,
        0.0006043579567908739,
        0.0011443023757525654,
        0.0009051163250066466,
        0.0005102413039512136,
        0.9077499540394298,
        0.018085092365478016,
        0.001220454689277412,
        0.0005336081721581024,
        0.00045466374801043,
        0.02657911932374503,
        0.0014582499074249134,
        0.01396011899341997,
        0.008198434995073863
    ],
    [
        0.02838520181210028,
        0.022261471879053845,
        0.007100018234269485,
        0.010839419548792712,
        0.005301199299757568,
        0.016206714415331593,
        0.0454991072804896,
        0.01675773616859114,
        0.16996699545778063,
        0.025031299543354178,
        0.007680653398630503,
        0.014508476906594073,
        0.010493839054022952,
        0.4803918222608162,
        0.09408284612906474,
        0.009606673974434616,
        0.0213018520304559,
        0.008373201453431584,
        0.006211471153028388
    ],
    [
        0.004837414750441391,
        0.0019930476430615068,
        0.0013699729070858287,
        0.007795322526876955,
        0.015640891720946556,
        0.003652808103168887,
        0.00216306467351405,
        0.003152296971181431,
        0.0019529195438741916,
        0.0025684965125049378,
        0.026321832722112776,
        0.010067036748406994,
        0.0027125768578570466,
        0.00200460214868839,
        0.0017396277879443845,
        0.8878931310033545,
        0.006935695639414459,
        0.01016973809649168,
        0.007029523643074037
    ],
    [
        0.014629354608881755,
        0.003111717672292622,
        0.005279408484219722,
        0.002199648545146281,
        0.00682903501237836,
        0.012117166775166584,
        0.002732558312943539,
        0.8879174442004613,
        0.002761692219943374,
        0.0016870831351716313,
        0.004468097026072601,
        0.011202834649737517,
        0.005595440208148022,
        0.0034539877301777797,
        0.0021211541603612352,
        0.003917859685213018,
        0.02193984724967203,
        0.004634217548452081,
        0.0034014527755609515
    ],
    [
        0.0011503973281045366,
        0.0011792106264211313,
        0.0003933595453702357,
        0.0006195347469427729,
        0.00022391056138476158,
        0.0005978558753665566,
        0.002110557085325765,
        0.0004482502447484134,
        0.005310463670921895,
        0.006954156199074625,
        0.00045616937050444416,
        0.0009623113631605482,
        0.0004800739736484318,
        0.005336052155294411,
        0.9716134480521422,
        0.0007346344716717294,
        0.0007350260872318201,
        0.0004306491509950959,
        0.0002639394916908908
    ],
    [
        0.008790464582270691,
        0.0018324638895396794,
        0.8749876436569457,
        0.007866274837906147,
        0.003349951702807004,
        0.017996656326358877,
        0.0032312492944473474,
        0.004640286966658938,
        0.001997262975417934,
        0.0020039705037178117,
        0.009022378375094274,
        0.012903138250807387,
        0.00711424230006439,
        0.0016032771412903284,
        0.001561896897417097,
        0.0026944324327436396,
        0.005355523397825118,
        0.02006698809005408,
        0.012981898378633415
    ],
    [
        0.03667405975441621,
        0.01145800738597614,
        0.16377737553005112,
        0.025583988176148806,
        0.02721769602440467,
        0.06847519756398897,
        0.012028163263546842,
        0.020610260979259484,
        0.012389509266910003,
        0.007407990643613942,
        0.08167160068505898,
        0.045415289642268264,
        0.015328387336716553,
        0.011032598951616249,
        0.00808924503207831,
        0.02123907106237144,
        0.032664187629382245,
        0.11903213847589635,
        0.27990523259629546
    ],
    [
        0.033748940648196425,
        0.00529346700536063,
        0.008277569125223413,
        0.017872183886563513,
        0.010344396864936784,
        0.040241407614798386,
        0.005180747162493985,
        0.009051194743033304,
        0.012125783934587879,
        0.005028836085840336,
        0.11427333377173282,
        0.617236794265475,
        0.00985596703978593,
        0.005050106872223693,
        0.005744464821072975,
        0.05536006692197061,
        0.008009143053025573,
        0.026981978043807264,
        0.010323618139871583
    ],
    [
        0.006435078820116806,
        0.0021505711074232036,
        0.011799391899272838,
        0.0068723995404769405,
        0.011123420941452985,
        0.011134246428931464,
        0.0019417874228277148,
        0.004082230571333059,
        0.0020668651953849927,
        0.0015192921651213606,
        0.025438131751136343,
        0.00882203895941066,
        0.003364947885103723,
        0.002175420615925909,
        0.001187780728898991,
        0.005757067562671778,
        0.00900921726971805,
        0.06588485166166617,
        0.819235259473127
    ],
    [
        0.01711931640428874,
        0.0012858941782183271,
        0.01450294117991026,
        0.010470437593519163,
        0.0066123550921705,
        0.033456933085532506,
        0.0017958048443458088,
        0.004136129231720007,
        0.002879924843857793,
        0.002400950089925562,
        0.06168994131528984,
        0.05396017832132555,
        0.048716918646187796,
        0.0018373075762956343,
        0.0012000119093040402,
        0.009873414099899405,
        0.0069477725133370105,
        0.6816458475946665,
        0.0394679214802056
    ],
    [
        0.06649770520130856,
        0.003315486527578061,
        0.028860524868207133,
        0.008498934492368174,
        0.008941635248187004,
        0.08980418193261278,
        0.004658620159754888,
        0.02217166790377135,
        0.006437412425980052,
        0.0035593338049214594,
        0.05634223203299012,
        0.5978920312260338,
        0.02245937112557579,
        0.003411609991987993,
        0.004263849209493556,
        0.025074677768549016,
        0.012162733759159003,
        0.02627461717646125,
        0.009373375145060057
    ],
    [
        0.09617160238318954,
        0.0008399033475825215,
        0.014458386754783207,
        0.00279660102540429,
        0.0015570173300163746,
        0.791080879815917,
        0.0021175071781405854,
        0.012104466943182747,
        0.002422634294721554,
        0.0005990120389166187,
        0.0069694719135012725,
        0.040691505517097624,
        0.004021279659057774,
        0.0015745910101621276,
        0.0008581635833109454,
        0.0021216186582678842,
        0.0070565985632594025,
        0.008635016411221528,
        0.003923743572266904
    ],
    [
        0.053376121985886815,
        0.0029350550600698894,
        0.014117066754618452,
        0.012393797427926435,
        0.0038977734973066093,
        0.04387555273249061,
        0.007123024706093822,
        0.007605976743618274,
        0.026329827884277717,
        0.011218049376505264,
        0.013894017112658738,
        0.039924731702598304,
        0.6890097049402995,
        0.010538753566999988,
        0.0060894565973649215,
        0.008924523611682538,
        0.010702720776891196,
        0.029470408238028146,
        0.00857343728468287
    ],
    [
        0.0032258592136994173,
        0.00011536740158353929,
        0.0007208950437073496,
        0.0004167435738286286,
        0.0003700626599651147,
        0.006490744638279339,
        0.0001271018902511835,
        0.000570589324717259,
        0.0003012577430113742,
        0.00012338321645274055,
        0.004828281356118413,
        0.9770819153814815,
        0.0008403253350742621,
        0.00014383662716444922,
        0.00012022489371038267,
        0.0009218091824623647,
        0.0004429573238323663,
        0.0025470136328477892,
        0.0006116315618128731
    ],
    [
        0.014085314768137949,
        0.012818657802473852,
        0.007655229949715031,
        0.022426718465062178,
        0.003668651488713438,
        0.009766180209393066,
        0.771258424189318,
        0.008497211113915295,
        0.01705985409084745,
        0.02155242916441489,
        0.005444137462493429,
        0.009127355425674773,
        0.006914970875701793,
        0.028236924505215963,
        0.030451512987855218,
        0.006223486235020082,
        0.01378938472047477,
        0.006518047940360916,
        0.004505508605211748
    ],
    [
        0.022431789980831944,
        0.002823681957790856,
        0.005506016199816571,
        0.005139851936067586,
        0.008197936345736071,
        0.012944225534287477,
        0.006241972353222046,
        0.09061978321417209,
        0.0022157255071042874,
        0.0016873177769465325,
        0.007505760706177147,
        0.011098131997084,
        0.003121596592049814,
        0.004275883887344255,
        0.0021694801992715885,
        0.007677034315543818,
        0.7879477825694895,
        0.009493411450550342,
        0.00890261747651418
    ],
    [
        0.018390452883127396,
        0.0010731747915682715,
        0.0020851609481979142,
        0.002118202829122059,
        0.002085446626382339,
        0.006069251151973601,
        0.0037640247000401013,
        0.015890839085783294,
        0.0015855816632693936,
        0.0009271418375889888,
        0.0031567752374975083,
        0.004662336957423713,
        0.0016441753885659857,
        0.003518230320780955,
        0.0015431158010705355,
        0.0045761351570093225,
        0.9194809068336638,
        0.004011337199141695,
        0.0034177105877932603
    ],
    [
        0.012108274275874381,
        0.001356414548721819,
        0.007203401360088263,
        0.018374632409988097,
        0.013164627760122043,
        0.02318352708716339,
        0.0017101924914370023,
        0.0038732426086443557,
        0.0021737478285781702,
        0.0016699493619946686,
        0.2700926211084602,
        0.06186200311936045,
        0.009780349515250373,
        0.0014790648948441354,
        0.0010028761335161623,
        0.0196609036701007,
        0.006278202447981098,
        0.4772403657791198,
        0.06778560359875485
    ],
    [
        0.02452239290775992,
        0.018548419289058683,
        0.02827283402399242,
        0.21049723484724542,
        0.04245509343994696,
        0.03969161746856984,
        0.02416847023768678,
        0.013665647350423114,
        0.01719479183365339,
        0.012346443189106148,
        0.08315063180348774,
        0.035430723350305074,
        0.015243592560478941,
        0.016177937359628143,
        0.008544076851251246,
        0.028998003135406493,
        0.02433139423198285,
        0.11732727568450574,
        0.239433420435511
    ],
    [
        0.00286737310970478,
        0.0001876529231283015,
        0.9770331080997471,
        0.000597565655917886,
        0.00035609679622461876,
        0.0063034548966038285,
        0.0003751398347873758,
        0.0012304407958948671,
        0.0002747233442523605,
        0.0001883660497483946,
        0.0011618687506121713,
        0.0031239188332648857,
        0.0010995928126119334,
        0.0002156031943707816,
        0.00020079104005551123,
        0.00036417130814184846,
        0.0010756866560396392,
        0.0022019690739609405,
        0.001142476824932643
    ],
    [
        0.08982543083908058,
        0.0006074831835674379,
        0.007441922201726067,
        0.002178521363345988,
        0.0017387096004062685,
        0.7635899172543537,
        0.0012691355157069975,
        0.011047877999637823,
        0.001666329625034972,
        0.0005055164123186047,
        0.009182972198799485,
        0.07850063754715961,
        0.005335920416589253,
        0.0010768861897447906,
        0.0005724166079882522,
        0.0024545473470173303,
        0.0070328689862293094,
        0.012215646520169095,
        0.003757260191124312
    ],
    [
        0.0006469685605060934,
        0.9771893014605166,
        0.0006200382695458328,
        0.0013144644648225884,
        0.003129179147763729,
        0.0007325508233267858,
        0.0012597052022531587,
        0.0011482750206770274,
        0.0013402627933720291,
        0.0021523330137112715,
        0.001193506763486596,
        0.0011008228561996672,
        0.00040067721059740426,
        0.001901648374646724,
        0.0018222626061526071,
        0.0010778720694518587,
        0.000981373311870057,
        0.0009095764040852083,
        0.0010791816470149312
    ],
    [
        0.002510069831877693,
        0.002179025167248868,
        0.0005315631158872071,
        0.0008593599608357898,
        0.00046296774334440735,
        0.0012845238700177205,
        0.002248095805620317,
        0.0009927322997754912,
        0.030894897377175,
        0.0042286695021248035,
        0.0008347790824462905,
        0.0014720206043482558,
        0.0007931250570946297,
        0.9319810090729533,
        0.013627784724201484,
        0.0010880034401680306,
        0.00233564135118046,
        0.0009943674293340938,
        0.0006813645643659248
    ],
    [
        0.86196761351809,
        0.00046044900507440713,
        0.003491013207244725,
        0.00204251829611275,
        0.0009934545686693024,
        0.03706906838104437,
        0.0018331431241421076,
        0.006564318537772753,
        0.0017119084321896322,
        0.0006509456106177339,
        0.004597406277637539,
        0.017506600917781306,
        0.00446958532970915,
        0.0017615895745721002,
        0.0008421162480744167,
        0.0033360647005244186,
        0.03886293756698179,
        0.008838273505862863,
        0.003000993197898434
    ],
    [
        0.006310760537160876,
        0.0007876161591788445,
        0.0012812589714272455,
        0.0014222964174963983,
        0.001723420823581821,
        0.002489754380281566,
        0.0019027811652956785,
        0.011213578538206209,
        0.0007522486327583154,
        0.0009540335291185077,
        0.0016811167590888374,
        0.002842036367500826,
        0.0013893339925634418,
        0.0017284207350282293,
        0.0009565475235773986,
        0.002605844941291036,
        0.9554303598323026,
        0.0026614711612004847,
        0.001867119532941683
    ],
    [
        0.015301694837424877,
        0.03861049668661915,
        0.008278326308345366,
        0.013008765247512846,
        0.0049616184758525875,
        0.01128339793558944,
        0.03508422998267244,
        0.007460264340507028,
        0.07274322035090947,
        0.03451129182015531,
        0.01028149598883789,
        0.016974217032142812,
        0.005432536204421702,
        0.049028018900942036,
        0.6416232507883495,
        0.012722675555499881,
        0.00930130971021116,
        0.007613737486313568,
        0.005779452347693038
    ],
    [
        0.12230802394242608,
        0.007610084730250783,
        0.023024372138222365,
        0.008228659986809175,
        0.011588914605358267,
        0.06366730597433959,
        0.01460655839946025,
        0.4963722555615336,
        0.012914675467797601,
        0.005643744832638038,
        0.01602114376685531,
        0.04730533181634623,
        0.020521101517232347,
        0.014370482356878843,
        0.010708122177810251,
        0.01626104885401281,
        0.08344014874864919,
        0.015243075571439061,
        0.010164949551940233
    ],
    [
        0.46204678992963405,
        0.0054039217649890225,
        0.01301010700308377,
        0.014562469794911775,
        0.005800574313085874,
        0.06647891275993599,
        0.017899009134803814,
        0.02887876501216915,
        0.033041915475876885,
        0.010978424914943042,
        0.021681309902784485,
        0.143773495179651,
        0.02876486436263919,
        0.021643477874750437,
        0.023115995758795707,
        0.03313440809784944,
        0.041928710557197615,
        0.019847786328148407,
        0.008009061834750395
    ],
    [
        0.008704742341516265,
        0.0014311083093773204,
        0.0034922546886399907,
        0.009283290884874468,
        0.014579168873910043,
        0.014605739415775535,
        0.0016087357855772433,
        0.0036650899845901367,
        0.0020347659097357668,
        0.0011350477811067907,
        0.7680114983082934,
        0.048771891149056924,
        0.0036795815374986167,
        0.0012692703213506892,
        0.0010145588267586813,
        0.06110021262569617,
        0.00426676172520182,
        0.03320163693033549,
        0.01814464460070461
    ],
    [
        0.051426762276449926,
        0.006627685779276565,
        0.006817340097782077,
        0.017703123145074547,
        0.01199780519129676,
        0.022196492159366175,
        0.014870132063625884,
        0.013915052051700757,
        0.017280428605120697,
        0.010087334419823953,
        0.04994695585012389,
        0.051025943152813065,
        0.010690926413623484,
        0.015382797941345899,
        0.018789420657194845,
        0.6105312798658156,
        0.034513586049481716,
        0.022530688055147918,
        0.013666246224936411
    ],
    [
        0.010957596234214504,
        0.022816528546833494,
        0.010122539737212562,
        0.036050343386625744,
        0.33338895311872924,
        0.016404372547165195,
        0.00735584043234419,
        0.01239545055428792,
        0.0074605657105597046,
        0.006930940905123302,
        0.09217791275690808,
        0.02295325064638582,
        0.006217876292284688,
        0.008540823157515523,
        0.004628928216182638,
        0.03356583253825861,
        0.019174745266846403,
        0.06740406742819562,
        0.28145343252432686
    ],
    [
        0.012490359167265193,
        0.0037510071502281223,
        0.004951811413053889,
        0.02003435096699865,
        0.033847434444067945,
        0.019281104059848567,
        0.002721395478965937,
        0.005079135733432815,
        0.006354964151114534,
        0.004103584827741981,
        0.5409332100899041,
        0.06459159262803889,
        0.011175908522881013,
        0.0036674393985401572,
        0.0022557460368481707,
        0.07276735151562284,
        0.007378072105901379,
        0.13542931834690305,
        0.049186213962642715
    ],
    [
        0.011793261007788271,
        0.008054118842263133,
        0.006099478121901773,
        0.018539359581305384,
        0.06013963104463641,
        0.01121367620771889,
        0.004646756777906109,
        0.00755348774043475,
        0.006433283393923904,
        0.010940676721154653,
        0.14135342454352018,
        0.0395647735761313,
        0.009050622929108857,
        0.00531797307522691,
        0.006141943704118856,
        0.567322312566907,
        0.012907196924114244,
        0.04310770905597276,
        0.029820314185866503
    ],
    [
        0.006201436597740831,
        0.0018043617774222977,
        0.004779384495189639,
        0.006136935321545763,
        0.016115853401098675,
        0.012428460411036762,
        0.0010837324367111497,
        0.002664093333781598,
        0.0024722963710700372,
        0.0014143709824835991,
        0.3590038996079033,
        0.02488252230994607,
        0.003595078547452469,
        0.001666278629360189,
        0.0009770439138815424,
        0.013347263354795086,
        0.004360023691235876,
        0.22330655460573084,
        0.3137604102116143
    ],
    [
        0.007564880841445828,
        0.0009880288089432578,
        0.0036861460648904484,
        0.005725008804675066,
        0.00704798655250686,
        0.015162583702078297,
        0.0009514246465222518,
        0.002811890379951235,
        0.001757715458611124,
        0.001057201733531166,
        0.034614750407791446,
        0.01753414172965149,
        0.0057111705837859465,
        0.001441226064103947,
        0.0005837577978186861,
        0.004786418249109243,
        0.005967115796520586,
        0.7724266497518711,
        0.11018190262619207
    ],
    [
        0.03665390510259202,
        0.004396428511504708,
        0.012069110857567136,
        0.025407546123933603,
        0.014803003264592088,
        0.03044355773510911,
        0.005577885788670643,
        0.006887410268531111,
        0.01334091568931611,
        0.011271223106059016,
        0.21770431777729743,
        0.08163357018183241,
        0.026318848823855438,
        0.008645049694254274,
        0.006903131014458033,
        0.1609964950843325,
        0.01938965356220411,
        0.24569476787727357,
        0.07186317953661672
    ],
    [
        0.04540425797114245,
        0.006177451526850318,
        0.04327984802087256,
        0.023173258251275926,
        0.013871881361586416,
        0.12743409325799143,
        0.006119472086645044,
        0.009436149115299101,
        0.02379334669917428,
        0.006272162375155528,
        0.23228101971536264,
        0.16100950800629193,
        0.026263661943808175,
        0.008258683538686,
        0.006151594268619796,
        0.026820147561616138,
        0.010795318491077744,
        0.1516342448918533,
        0.0718239009166913
    ],
    [
        0.037631857273493795,
        0.00550173660288888,
        0.023402332766399348,
        0.012384707890649554,
        0.015918610872652145,
        0.08998996900948823,
        0.004297130840071895,
        0.010809434652021712,
        0.010625729791066007,
        0.0031022904114501094,
        0.4015960747329073,
        0.1566321504688134,
        0.007181874645819672,
        0.005744809332805982,
        0.00417408389530331,
        0.030208595747906228,
        0.01304537729556654,
        0.09032237459906896,
        0.07743085917162688
    ]
]