[
    [
        0.007096206087664677,
        0.010782965828085148,
        0.01795650360696781,
        0.0072041596838672605,
        0.006767483805670978,
        0.8280665756502417,
        0.009175074654341715,
        0.008799024962201231,
        0.007429883289836465,
        0.008023160776564805,
        0.004174039175473367,
        0.011079052259107717,
        0.003956603966056438,
        0.004638515461091081,
        0.047539357269339284,
        0.007483543191881463,
        0.009827850331608679
    ],
    [
        0.12002784567349058,
        0.022288990045429967,
        0.008862591622887132,
        0.03380419612009048,
        0.01597383080886867,
        0.0038621830134746475,
        0.048757381084363643,
        0.009360351792900979,
        0.05849284879279749,
        0.03491828897754339,
        0.011497727396476752,
        0.055270852071516434,
        0.2026892365401004,
        0.29352263898130787,
        0.004665039394304724,
        0.06095369479406171,
        0.015052302890385139
    ],
    [
        0.046505287442175615,
        0.14989111360564272,
        0.025855512067098282,
        0.01704105550879343,
        0.060364767871474406,
        0.02375980860010406,
        0.03056700721549455,
        0.01605942496857181,
        0.11217537455454739,
        0.06979170914743021,
        0.0645551241813142,
        0.1709892141926325,
        0.02662092103047716,
        0.039350181467832285,
        0.021942328603825847,
        0.08801831579987682,
        0.03651285374270873
    ],
    [
        0.14325544795154277,
        0.010861152484023806,
        0.011831855086600014,
        0.05017621373276042,
        0.009586845041006656,
        0.003831653948099853,
        0.054336218597298175,
        0.04214342321564034,
        0.0207855732020798,
        0.04683044356675993,
        0.009273623736010962,
        0.03361745480506962,
        0.3286966618897985,
        0.2065542338858706,
        0.003028811244013284,
        0.02008389429141605,
        0.005106493322009231
    ],
    [
        0.02395255541911995,
        0.0326406584563459,
        0.004808713103219413,
        0.005893349228274356,
        0.008140570641378084,
        0.0012236415506729423,
        0.016358843004543183,
        0.006069223234727636,
        0.01603947565937988,
        0.7488111941018142,
        0.03795139811658598,
        0.052454625160943555,
        0.007611313858736371,
        0.017386700943992858,
        0.0012715291337669127,
        0.01671973730379263,
        0.0026664710827061333
    ],
    [
        0.07219185313259578,
        0.026060117092818608,
        0.005963261428384917,
        0.02828064173101461,
        0.004260134139414274,
        0.001944034245460533,
        0.26774350452587176,
        0.007100531237419132,
        0.024580653785539495,
        0.2821388644463456,
        0.01630055945994017,
        0.11026304947070747,
        0.023505886573279487,
        0.062179307368442335,
        0.002665618532896343,
        0.059486212898641845,
        0.0053357699312276095
    ],
    [
        0.7232019221120249,
        0.01804143003873162,
        0.004953577113456077,
        0.00468167669797189,
        0.004024884145253556,
        0.0027685919869605835,
        0.05551877708524269,
        0.01618037773240153,
        0.017993922343519504,
        0.031178205420958605,
        0.0033420156434455124,
        0.05460397153503408,
        0.025578641120257786,
        0.02179186384883808,
        0.0014407901692049183,
        0.011215782211667987,
        0.003483570795030426
    ],
    [
        0.0015522608051037265,
        0.01061939290795432,
        0.0015298376305064182,
        0.004838738350656545,
        0.0016400520394805253,
        0.00020525401588888627,
        0.0016550553481341577,
        0.00035660067357841656,
        0.020168691186807725,
        0.005807449758795453,
        0.008180484239096336,
        0.017452328663160627,
        0.001382606571396077,
        0.0047443042059305066,
        0.00031213872834238743,
        0.9161450707807641,
        0.0034097340944038443
    ],
    [
        0.01444282639641551,
        0.02281023981179305,
        0.001880839776359632,
        0.0019266416554839095,
        0.0020332224895321235,
        0.00039702747905432805,
        0.004729995799309662,
        0.00136358097708205,
        0.02829827091296089,
        0.044016972556128575,
        0.004231954633647161,
        0.8379824024730778,
        0.0038240268001819466,
        0.009511958586469808,
        0.00031991346066991705,
        0.020862262043569245,
        0.0013678641482643575
    ],
    [
        0.004774384862020039,
        0.07265296432598611,
        0.003959977689065821,
        0.004737025337679769,
        0.006854839998232527,
        0.0004813421099085221,
        0.002722648551623206,
        0.0009607931702710811,
        0.36240598828646414,
        0.011318420340780474,
        0.018010109890802713,
        0.042338033318374595,
        0.003984201503675274,
        0.011533176937436058,
        0.0005079284882860422,
        0.44139298089733303,
        0.011365184292060572
    ],
    [
        0.0009714669162790053,
        0.0010065060015970254,
        0.00259646851757355,
        0.0013129476723880186,
        0.0005245613285506877,
        0.9799739735885215,
        0.0012347673543903486,
        0.001596053469202006,
        0.0009240489791225498,
        0.0010899535497668482,
        0.0005278944352346743,
        0.0014904728868274388,
        0.0006303149521167934,
        0.0007007369208415815,
        0.003605740704578684,
        0.000976690528128547,
        0.0008374021948806616
    ],
    [
        0.04443431778004849,
        0.06799151132988866,
        0.026830207923858203,
        0.043346838219552944,
        0.02591963920899022,
        0.05421986929826075,
        0.045600184219519786,
        0.015340809557223951,
        0.09460100857121714,
        0.05332325416708101,
        0.05206798774932439,
        0.1057888626828349,
        0.041430453079862206,
        0.06097437970190371,
        0.08140579518125056,
        0.13230103594037476,
        0.05442384538880833
    ],
    [
        0.03726807671821676,
        0.07359187645428736,
        0.03423723829830385,
        0.036203243313988075,
        0.03041385163395348,
        0.08553672841993744,
        0.03547607605167307,
        0.01621015730714883,
        0.08422844946389216,
        0.05519475936923377,
        0.05416075504362478,
        0.10935397799678502,
        0.028181824015698527,
        0.04216220747206217,
        0.11088624757141766,
        0.10547050446562295,
        0.06142402640415415
    ],
    [
        0.024765489538059474,
        0.09315019772559005,
        0.008811215646960325,
        0.009691138280137254,
        0.03825574890096566,
        0.003126452330296436,
        0.009585064819518855,
        0.0044969350953262335,
        0.3830669923853157,
        0.031254692773099564,
        0.062344507381846104,
        0.0838807398304665,
        0.026982283308667178,
        0.055954625992877816,
        0.0030443982356061034,
        0.13935624893589954,
        0.022233268819367213
    ],
    [
        0.008700340985658271,
        0.4308375489695295,
        0.04335424767479285,
        0.013530706852373233,
        0.01773945003833156,
        0.0020709559812641535,
        0.007052527483275737,
        0.0035002401345543147,
        0.1239103943009896,
        0.027479072301663222,
        0.02455276685027451,
        0.06514572278422597,
        0.004675113951298726,
        0.010010957653124727,
        0.0017788502171559926,
        0.13695857207419146,
        0.07870253174729612
    ],
    [
        0.019766699556542127,
        0.04955845264573182,
        0.034052091266543315,
        0.09573861752929479,
        0.017106559351972035,
        0.006423134121783794,
        0.0216950187196594,
        0.009973443798589155,
        0.06483294338904495,
        0.11019212104253964,
        0.2160387508472991,
        0.09523986654273241,
        0.01791460437244093,
        0.04406505550720364,
        0.008734841388684514,
        0.1653996930316386,
        0.02326810688829981
    ],
    [
        0.07825111698290943,
        0.02367756039606967,
        0.016952957843933313,
        0.03198916009738017,
        0.024330680173064657,
        0.010035539696374473,
        0.03157733720497921,
        0.027622953020264317,
        0.05835230220583359,
        0.03674990184455687,
        0.020077612655314006,
        0.05635360005025766,
        0.3206919678230513,
        0.20593440330631393,
        0.0061861294491233855,
        0.04183227274368015,
        0.009384504506893878
    ],
    [
        0.0005307455637795627,
        0.0004804587676297834,
        0.0015048333902486575,
        0.9889643656807031,
        0.0002449743290200578,
        0.00013410449465158812,
        0.001160735565479887,
        0.0004083639082089125,
        0.0006154455959316615,
        0.0010435418178205624,
        0.0004251855932282364,
        0.0008774285103378763,
        0.0005356157957873312,
        0.0009732415587030308,
        0.00017027469063474562,
        0.0014178007687737169,
        0.0005128839690611669
    ],
    [
        0.0007932685911956977,
        0.0012354421751908135,
        0.0009403787929794269,
        0.001675181630434498,
        0.0007464295968469307,
        0.002919999801506449,
        0.001791229247023651,
        0.00045516608600169823,
        0.0009316259783070214,
        0.0012912885309630097,
        0.0008470780478959868,
        0.0015516396186497,
        0.0005362305583227495,
        0.0008088400414276931,
        0.9803304292388021,
        0.0016469677379223916,
        0.0014988043265303384
    ],
    [
        0.22741525847573268,
        0.031018002818469288,
        0.014428514765320609,
        0.02134702964162984,
        0.04256872484661722,
        0.004546703342798733,
        0.061901726600103735,
        0.0440796505665822,
        0.03401809750159373,
        0.16526748614907955,
        0.019178109772066416,
        0.07373525773599093,
        0.09258810837543843,
        0.13259624042761742,
        0.003749699153243627,
        0.02556799076359905,
        0.005993399064116461
    ],
    [
        0.0144984387067822,
        0.047334493559283417,
        0.01292783201710384,
        0.05516141945585124,
        0.00906758777729361,
        0.0018223743278394343,
        0.01734747114781389,
        0.0034608688105131204,
        0.09234185340292346,
        0.025091245969653255,
        0.02315355369868143,
        0.05284957367348023,
        0.014967269825247978,
        0.03774484711778048,
        0.0025404740618119137,
        0.5457628456380732,
        0.043927850809867386
    ],
    [
        0.010049552912097751,
        0.023655591852331664,
        0.00669267249390939,
        0.004387230324842142,
        0.011023430329778164,
        0.0008257060924815279,
        0.002544067845371444,
        0.0018836028025848084,
        0.8070549199572278,
        0.007616227094811108,
        0.004552385564425546,
        0.037993249824623106,
        0.010421484090230918,
        0.021010661574796082,
        0.0004937620985200274,
        0.042561933981681864,
        0.007233521160286622
    ],
    [
        0.5307630274910268,
        0.03693254087077241,
        0.009121543297945223,
        0.009240652906533151,
        0.020025392728618818,
        0.0036524597828706835,
        0.04282696759082882,
        0.014674436077704571,
        0.051887452074527975,
        0.03760424555824384,
        0.005990818017057012,
        0.0751232273837952,
        0.06194929433363043,
        0.06383084078688435,
        0.0024151551547538595,
        0.024918789254753822,
        0.009043156690053015
    ],
    [
        0.061146009656749524,
        0.06604896917834034,
        0.012461351567065683,
        0.02224943857902966,
        0.01497226599061493,
        0.004865293336545383,
        0.02885369580192529,
        0.008787623214255167,
        0.21311228472524102,
        0.041439959759457114,
        0.031124280494084958,
        0.10446102951799098,
        0.07336738337664749,
        0.11222149328370486,
        0.004437309773905635,
        0.17306953039594197,
        0.027382081348500006
    ],
    [
        0.011245865460435723,
        0.06159006002155847,
        0.004133715729828087,
        0.005688190182591485,
        0.016348544432271343,
        0.001150811787310851,
        0.004871317028108649,
        0.0017018966769163045,
        0.49497816554124674,
        0.017378614006027526,
        0.030661511946713883,
        0.06603389489203082,
        0.011731470451241312,
        0.03364615891334037,
        0.001277547102752564,
        0.22522358339529885,
        0.012338652432327084
    ],
    [
        0.02079567564472703,
        0.012064342065910153,
        0.014895114728006626,
        0.011655517845312664,
        0.009141692940807297,
        0.7433919042438955,
        0.020546112365942705,
        0.023771441018246377,
        0.011910032272895664,
        0.018111969446673957,
        0.006802248163111581,
        0.022878658881722667,
        0.01280151357582052,
        0.013277920585656118,
        0.04081478920269469,
        0.011068319252610445,
        0.006072747765965932
    ],
    [
        0.25756720235746594,
        0.014156549733254897,
        0.009931456569763969,
        0.014571864516465234,
        0.007504552360936954,
        0.00561802051836865,
        0.035757137814724956,
        0.032160497834267006,
        0.035518599797618386,
        0.024283891282822576,
        0.006622605396331503,
        0.04742512652189319,
        0.37887249152633456,
        0.09823406252675722,
        0.002845814666199796,
        0.021872474076541196,
        0.0070576525002539695
    ],
    [
        0.004957692405253585,
        0.06481922349180227,
        0.0031085487335270837,
        0.0018648062093243282,
        0.008125681156051511,
        0.0003312775911269397,
        0.0015561505529977523,
        0.0008985711623439456,
        0.8014522659276843,
        0.008287024311027711,
        0.005779103049628956,
        0.044561591899707986,
        0.0032638116036539867,
        0.008150788682616454,
        0.00024264949811137582,
        0.039193303322888035,
        0.0034075104022536122
    ],
    [
        0.03905013749162816,
        0.10329555045239984,
        0.014723822133088873,
        0.009212758958403835,
        0.014126887736829666,
        0.00604843229560295,
        0.026552904645673947,
        0.009196661668068377,
        0.05905519123744435,
        0.07837066667115905,
        0.015003508487771726,
        0.5282563404817161,
        0.011872941724801094,
        0.02100648859971492,
        0.004157488094983664,
        0.05121027563361286,
        0.008859943687100576
    ],
    [
        0.3585673293399066,
        0.0060479797854501235,
        0.002805310994871722,
        0.004464434329275948,
        0.004206338270307253,
        0.001682025222295013,
        0.014952582444362605,
        0.00961684429893153,
        0.01506956534007896,
        0.0134561925942696,
        0.0026699184096980926,
        0.02306193826555056,
        0.4406396589481324,
        0.09185220614252645,
        0.0009539159093250367,
        0.008075298307869285,
        0.0018784613971486882
    ],
    [
        0.011302764335548075,
        0.01533903792359273,
        0.02655627191588826,
        0.6909250643329589,
        0.00752857524462937,
        0.005612222603391571,
        0.03212294146852733,
        0.006465142984882412,
        0.017050061163183562,
        0.018701920960551174,
        0.011528927599414924,
        0.021788040512348533,
        0.01072924214753549,
        0.01859697916289706,
        0.014829321375365386,
        0.050204616672726875,
        0.0407188695965584
    ],
    [
        0.1004708922624421,
        0.1666872687788265,
        0.010311642062536255,
        0.00755622669757874,
        0.03870005808435109,
        0.0034915432942471125,
        0.01829409206278002,
        0.009346691229155945,
        0.24905369821930304,
        0.05227532655374902,
        0.02151108886157535,
        0.15025682956874706,
        0.03894607659782958,
        0.056978383737191565,
        0.002403473276745557,
        0.05930690971378018,
        0.014409798999160884
    ],
    [
        0.03398762359302073,
        0.06717360723540756,
        0.024059317412064924,
        0.04918197096575657,
        0.04181823609089341,
        0.012502992579512602,
        0.03456164971627626,
        0.014229330831586385,
        0.06805242664852985,
        0.08486761266992479,
        0.2310241513291752,
        0.07454412143530822,
        0.03520985612380869,
        0.0647696224220706,
        0.023993948608032493,
        0.10764950132106496,
        0.0323740310175667
    ],
    [
        0.0031781541909746062,
        0.9098392986108579,
        0.0031750101049106564,
        0.0014159673185811517,
        0.0042309699062713126,
        0.0005192627428138391,
        0.0028127311208804118,
        0.0008662189392055775,
        0.014139602740331507,
        0.010151554504186965,
        0.004094843486675438,
        0.02410578125906286,
        0.0010461394807821395,
        0.00206725515750239,
        0.00048673898545479054,
        0.013071387125210304,
        0.004799084326298106
    ],
    [
        0.03552354679227749,
        0.005810137129627526,
        0.015652332340263118,
        0.010010139161931405,
        0.0034228317075056763,
        0.00754423278895579,
        0.016508733839501688,
        0.8265745115937665,
        0.007622979970274826,
        0.011217387765806788,
        0.0029427200677844597,
        0.011095235022000672,
        0.023197730924009938,
        0.012428088542345533,
        0.0018303469511778089,
        0.005486748947130233,
        0.003132296455640633
    ],
    [
        0.06718539054066801,
        0.02416255942597187,
        0.026561335583448174,
        0.09127369444327937,
        0.010450526663174434,
        0.011146073878162912,
        0.4565707154414063,
        0.04808290825997243,
        0.02008480143562734,
        0.05521866880027371,
        0.013563934096908446,
        0.03799997987409888,
        0.034481728750956384,
        0.03726939031194944,
        0.015741719227870623,
        0.03096623417932528,
        0.019240339086906352
    ],
    [
        0.004664566189777132,
        0.0013323291654621413,
        0.0038225774185930705,
        0.0015203531828470135,
        0.0005494167054455722,
        0.0012216284528269701,
        0.0034443869264808085,
        0.9713934649673344,
        0.001172294503894007,
        0.00314128407807993,
        0.0006157601271769698,
        0.0022464930388325028,
        0.0017505302640437104,
        0.00141234729475068,
        0.00030333511534361363,
        0.0009209977653469771,
        0.0004882348037646157
    ],
    [
        0.5325008011541535,
        0.029512001102749458,
        0.007310729217787053,
        0.008418654051465966,
        0.010366434257855352,
        0.0021423958130794927,
        0.026337635396093743,
        0.010359750064989548,
        0.06715607541370565,
        0.03617128578505495,
        0.0056711351599054135,
        0.08106720504507144,
        0.06911595800499566,
        0.07680277505035286,
        0.0014128766213678543,
        0.02785753867260187,
        0.007796749188770132
    ],
    [
        0.037479490425052296,
        0.13875876709281457,
        0.0189431027605264,
        0.01591597969626449,
        0.10958826485841673,
        0.009373549820860383,
        0.019544349539399535,
        0.010349285449039172,
        0.19572334729380106,
        0.044967106774512114,
        0.05952151432830583,
        0.10593864283494764,
        0.03664812270697717,
        0.06113997966945272,
        0.007960778875366371,
        0.10311844527451414,
        0.025029272599749484
    ],
    [
        0.06539185585580758,
        0.012730284048408015,
        0.015289921809552022,
        0.15183121576380895,
        0.007911160240463753,
        0.0028473877170521198,
        0.042641874471701695,
        0.019138504359416834,
        0.032883020794470384,
        0.03518762140476546,
        0.011041156735122556,
        0.04094903212054878,
        0.2512405154286895,
        0.25776081131946843,
        0.002542679786104667,
        0.042706071283765995,
        0.00790688686085322
    ],
    [
        0.3939063045131246,
        0.026552229194899545,
        0.013475756579836013,
        0.018302096722304213,
        0.01477576143180195,
        0.0038065050609487534,
        0.04386462380790412,
        0.028063002366343518,
        0.04911867859558522,
        0.04247130887192629,
        0.009070219857008151,
        0.056487629111613764,
        0.153517785409184,
        0.10332299152821932,
        0.002576228574464223,
        0.029096179529945934,
        0.011592698844890519
    ],
    [
        0.015887523505233044,
        0.042728022746447186,
        0.016239537913751857,
        0.04396715193835187,
        0.017501121790128922,
        0.003644119608791814,
        0.01991828633935576,
        0.007211927947605043,
        0.04099569787914539,
        0.08097037146445424,
        0.4812502073976575,
        0.05386386301638353,
        0.01502093545697466,
        0.03421561169459285,
        0.006767202912215991,
        0.10139581222081902,
        0.01842260616809136
    ],
    [
        0.003569530755482375,
        0.006621151537902016,
        0.0044159498069624055,
        0.004546501737650794,
        0.0034409699523123647,
        0.030263906273971127,
        0.007282747130919472,
        0.0021556243255148578,
        0.003976209602818304,
        0.005893605513557818,
        0.002987097233054961,
        0.007498250989474534,
        0.0019076924200909142,
        0.0028423682195533088,
        0.9016648149052157,
        0.005827282537895397,
        0.0051062970576236785
    ],
    [
        0.003542552958112095,
        0.004046148462016293,
        0.004262283309525017,
        0.007603436005032743,
        0.0026333572988619103,
        0.015916269713802122,
        0.00931628460308513,
        0.002648153433082385,
        0.003096572573823429,
        0.004931334733907849,
        0.0027217768428203643,
        0.005285663996957158,
        0.0023933135572595816,
        0.003209825518898285,
        0.9187126715489402,
        0.005012098985295735,
        0.004668256458579929
    ],
    [
        0.059490194245195326,
        0.04265504197218011,
        0.02717667657538136,
        0.024564425737919515,
        0.008980718555492827,
        0.009782691228651464,
        0.5664955246312033,
        0.03422822537188215,
        0.01594269558467218,
        0.0814170513226408,
        0.00798399493386561,
        0.05231516332793343,
        0.010954290152114597,
        0.015146345868280916,
        0.009074128165478883,
        0.02109712439595876,
        0.012695707931148815
    ],
    [
        0.07485390017624752,
        0.047009439633170134,
        0.07809251399549819,
        0.04178027151890612,
        0.032399752659757586,
        0.0789807993865151,
        0.07755218978578188,
        0.22120273983682495,
        0.03829047934157189,
        0.06398596463113834,
        0.023225825195004404,
        0.061692195261757045,
        0.0463796670549555,
        0.04297901959373605,
        0.021558172322365916,
        0.03251266503255295,
        0.017504404574216457
    ],
    [
        0.12556542564156103,
        0.005381901883745675,
        0.004460067770532678,
        0.008871298437751432,
        0.004710573187898247,
        0.002031255287663382,
        0.01850537570392252,
        0.024755669931290587,
        0.011642698943838159,
        0.015618348078686116,
        0.0037121641314793326,
        0.01732476706334405,
        0.6531346578680306,
        0.09294386937144812,
        0.0012044087246759405,
        0.008043976698741366,
        0.0020935412753906382
    ],
    [
        0.0037564345386155804,
        0.016539927104592428,
        0.004565556439255848,
        0.004492088647261307,
        0.005424287472632127,
        0.0007288653321984557,
        0.0025630640112040055,
        0.001996150877591124,
        0.01734459041920038,
        0.022963952907712977,
        0.8697023238628548,
        0.016653032564360223,
        0.0034922331792658886,
        0.007691124095656418,
        0.0006883924761126914,
        0.018842116999239555,
        0.002555859072246115
    ],
    [
        0.07673952501168686,
        0.015023196590120384,
        0.017410000615558738,
        0.012006444021773581,
        0.0065568741171196454,
        0.012354962393612222,
        0.06241988032265607,
        0.6446038433893858,
        0.011669291315368877,
        0.04898050607624313,
        0.007600145080300898,
        0.02762870002302862,
        0.021067339612143028,
        0.017495346049007935,
        0.004328316658782211,
        0.009709509618346643,
        0.0044061191048654245
    ],
    [
        0.014105632991128433,
        0.017592711964887202,
        0.5797188185369925,
        0.1775405190131398,
        0.006872735227299897,
        0.008403498184596266,
        0.02056287369300941,
        0.01848249135716033,
        0.020240007662266416,
        0.014852755284018795,
        0.0055149083113023144,
        0.023022513087375057,
        0.00977676525232291,
        0.012659004704220897,
        0.004387650750847069,
        0.026912903799289546,
        0.0393542101801434
    ],
    [
        0.022614162205700363,
        0.012117928626585653,
        0.02232927223413147,
        0.012852945641284346,
        0.010689533021935545,
        0.735576401730997,
        0.020732886472430857,
        0.03962995787539301,
        0.011796896076961933,
        0.015107793620569606,
        0.005646960612488158,
        0.018753614288346588,
        0.013556589624006597,
        0.01240221507041423,
        0.02809191772041984,
        0.010045608622032664,
        0.008055316556302067
    ],
    [
        0.018545515006547407,
        0.2034269800149957,
        0.02760872596780179,
        0.015035538815426934,
        0.03651012759818477,
        0.010204215809135305,
        0.01271851307452412,
        0.007055749781889463,
        0.19594188632741455,
        0.03147637378113843,
        0.06401270384845094,
        0.08779723304996802,
        0.013904085312964045,
        0.023219885493090855,
        0.008594362788050883,
        0.1436709095456921,
        0.10027719378472474
    ],
    [
        0.05088684153133887,
        0.021031446077181146,
        0.1559179557360129,
        0.061310297580058494,
        0.016143831685101563,
        0.012784772285672083,
        0.024412468662936206,
        0.3880947301878028,
        0.033864389297617585,
        0.042633923483748615,
        0.015250809581179197,
        0.04099426662121737,
        0.052609668300054986,
        0.04447481090623036,
        0.004153551416190427,
        0.024139594766078132,
        0.011296641881579325
    ],
    [
        0.18219359469761065,
        0.044769973028883164,
        0.008207517503528801,
        0.011826635206725857,
        0.01996282506969003,
        0.006991074768360945,
        0.04163607361190326,
        0.016609977039991092,
        0.06997015215444921,
        0.11226936891123937,
        0.03931008819802251,
        0.13648445610185678,
        0.11077722673334756,
        0.1386427589972669,
        0.005958290655144366,
        0.046398573234559336,
        0.007991414087420129
    ],
    [
        0.009202957853954799,
        0.02625442567177754,
        0.004618432647510146,
        0.00381338902258295,
        0.0061335480879539965,
        0.0006502438797561686,
        0.0025136599452685237,
        0.0017126117556856312,
        0.798602162509627,
        0.009645675221381054,
        0.006767597077430902,
        0.04268171378962617,
        0.010461222302599238,
        0.024272837879660173,
        0.0003948864975051853,
        0.048574795221751524,
        0.003699840635929108
    ],
    [
        0.07967035718661274,
        0.04663442907562561,
        0.013758013789181242,
        0.012760930185495676,
        0.1136797830347358,
        0.00624780107396675,
        0.014595837631247905,
        0.011409232502580685,
        0.21567503715859135,
        0.03304233293261426,
        0.019498365388326333,
        0.10034252728473747,
        0.11409994444608663,
        0.14092507113435257,
        0.0041351405829131395,
        0.057598437179899334,
        0.015926759413032534
    ],
    [
        0.009997749103456627,
        0.021385583117053717,
        0.009322400937476329,
        0.006581780563337127,
        0.8247550841891108,
        0.002290754776090845,
        0.004886976267980111,
        0.003732046512618692,
        0.025755078472642138,
        0.013556588439777955,
        0.010038545231569196,
        0.01830401685998876,
        0.007928083495586928,
        0.014479371603019705,
        0.0022655307212112283,
        0.01573050962078322,
        0.008989900088296707
    ],
    [
        0.0016161460342708437,
        0.002904665017918508,
        0.9624225045390954,
        0.005889069009039167,
        0.0012510678553599853,
        0.0014194742179822377,
        0.0013731124045013021,
        0.0044919060502318035,
        0.0032521937040529015,
        0.002383164517327364,
        0.0012848593825277564,
        0.0032886422138984684,
        0.0012233910382742506,
        0.0015194342424328538,
        0.0004237376973784395,
        0.002823869336091788,
        0.0024327627396169707
    ],
    [
        0.13463972534192858,
        0.02721552767816851,
        0.032968030489725464,
        0.027428397792805405,
        0.01699386875522422,
        0.007512609655894232,
        0.06507773993987037,
        0.3469502006246944,
        0.029836964685714985,
        0.08018898534026431,
        0.016165886521672265,
        0.05447488383291808,
        0.07048000728163,
        0.05571515128819522,
        0.003906824226643054,
        0.02247758228931803,
        0.007967614255332772
    ],
    [
        0.022905592806660813,
        0.017975449860046,
        0.0040280317742479015,
        0.010700051610288235,
        0.022532383929790997,
        0.0009085847901654535,
        0.007040619129217561,
        0.0029009002506435837,
        0.08312948643789499,
        0.045392898754533284,
        0.028917208910709105,
        0.06616369125226206,
        0.04915918163647061,
        0.5729952307987766,
        0.0009640116196705716,
        0.061133626572768184,
        0.0031530498658541317
    ],
    [
        0.007270818094775028,
        0.08494342922658749,
        0.03706062570746077,
        0.011656371826867655,
        0.018358192248029932,
        0.004239160691922056,
        0.0065318801434843385,
        0.0037389372687653783,
        0.046879229402658075,
        0.012638912075881921,
        0.014411982349983527,
        0.02499741440169653,
        0.004540028931429042,
        0.007523796645027069,
        0.00388960277163598,
        0.04812391165148447,
        0.6631957065623107
    ],
    [
        0.0031236836786297534,
        0.002477285639291827,
        0.00821808909459636,
        0.9364414200293112,
        0.0014583346794895154,
        0.0009949997054039446,
        0.00494432903766119,
        0.0026840394471983197,
        0.003952941943302655,
        0.0053215931497741665,
        0.0028218004125431647,
        0.004794281212055513,
        0.004157229446261226,
        0.006947359870013515,
        0.0010851214506551901,
        0.007829011029953417,
        0.0027484801738592414
    ],
    [
        0.07227192250384432,
        0.018377138468916792,
        0.07135778141763015,
        0.06077722646137453,
        0.015770338757230308,
        0.024312548594651588,
        0.03094710686814406,
        0.32829281883091227,
        0.03684354146356207,
        0.036805840663341936,
        0.014623757071905281,
        0.045250881893691565,
        0.1285935920224044,
        0.07108894842284467,
        0.006655411095488297,
        0.026545342620761008,
        0.011485802843296785
    ],
    [
        0.7598144749350231,
        0.006544765832872788,
        0.002761765424819378,
        0.0038037617316700302,
        0.004032677349566632,
        0.0018049128187769183,
        0.021876916661041884,
        0.014214380742495078,
        0.010067555253065696,
        0.030671358917194046,
        0.0029171503531170654,
        0.03019454452617374,
        0.0593721695953991,
        0.043188750720995144,
        0.001033070238337041,
        0.0062814554692948756,
        0.0014202894301572665
    ],
    [
        0.00933828347886494,
        0.043385866998774406,
        0.01420903442785268,
        0.014382408968691219,
        0.016487376056194054,
        0.004062632332294377,
        0.009793108189738288,
        0.0031302529651726055,
        0.03859847069638977,
        0.010979819911696456,
        0.010054266211215725,
        0.021619819005694187,
        0.006623540394603416,
        0.010925043500816132,
        0.0063056455772778925,
        0.05378437197546269,
        0.7263200593092611
    ],
    [
        0.050597303561687075,
        0.027289346849030467,
        0.03675483887959024,
        0.11225394585254367,
        0.024037924481313908,
        0.11794711645791148,
        0.06889438789851626,
        0.03666598775323206,
        0.03683771487534244,
        0.05474726992841308,
        0.02713013600672119,
        0.05852189272551097,
        0.05750669266425024,
        0.07140198426804081,
        0.14904637449388394,
        0.0495222946386083,
        0.020844788665403933
    ],
    [
        0.0704708560271114,
        0.004219397498344062,
        0.0019585760435739965,
        0.004669088789573894,
        0.002069645625001272,
        0.0007523724429460946,
        0.007564674892904928,
        0.005364420900134087,
        0.014155941718664598,
        0.020827392963166862,
        0.004409410608524612,
        0.02507363620499448,
        0.5322815546493235,
        0.29547863682655195,
        0.0004931767726334207,
        0.009174776350362632,
        0.0010364416861882145
    ],
    [
        0.044803810027474605,
        0.01182175075589167,
        0.004160446215140458,
        0.011967652955802722,
        0.01023510757688831,
        0.0021710922019498946,
        0.01232762711893757,
        0.0045561387987060695,
        0.0546105173790057,
        0.021298289865108972,
        0.012357653028683134,
        0.04975701265213388,
        0.2539179179718527,
        0.4547250854654429,
        0.0022835302346783577,
        0.04387830551951843,
        0.005128062232784584
    ],
    [
        0.00959978092117032,
        0.12086742519731851,
        0.00975778331844858,
        0.007477289436496486,
        0.019632558264957103,
        0.0016338159519081843,
        0.004743012579289513,
        0.002996555151316176,
        0.29617520473615405,
        0.03528935949572044,
        0.2414068533077373,
        0.07909204182699471,
        0.00873926929068861,
        0.022250870432409947,
        0.0013289149675884408,
        0.1297958801270042,
        0.009213384994797532
    ],
    [
        0.341042332237523,
        0.013462557820113744,
        0.004298815156243278,
        0.011101823630823274,
        0.007080737317383564,
        0.001458027677244848,
        0.0638393098764577,
        0.01322892393671637,
        0.017864495615164934,
        0.1684698991397898,
        0.009397043365663764,
        0.05448428073921288,
        0.09396817170529649,
        0.18010838987494004,
        0.0013536016560689887,
        0.016511572090754954,
        0.0023300181606024963
    ],
    [
        0.01816419549663084,
        0.5515311241056646,
        0.0029260737368955276,
        0.0025521553966749,
        0.009514436749549673,
        0.0007777201276235582,
        0.007508221245539309,
        0.0016295436602604308,
        0.07507458644998724,
        0.05590618868153666,
        0.00869517137667727,
        0.205494108051648,
        0.004383336902316754,
        0.011745047428854046,
        0.0007280535657433109,
        0.039472125468281716,
        0.003897911556116147
    ],
    [
        0.10826414298131781,
        0.017605223408911016,
        0.010062554440274058,
        0.018117003842198054,
        0.004045972976521947,
        0.007565690999899803,
        0.6371135447196957,
        0.025239543639632954,
        0.01436911979396935,
        0.03804513913130821,
        0.005473999351337417,
        0.03878269612972902,
        0.021419275603935112,
        0.021114995875070718,
        0.006180639845925748,
        0.01809078611776081,
        0.008509671142512169
    ],
    [
        0.033070179736920315,
        0.03516407152383689,
        0.4973993612451471,
        0.04274313658529211,
        0.02329053019842524,
        0.030563866199518435,
        0.02223760276661907,
        0.0665184373440657,
        0.043073177546043735,
        0.021713626413140317,
        0.009913634931633065,
        0.036333665566327215,
        0.023114412450965727,
        0.022081709798712868,
        0.007500451017745529,
        0.029355819708342924,
        0.05592631696726383
    ],
    [
        0.004340685922255239,
        0.022756630975389585,
        0.006655152870697841,
        0.003671511673662997,
        0.8855285222780569,
        0.001501986422392076,
        0.0028718627283014406,
        0.0018810406681169414,
        0.015299206456607838,
        0.007815023863249164,
        0.007919972744177247,
        0.01095129470007032,
        0.0030897780782641517,
        0.00575450512891506,
        0.0016456880859526779,
        0.01092083298548731,
        0.007396304418403301
    ],
    [
        0.09508363723600621,
        0.04690019874220707,
        0.029415003524606662,
        0.05451583588619262,
        0.03194831988393211,
        0.026959359788088975,
        0.17983724923635092,
        0.052631579304528595,
        0.04128200920749883,
        0.09033401139649207,
        0.029387855613445996,
        0.07906325761505105,
        0.06876710662908098,
        0.08084302222053762,
        0.028332734468933227,
        0.04892489015722502,
        0.01577392908982204
    ],
    [
        0.003819403780719196,
        0.014433145703559646,
        0.0025302869077465442,
        0.0020379997899239335,
        0.9042772036759327,
        0.0010055183256377908,
        0.0018812058258716,
        0.0011980064299315263,
        0.016413374424160642,
        0.0072448671789820136,
        0.0108125674012225,
        0.010816918512422561,
        0.0034036970990721617,
        0.007224840034750891,
        0.0010751536596588702,
        0.009186932253157573,
        0.002638878997249811
    ],
    [
        0.0198432893116315,
        0.030118656564205273,
        0.03836414455622095,
        0.045543016538032575,
        0.0349660669601857,
        0.07483257926969988,
        0.0331130890040177,
        0.014523142036031014,
        0.024995585801064656,
        0.023681740509373227,
        0.016443857962378884,
        0.03032094051396111,
        0.015238955853401768,
        0.02044148805708576,
        0.4835084364046495,
        0.03447055069512433,
        0.05959445996293612
    ],
    [
        0.06057769337904291,
        0.04664702925590648,
        0.043143661061445224,
        0.05019680054902864,
        0.023639170187941434,
        0.14038847931042572,
        0.049039746698429414,
        0.03501381081153852,
        0.07566083377585414,
        0.049845770900669786,
        0.03320207802640232,
        0.08955460727631154,
        0.05884175375614446,
        0.06221334772022663,
        0.06208761425611573,
        0.07518407575932157,
        0.04476352727519543
    ],
    [
        0.01091261927432892,
        0.0024368805350945834,
        0.0009400408825716512,
        0.004866678969189575,
        0.0019065991469893265,
        0.00027121336782688014,
        0.0039039011372267187,
        0.0011440866090972957,
        0.007622102442015496,
        0.011769300768212504,
        0.0035037012573772897,
        0.010639628058190537,
        0.04679220682910101,
        0.8835284704112434,
        0.000297219528800977,
        0.008802355748073844,
        0.0006629950346600579
    ],
    [
        0.011122544719636172,
        0.002438531136965186,
        0.00651784503177068,
        0.0029544604299199585,
        0.0010828597866447093,
        0.0031995849513606015,
        0.007346786064760947,
        0.9406670900397404,
        0.002381581750019748,
        0.005415932768752564,
        0.001111112922328914,
        0.00489492327733925,
        0.004210618763914363,
        0.003027422794489621,
        0.0007224560231114902,
        0.0018771900924084465,
        0.00102905944683689
    ],
    [
        0.037793765955303024,
        0.034903707568494376,
        0.05379603199026881,
        0.1277410476151505,
        0.019566550380071098,
        0.11104666518347221,
        0.049126353306075114,
        0.027934218870966,
        0.054711640349731076,
        0.040417571293265224,
        0.03352246733536116,
        0.06377669797569901,
        0.048059198038791016,
        0.05653865254127842,
        0.10871213476004274,
        0.08216842573079008,
        0.0501848711052401
    ],
    [
        0.0766656313309358,
        0.06510332990305671,
        0.027370288929407384,
        0.048198287500773616,
        0.028105020321949833,
        0.024435949483846087,
        0.07473956108272589,
        0.023989885263707014,
        0.09454634938982881,
        0.051613386385199314,
        0.0373191034714841,
        0.08836600345757542,
        0.08790195348007072,
        0.09443893904060889,
        0.02545741183469988,
        0.1059362090039012,
        0.04581269012022927
    ],
    [
        0.03834677154403553,
        0.032311959145483425,
        0.005156945251287871,
        0.005845036500879795,
        0.008105984985343612,
        0.0010158404785945126,
        0.010628508799307403,
        0.005666690899319345,
        0.030200268853782287,
        0.6745437513414817,
        0.020561630834471288,
        0.10165916397549736,
        0.011121295332660023,
        0.030919154639266543,
        0.0008043977280397851,
        0.02070386155125156,
        0.0024087381392980623
    ],
    [
        0.09017921046853376,
        0.02744776836469025,
        0.01658603387922112,
        0.027706511604456332,
        0.1253544561123896,
        0.008965531498910967,
        0.027707788354628324,
        0.02059582901567108,
        0.06306466372727514,
        0.04022827454736789,
        0.019765606908532456,
        0.05653351228662251,
        0.20280908255486757,
        0.21087003184324815,
        0.008116874958177697,
        0.040377454987589656,
        0.0136913688878175
    ],
    [
        0.01731213173172219,
        0.09756171859150392,
        0.008971300373030875,
        0.010345759419541611,
        0.01801342983050991,
        0.003445470927070522,
        0.017859751564729655,
        0.005684827351692341,
        0.03636135264235034,
        0.22490936106712833,
        0.3646447430669761,
        0.0990039767766672,
        0.008551086242475666,
        0.01996393538046068,
        0.005068676393413262,
        0.05436507135806592,
        0.007937407282661416
    ],
    [
        0.08070202640725876,
        0.0994319976884299,
        0.029161492301292075,
        0.03212612553022885,
        0.0455369720437702,
        0.022541547751687856,
        0.07832732607431231,
        0.029180463840371193,
        0.08066748405658786,
        0.09308431293787763,
        0.04040726571205942,
        0.12830142200283406,
        0.05315390235410544,
        0.07635609893837013,
        0.017349704878418963,
        0.07493396551733435,
        0.018737891965060944
    ],
    [
        0.14272910036787625,
        0.04676343486085619,
        0.025106721696931726,
        0.03704173176298962,
        0.031965046517164135,
        0.018217633835094036,
        0.07401515705940793,
        0.049637055602679094,
        0.0527944536644132,
        0.11878465916466366,
        0.04125945336020627,
        0.093195747241093,
        0.08810636798592977,
        0.09702662284030722,
        0.016219089895343156,
        0.04890521182814403,
        0.0182325123169007
    ],
    [
        0.016714582101847595,
        0.026370673272167744,
        0.11454071588606143,
        0.49632099013474695,
        0.009244946367485497,
        0.007557329070677543,
        0.03224696159507238,
        0.012261284244269378,
        0.03092231294260075,
        0.020394380518408983,
        0.010315342988136394,
        0.02962035104704565,
        0.014170634113755074,
        0.021051376187856876,
        0.007366990018233844,
        0.06153230107766024,
        0.08936882843397362
    ],
    [
        0.010809720756534642,
        0.030660919631514856,
        0.033603176195743795,
        0.05675409819890161,
        0.014114568086589282,
        0.008925943533598409,
        0.018658471050722027,
        0.005588583002240565,
        0.028290315248839935,
        0.014936980738785157,
        0.013077745151276911,
        0.025223955511759127,
        0.008621314976112314,
        0.01360086012969388,
        0.022091270212253787,
        0.061784684198881425,
        0.6332573933765523
    ],
    [
        0.027158606485564497,
        0.032414151929084124,
        0.0225199970819242,
        0.03798264512086552,
        0.022095460162559987,
        0.07374347465179046,
        0.05234193079286808,
        0.01961216518740245,
        0.02465953133883845,
        0.061019318978317055,
        0.04096554044248255,
        0.049397190940756744,
        0.019387559133259985,
        0.029193931133681725,
        0.4344114749954521,
        0.03720062603027392,
        0.01589639559487815
    ],
    [
        0.009336426828000967,
        0.12039163228281473,
        0.014438167810127845,
        0.03118628474733469,
        0.011027409144343666,
        0.0023829617414150212,
        0.016035955816481113,
        0.00265536949138056,
        0.05812591183886762,
        0.03025641501529316,
        0.03079413229626746,
        0.05558177943345818,
        0.005801461982634039,
        0.014333800324437616,
        0.00485418312397519,
        0.46112070372102587,
        0.1316774044021423
    ],
    [
        0.030206289157828744,
        0.0951366389671688,
        0.07075116241964848,
        0.09257405136652665,
        0.041640840612670475,
        0.03172997410726135,
        0.052878352337592895,
        0.01892944747305973,
        0.07288660419885815,
        0.0550125434140448,
        0.05220703776937851,
        0.08113590249106999,
        0.025998751020886567,
        0.04277223373404981,
        0.044980188492271846,
        0.12691978901401746,
        0.06424019342366577
    ],
    [
        0.003616351948510617,
        0.014787118317446401,
        0.002759867601659005,
        0.003868262730905311,
        0.010068538723304224,
        0.0008503382720952523,
        0.00268336810817006,
        0.0014333109627402574,
        0.01537553680870071,
        0.01718105032327193,
        0.8790078662891933,
        0.013198101993505702,
        0.003832574164321386,
        0.009385434173387785,
        0.0011043522179734898,
        0.018345424676174883,
        0.0025025026886399187
    ],
    [
        0.03576704670500462,
        0.006672175281418747,
        0.0043496302097161335,
        0.008243689573925959,
        0.005451928402318156,
        0.001568478522437949,
        0.00672945707981202,
        0.00886760887037201,
        0.026361465489478292,
        0.015786604867952025,
        0.008119270178463681,
        0.021900450525067353,
        0.6114078535081358,
        0.22209150042831968,
        0.0008945622751855718,
        0.013702713910363172,
        0.0020855641720288432
    ],
    [
        0.0034360832706522237,
        0.010312340611234828,
        0.0029319076168443257,
        0.004339312805023663,
        0.004827252681652697,
        0.0007582625611402763,
        0.0026637254020786066,
        0.0016289402286447051,
        0.011088398544084707,
        0.01809859415768467,
        0.8992459797961349,
        0.011349484956934419,
        0.0035007343710469143,
        0.007699639540736729,
        0.0009327364133659617,
        0.01480303308858229,
        0.0023835739541579687
    ],
    [
        0.003292732566299709,
        0.011000338516568469,
        0.014930397950069476,
        0.013914348425742249,
        0.0031093078118452095,
        0.002805217206894423,
        0.004720674542781703,
        0.0016232893273063936,
        0.01086434400268636,
        0.003917071334693315,
        0.002674384234534607,
        0.00836796866879229,
        0.002310698625580529,
        0.003560643334883759,
        0.0034055585253511566,
        0.020090794086835576,
        0.8894122308391348
    ],
    [
        0.022521615404511777,
        0.06585242463959151,
        0.06178592895384668,
        0.05051021262239405,
        0.018559507809689336,
        0.0036827644604302875,
        0.013023031966212928,
        0.00772957984947545,
        0.20983148118893535,
        0.04176403296266688,
        0.022705928511262668,
        0.1446913090955878,
        0.017123068598827236,
        0.03788276674379715,
        0.00286385962606074,
        0.23061595731678775,
        0.048856530249922425
    ],
    [
        0.011615319789864962,
        0.13260056158013228,
        0.1898429871037694,
        0.08246050414495695,
        0.017782972828517343,
        0.005267748887417635,
        0.016727555408106772,
        0.007154312195327349,
        0.06868280590669182,
        0.03529921700010286,
        0.03083253989752236,
        0.0591861280578683,
        0.007641115905531655,
        0.01544410350612242,
        0.005290565223725014,
        0.17139959770226473,
        0.14277196486207813
    ],
    [
        0.003860136914674353,
        0.013879691706852264,
        0.8564656685281232,
        0.030037241406764784,
        0.004169147712810386,
        0.0037525649944607073,
        0.0059492517608898815,
        0.005810269940001222,
        0.008786310986013719,
        0.008130914263316233,
        0.00498119159760225,
        0.01004992192535248,
        0.0024614762477060373,
        0.0036751720079437975,
        0.0023539308169552137,
        0.012746546329960714,
        0.022890562860572915
    ],
    [
        0.04314890345212982,
        0.10979982197942027,
        0.035502291698346504,
        0.04003078795968439,
        0.04047947754667717,
        0.026217016419009188,
        0.06462396369506943,
        0.025808447057987537,
        0.061422389256725954,
        0.12714811146425764,
        0.10895081032144749,
        0.10678354870131057,
        0.029307363673109786,
        0.04913880068906103,
        0.029863995868762223,
        0.08081565877166413,
        0.02095861144533689
    ],
    [
        0.25639841470129593,
        0.025652945667406068,
        0.009869811175646868,
        0.015607481981244932,
        0.009003914024442389,
        0.0071282421446192635,
        0.3558693090182901,
        0.043181664490750185,
        0.01953784428924885,
        0.0815295337357542,
        0.010672469276267181,
        0.04722346371865886,
        0.044088789141910945,
        0.04130621445865844,
        0.006216938102925207,
        0.019459364313385446,
        0.00725359975949507
    ],
    [
        0.03525323527522267,
        0.04175079900050162,
        0.016823126401101778,
        0.04066864607109227,
        0.011676199089976693,
        0.0038766781653039118,
        0.09172833086024391,
        0.017763477864943967,
        0.021147215710572393,
        0.5196157630644946,
        0.04426260910497627,
        0.06089567001299822,
        0.015050159258501875,
        0.0330412535397873,
        0.004776565883342319,
        0.03527040804104108,
        0.006399862655898971
    ],
    [
        0.023333925368931956,
        0.05656783743411967,
        0.5525901115980615,
        0.03158075955645515,
        0.02177776901903169,
        0.012006107515524549,
        0.023544853505020783,
        0.0635984208005893,
        0.03141801540318373,
        0.03842960996560872,
        0.017262579234138178,
        0.04050981003617806,
        0.011970226093895267,
        0.014829299946924498,
        0.00522413566289749,
        0.027161143780242168,
        0.028195395079197216
    ],
    [
        0.03908943811720463,
        0.07637700676931801,
        0.015089355534482042,
        0.030778630739024947,
        0.032092885529424756,
        0.005646458355455995,
        0.061471284910362106,
        0.013452091070435164,
        0.04331433349808193,
        0.20605857655858556,
        0.2213802596537627,
        0.0783798630185339,
        0.024645684202207314,
        0.05126686535097243,
        0.011300549425354632,
        0.07346856918496965,
        0.01618814808182421
    ],
    [
        0.025862014191367775,
        0.0030999850383935444,
        0.002745503552635445,
        0.006495771616359866,
        0.0026935462586907405,
        0.0010176094812234992,
        0.005607559029553861,
        0.007242274807653913,
        0.009777636872104346,
        0.007109670399976181,
        0.0030267824725693265,
        0.009584097327253488,
        0.8206534779959839,
        0.08649925076007674,
        0.0006255945304840213,
        0.006529322279287893,
        0.0014299033863853393
    ],
    [
        0.04789905848025909,
        0.04299009015588323,
        0.015609704649017142,
        0.04539863637788232,
        0.009781674171799587,
        0.009061857003956912,
        0.4987752483308885,
        0.013653370707642578,
        0.024247230547930945,
        0.0689158486984446,
        0.01708217103154688,
        0.0559490458136173,
        0.018072518157004083,
        0.027837284896115276,
        0.024840997566921534,
        0.051517800978759694,
        0.028367462432330445
    ],
    [
        0.252700902388192,
        0.023376499763098434,
        0.0070733798847434975,
        0.011901071963796962,
        0.009607690194417037,
        0.0018172222949802501,
        0.03905661224437806,
        0.021735822497110438,
        0.03704324591600299,
        0.14334481953117115,
        0.015941877688415696,
        0.07856924277215135,
        0.13852834019980106,
        0.19000975990070706,
        0.0013151382472865888,
        0.024733159869525654,
        0.0032452146442217876
    ],
    [
        0.047397336100367594,
        0.09166389800207228,
        0.016162974531292902,
        0.016044690570752862,
        0.12958561900728155,
        0.006964647816565804,
        0.01962153659145874,
        0.009998528580576118,
        0.2162444282103734,
        0.03747691127438886,
        0.03612157863705503,
        0.09825977814994688,
        0.05744792803608636,
        0.09050088355007656,
        0.006115894200956185,
        0.09654209180362117,
        0.02385127493712766
    ],
    [
        0.014147980570233174,
        0.379512116722715,
        0.02959688740760127,
        0.012630507481607663,
        0.046552266144225925,
        0.002731572707441675,
        0.008375640968703597,
        0.005110379744415134,
        0.17530738526497183,
        0.03756281182306456,
        0.04803333234049248,
        0.0599446750431564,
        0.008308771755180334,
        0.017294192548478155,
        0.002285939902439523,
        0.09793192847913142,
        0.05467361109614181
    ],
    [
        0.017401753561459912,
        0.050496362188059724,
        0.0354014277282795,
        0.07557738875382809,
        0.01949788609482428,
        0.005466752330989103,
        0.02419288580156596,
        0.013297496502779591,
        0.04102664452445454,
        0.10432194746252513,
        0.4008220759481922,
        0.05650550935668134,
        0.016630195642099065,
        0.03510389267834751,
        0.0069692092736458435,
        0.08249838520905903,
        0.014790186943209093
    ],
    [
        0.4759589031686678,
        0.02354930942052489,
        0.007735018996677872,
        0.010296581061001554,
        0.005796922745463204,
        0.002287061025638034,
        0.06223668441859788,
        0.03720087607619512,
        0.024738193477058863,
        0.14927345094365618,
        0.010817235430852999,
        0.05588702789818319,
        0.05466170492422362,
        0.056800421233406,
        0.0014513849693835964,
        0.0174756398443193,
        0.0038335843661499347
    ],
    [
        0.025297023438926314,
        0.3814620121190789,
        0.013912072888217336,
        0.0076462172877119665,
        0.004972750129733192,
        0.001587797376881118,
        0.015578233215268597,
        0.005167991134825581,
        0.08102947795726961,
        0.10187860630992474,
        0.011931464296666102,
        0.25736394394702966,
        0.00606469796306777,
        0.012558983560019516,
        0.0010356802042162654,
        0.06366005116276702,
        0.0088529970083963
    ],
    [
        0.022389961541068485,
        0.05152105026873895,
        0.012255364525466312,
        0.014971915192246808,
        0.0190108334529972,
        0.00330060655944798,
        0.01034338456870814,
        0.004762724743230088,
        0.27547057256086005,
        0.03119950555119206,
        0.033007172318610445,
        0.19583718822773707,
        0.024408559677220026,
        0.05278006524978024,
        0.0031211730596084493,
        0.22656912132908938,
        0.01905080117399822
    ],
    [
        0.024136533259768972,
        0.037959677235720544,
        0.23274607043555653,
        0.047115133121202434,
        0.01622249575787425,
        0.308035819570985,
        0.024815500195510286,
        0.04873731375063953,
        0.03463321423222581,
        0.03287577010346043,
        0.018692774704401158,
        0.04209589776331217,
        0.015954081217498584,
        0.018999470772066738,
        0.027150840135531134,
        0.033114279257263124,
        0.036715128486983335
    ],
    [
        0.03128575489777805,
        0.18357021505909957,
        0.01609642470839603,
        0.013883224602787049,
        0.014390137294181145,
        0.005139668599442131,
        0.04433632067578963,
        0.012650301341431115,
        0.03679833642924851,
        0.33656712120513577,
        0.10401734361526864,
        0.10448330107260605,
        0.010494475962616026,
        0.01967439570363947,
        0.0057150627743379106,
        0.049003079031928264,
        0.011894837026314652
    ],
    [
        0.020999183538898618,
        0.03370949253598388,
        0.01045229100461753,
        0.008795287402284921,
        0.009247329423510264,
        0.0011314060031162305,
        0.005066111257487322,
        0.0037876149652778094,
        0.6427016013091013,
        0.018703389527851572,
        0.010711937467366177,
        0.07695623291476696,
        0.021145903113919926,
        0.0427469814563987,
        0.000732491968592895,
        0.08262207244970914,
        0.010490673661116834
    ],
    [
        0.0067044123444846716,
        0.020714434916828853,
        0.003622300963164675,
        0.011920889503619393,
        0.005623653562808773,
        0.0009091323950912769,
        0.005607360865618335,
        0.0011428110793563302,
        0.07541752860713517,
        0.012216466620826058,
        0.012653854311442331,
        0.046050510090118124,
        0.006938243775417171,
        0.022546281041760385,
        0.0015223157365294065,
        0.7506114576701834,
        0.015798346515615545
    ],
    [
        0.006272390551150302,
        0.0017431249794007295,
        0.00047721098335788193,
        0.0013466631276501612,
        0.0014045116338648174,
        0.00013676998308290267,
        0.0012330195333619875,
        0.0005471996643814107,
        0.00865844608232271,
        0.006082572668825807,
        0.0024892042323419942,
        0.00798476862036284,
        0.030166137437629126,
        0.925617521090834,
        0.00012518022827026168,
        0.0053646433320981525,
        0.000350635851065089
    ],
    [
        0.0009601234479403049,
        0.0007532454559827621,
        0.002024115633163365,
        0.9807988491141111,
        0.0003591983915980555,
        0.00027020376504426503,
        0.0022954823094439598,
        0.0007103200710451666,
        0.0010691005299250922,
        0.0017113414433213032,
        0.0007016191348821197,
        0.0016700671524929691,
        0.0011010992963970594,
        0.0019355045575115586,
        0.0003362372092747221,
        0.002590991757668975,
        0.0007125007301973076
    ],
    [
        0.009044352978254585,
        0.011710658811864361,
        0.03048888294428691,
        0.011544048770410306,
        0.006701399111483723,
        0.8040112431542173,
        0.009569914796313124,
        0.012634112904084858,
        0.01156092689415139,
        0.008457980760196916,
        0.005256212263096429,
        0.013808247107723689,
        0.006541090988468958,
        0.0068744190044499115,
        0.02554378257475601,
        0.010943867581215093,
        0.015308859355026091
    ],
    [
        0.0810954234734606,
        0.03900992854761046,
        0.035553559166144076,
        0.04148006798158496,
        0.24336178029638703,
        0.009869238176192285,
        0.03086950975418755,
        0.030440481063525725,
        0.06896298418431479,
        0.046877296060039604,
        0.02046586170817712,
        0.057713148150531746,
        0.09907028562514213,
        0.12145907824431078,
        0.007904864467541335,
        0.04400650077068219,
        0.02185999233016761
    ],
    [
        0.03115370494587941,
        0.02409212662373144,
        0.061045623829287445,
        0.4283427758871755,
        0.015033241880199567,
        0.009693206143358257,
        0.04327435592640492,
        0.02638783827299479,
        0.03589459984978432,
        0.04809326927386406,
        0.029562336270233094,
        0.049377255818054744,
        0.03641010952710223,
        0.05174231858615186,
        0.012139102186189034,
        0.06540963385851623,
        0.03234850112107303
    ],
    [
        0.10747584500616278,
        0.024027073001852767,
        0.021106659052785644,
        0.06494557036889809,
        0.014381351222135864,
        0.01090977028424925,
        0.32772330204206573,
        0.04604105395591281,
        0.022071683319877307,
        0.12096365140678154,
        0.015800661433414877,
        0.06807586489954483,
        0.04168351235888083,
        0.05632576971077949,
        0.01561304186039825,
        0.03174239975559228,
        0.011112790320667736
    ],
    [
        0.01525396568660155,
        0.14049759670836948,
        0.040029446366719006,
        0.014025152255237212,
        0.024648575072072673,
        0.008264318799803157,
        0.01172247261343498,
        0.006730212303505206,
        0.08809180504692458,
        0.018889493795955524,
        0.017488191402069135,
        0.04273385509238743,
        0.008993552791171583,
        0.013354752383693533,
        0.0060223602521277675,
        0.06581674408069861,
        0.47743750534922846
    ],
    [
        0.8979711303994211,
        0.0028248411047524322,
        0.001255147158308272,
        0.001864190840980682,
        0.000875825713114095,
        0.0005765415192283762,
        0.02099559620299959,
        0.008959447641074494,
        0.003668374688272785,
        0.014464325328528324,
        0.0010428775622950185,
        0.011132613353609194,
        0.01825407616121607,
        0.012585389392231312,
        0.00031383644150628125,
        0.002628752349580711,
        0.0005870341428816937
    ],
    [
        0.030712700119845393,
        0.011016608192061413,
        0.0303139000530308,
        0.012454860563119887,
        0.005377058124722308,
        0.005042150498752585,
        0.020399923154702692,
        0.7886124194522032,
        0.009337679930788515,
        0.027246005163886016,
        0.005988037708251895,
        0.015958455185110115,
        0.012820459121475882,
        0.011287550894070573,
        0.0019031401227737658,
        0.00738526523920181,
        0.004143786476003164
    ],
    [
        0.0008960782880722992,
        0.005040208585013487,
        0.00444951880018648,
        0.0027749881198695656,
        0.0013208800838545116,
        0.0005460835348455812,
        0.0012753583675505346,
        0.0004481948567213235,
        0.00327962136653129,
        0.0012388434090700698,
        0.0009493772528514103,
        0.0024193898795099125,
        0.0005746181743461214,
        0.0009158970288509664,
        0.0007194378431898002,
        0.005670721142241928,
        0.9674807832672948
    ],
    [
        0.0013154781868237602,
        0.009409044658961734,
        0.0010211002229746572,
        0.0013564032423693873,
        0.002917536047134053,
        0.0002883940388472413,
        0.0009957192075635251,
        0.0004352526145014956,
        0.00891686164005577,
        0.0067633643550791414,
        0.9406722881785391,
        0.007029998509928872,
        0.0012109687157301201,
        0.003112163631414912,
        0.00038920762702875544,
        0.012850084554350308,
        0.0013161345686974102
    ],
    [
        0.04595961433020621,
        0.01137729801340188,
        0.004818619908386705,
        0.017385606914441864,
        0.009620523993521306,
        0.002306526913572301,
        0.017200822921391582,
        0.006689611085342326,
        0.03507692958081036,
        0.025442270449609207,
        0.01664474644426206,
        0.032039546939071836,
        0.3377998129525169,
        0.39595454045307404,
        0.002546532233634911,
        0.033982017309823954,
        0.0051549795569326064
    ],
    [
        0.0036796624001866896,
        0.012910664247445818,
        0.01597243829475845,
        0.014118887639942174,
        0.00378583276121442,
        0.0015083381804194727,
        0.004687538785967096,
        0.0017381342321674588,
        0.012059305323588074,
        0.004957901595335764,
        0.003309216259834357,
        0.009376727084416711,
        0.002409629854194717,
        0.0038981541341576217,
        0.0018897344182082657,
        0.02183170110236977,
        0.881866133685793
    ],
    [
        0.22678080365005723,
        0.0056967924382001845,
        0.0030024686222268164,
        0.004551983476925964,
        0.004447259018050138,
        0.0015988803991883525,
        0.012194476013251621,
        0.014916297498139035,
        0.013201588935075094,
        0.01617589431767253,
        0.0035063152953087786,
        0.01853141717684506,
        0.5732861445059266,
        0.0925937825723369,
        0.0008712699935049317,
        0.006998858777214203,
        0.001645767310076485
    ],
    [
        0.05426540905290187,
        0.043592853725867985,
        0.04675465338385055,
        0.13310203919242308,
        0.026210259055503227,
        0.032430061865501604,
        0.18060859015816655,
        0.04417050147329581,
        0.03639614936642719,
        0.06798933488230555,
        0.03106057760293144,
        0.059352890873462634,
        0.04435796624820824,
        0.05610077511882308,
        0.05670493495627113,
        0.057965861401576634,
        0.028937141642483455
    ],
    [
        0.005996040454425234,
        0.7974636683041428,
        0.006097946565310646,
        0.0028692165587244235,
        0.019385028788967182,
        0.0009643754096595123,
        0.0038010788968320924,
        0.0016564840189711373,
        0.05372265810755951,
        0.014896682825405976,
        0.012737305858712642,
        0.030272695241462592,
        0.0027483179404670204,
        0.00556634036964124,
        0.0008590664492941305,
        0.02971742165847069,
        0.011245672551953153
    ],
    [
        0.06726979397426318,
        0.02154169622676457,
        0.028761369181763457,
        0.18420174712122311,
        0.010182898270739526,
        0.0027355342373116525,
        0.03353980083362471,
        0.01709875344195095,
        0.07328172641945561,
        0.04145380908318406,
        0.012522248224078972,
        0.07036414863547907,
        0.12935391426175735,
        0.20356593354912955,
        0.002190614723815063,
        0.08702907622600582,
        0.014906935589453395
    ],
    [
        0.4419591546565409,
        0.042507087190278084,
        0.023768917070606247,
        0.01587504302351106,
        0.010305821301993564,
        0.005893939797982622,
        0.08093481161905411,
        0.06635023920727283,
        0.04398588061051588,
        0.052356303376371996,
        0.007757954175083655,
        0.07793597144139587,
        0.04770559525650648,
        0.03847609125613443,
        0.002893542248982064,
        0.02670118557656786,
        0.014592462191202398
    ],
    [
        0.0019090490900551009,
        0.9421985449999807,
        0.0021325165451966145,
        0.0010445959206615918,
        0.00261424657083203,
        0.00034843213367130035,
        0.001955994773983197,
        0.0005427305638326515,
        0.008103984184504328,
        0.00811459589885499,
        0.003272331485582478,
        0.012817782771914234,
        0.0006279734123201051,
        0.001307535646045159,
        0.00035848200836070067,
        0.00903017014794466,
        0.0036210338462598682
    ],
    [
        0.13950285622262734,
        0.013047727848489642,
        0.009194546825047747,
        0.01768298382707997,
        0.011453882908477575,
        0.003307267622795063,
        0.02055922470186554,
        0.02106889220459326,
        0.03806276959203947,
        0.03593230639469752,
        0.010832837296494525,
        0.04740054294919041,
        0.39406322631794827,
        0.2055240984700426,
        0.002280729073159371,
        0.024194245277460325,
        0.005891862467991366
    ],
    [
        0.019821521842101914,
        0.03303838244945049,
        0.029287439536312347,
        0.03468645800310409,
        0.06466013441322271,
        0.07490967527631259,
        0.025276540187622532,
        0.012478557132242685,
        0.029849559417744885,
        0.029625998988623174,
        0.02442299185103888,
        0.03855591408140251,
        0.01664729725164766,
        0.025429927378802664,
        0.4722158145555283,
        0.03819167646729074,
        0.03090211116755186
    ],
    [
        0.025183246186335877,
        0.04246568213210048,
        0.04701055269146807,
        0.2422696015347892,
        0.02198245114697177,
        0.010658258628600328,
        0.052692063918718196,
        0.02100250010749741,
        0.036619868109433636,
        0.10098588320486275,
        0.14492235486083904,
        0.053341555623402606,
        0.024238072211132115,
        0.0455446839398972,
        0.02130029262284475,
        0.08283825062350447,
        0.026944682457602134
    ],
    [
        0.007448084387745558,
        0.06015084729816612,
        0.004261292972400117,
        0.004801080888752568,
        0.024691354292845635,
        0.001296351287005421,
        0.004268976438147359,
        0.001964376636140929,
        0.07228589255062849,
        0.035130647569614,
        0.6325396094168514,
        0.05561002667249864,
        0.006703913564786993,
        0.019033416986298325,
        0.0015069309437425078,
        0.06362580298351707,
        0.004681395110859072
    ],
    [
        0.011359281918204981,
        0.012006417962943116,
        0.05860556819798374,
        0.7414448146656106,
        0.004358449350243028,
        0.0024870543229692996,
        0.016300563053994997,
        0.007183737835154039,
        0.01806981516023587,
        0.015172157771685409,
        0.0054915459543542445,
        0.02070948224372468,
        0.009161604772530378,
        0.015194431474854365,
        0.002260272959965255,
        0.0356810113536941,
        0.02451379100185175
    ],
    [
        0.020186245642978752,
        0.028148256377237883,
        0.6509386707586898,
        0.029972350643578838,
        0.013688346605991969,
        0.017478729241247347,
        0.014578766947502835,
        0.0455122869895986,
        0.028900044067910174,
        0.026779189615604326,
        0.009662939676963748,
        0.0430089163068436,
        0.011159454264376442,
        0.013868322188276555,
        0.004712409991686077,
        0.022802545954631544,
        0.01860252472688149
    ],
    [
        0.018700322966522607,
        0.0027068467287423396,
        0.0015804706625446253,
        0.00399424324915544,
        0.0024516057610748706,
        0.0006203078076598615,
        0.0036856149172252895,
        0.0028092097472792437,
        0.010472202977387723,
        0.005406166983390592,
        0.002696553059832516,
        0.008294699136993247,
        0.7995496961180371,
        0.12882190675103078,
        0.0004567365433069463,
        0.006553970650198219,
        0.0011994459396186801
    ],
    [
        0.06738934159007297,
        0.014730191595129434,
        0.007714714665617352,
        0.016196335602566524,
        0.015525569853571024,
        0.0031250786744624398,
        0.014037828123318488,
        0.007591017289564853,
        0.07643637453940152,
        0.016640991834405285,
        0.007862753207510757,
        0.043367683896645,
        0.39558865395539666,
        0.2617991485619051,
        0.0023958139585577016,
        0.040055455647645295,
        0.009543047004229456
    ],
    [
        0.06342938738698571,
        0.019420737180919197,
        0.00728018930950545,
        0.010487552019011455,
        0.01651953248449801,
        0.0025143424625175994,
        0.009754868593889078,
        0.00927566882145047,
        0.11414458197389603,
        0.02818191074547125,
        0.02025248513039028,
        0.052424341800654646,
        0.32359121421448334,
        0.27685160763190786,
        0.0016603950469458804,
        0.03787264069887792,
        0.006338544498595858
    ],
    [
        0.0452501115451928,
        0.39450553216559653,
        0.024364820495911252,
        0.012488151078547666,
        0.03328379501937328,
        0.008577254033051792,
        0.043998735141236395,
        0.01587518812353598,
        0.05071204469703764,
        0.1282632924171517,
        0.035807522951903654,
        0.096502953533043,
        0.011732617896665394,
        0.019145288597191813,
        0.007845383119345285,
        0.04440477947432586,
        0.02724252971088999
    ],
    [
        0.03827479418379559,
        0.07876587847947558,
        0.16075579564665915,
        0.06968682967161627,
        0.0426755675314798,
        0.0680123764260022,
        0.041960529471776524,
        0.036678516524223166,
        0.08001140676999592,
        0.040469323364440014,
        0.02707315512301577,
        0.07464553634388699,
        0.03290787802977552,
        0.04058824608212505,
        0.02662094367490072,
        0.07766869558799358,
        0.06320452708883817
    ],
    [
        0.04336723225046808,
        0.01740494386059912,
        0.1354688284730009,
        0.04540204338465852,
        0.013744799363922004,
        0.01539526567816417,
        0.02195701415230809,
        0.501600901386023,
        0.025507513102236527,
        0.03289577093636611,
        0.010965405955846236,
        0.03184532645685015,
        0.040371781063075346,
        0.033096324605991274,
        0.004023242951194071,
        0.017950895188127067,
        0.009002711191169282
    ],
    [
        0.00896560803188864,
        0.05406559944605438,
        0.010208524624026726,
        0.005809814507030787,
        0.010029337898152243,
        0.0019234834052453218,
        0.003679652877038405,
        0.002324415006599978,
        0.6010076681786433,
        0.013700532602653182,
        0.01265235830518533,
        0.12322804465111843,
        0.007332375352397524,
        0.015329597022639946,
        0.0011803348505791884,
        0.1166763309366285,
        0.011886322304118076
    ],
    [
        0.008200639118655173,
        0.1758475451104485,
        0.009713504640072824,
        0.00961354003939798,
        0.020072060973901806,
        0.0010603326845428293,
        0.00508392450776143,
        0.002170130052065565,
        0.1965934188739071,
        0.061100765076991546,
        0.10735171995588175,
        0.1258313365067295,
        0.005633565508372513,
        0.019364737384306496,
        0.0010615136417582614,
        0.2433481498108794,
        0.007953116114327318
    ],
    [
        0.039617348380194796,
        0.06869101144442469,
        0.02793027999009457,
        0.024104995492124446,
        0.3507536953723936,
        0.02138822196919099,
        0.02557515352227143,
        0.017812054317461107,
        0.07570203666185023,
        0.04429003092837675,
        0.04209921266334688,
        0.06391022108659708,
        0.0406403141952864,
        0.059086538273186696,
        0.020054364295600664,
        0.054279988473580905,
        0.0240645329340187
    ],
    [
        0.06439554236009835,
        0.035773013202445934,
        0.021164992182227903,
        0.071668752860289,
        0.12309508391977307,
        0.007634967968308175,
        0.046865320006735586,
        0.018120881338233915,
        0.05523025609523235,
        0.07740292497110032,
        0.04111450218323995,
        0.06388257497220545,
        0.08924382344800913,
        0.18660168675996838,
        0.013049761850338027,
        0.06516239864634016,
        0.01959351723545426
    ],
    [
        0.002925756797994011,
        0.02403822674703985,
        0.01782652559196241,
        0.005404527413864492,
        0.004665030665780218,
        0.0012877450359883229,
        0.002654514516604162,
        0.0014338889022518621,
        0.017169472559924858,
        0.004201768826750268,
        0.003404404369029423,
        0.009377927039864018,
        0.001769658052363988,
        0.002843253644183067,
        0.0010997213104264856,
        0.018739462992573307,
        0.8811581155333993
    ],
    [
        0.05189994627966641,
        0.03354866584266892,
        0.028943573303991738,
        0.05946363423557043,
        0.014661554057173863,
        0.011324638666649156,
        0.026668090233333205,
        0.024661610273224676,
        0.11691562926129125,
        0.04996502703800203,
        0.058592690268267335,
        0.09215450623632239,
        0.14515769006972323,
        0.1476222352037734,
        0.007224389973247713,
        0.1109446377287524,
        0.02025148132834182
    ],
    [
        0.200887630530218,
        0.038653603385815256,
        0.01891335437312114,
        0.014512649335325593,
        0.007891084160610368,
        0.007368911214817932,
        0.18223781549344784,
        0.15137771170910025,
        0.021040789257730157,
        0.19509344409111654,
        0.011694432577172531,
        0.07254623694435977,
        0.02378711850439999,
        0.026515170265170904,
        0.0036332717358211475,
        0.018070625734188255,
        0.005776150687584317
    ],
    [
        0.08748189544820914,
        0.05646137934226703,
        0.02214851367467915,
        0.025808710067221352,
        0.011735658135169049,
        0.011843512763839256,
        0.10959970028257393,
        0.047560231091944814,
        0.034672805684534146,
        0.309554420045605,
        0.049542880929696526,
        0.10539557281425571,
        0.026957571245599582,
        0.037548801956301385,
        0.01009580848416466,
        0.04097526773548658,
        0.012617270298452724
    ],
    [
        0.0016347132559006202,
        0.00025616216041106555,
        0.0006636702148469173,
        0.00040997312186765,
        0.00012160894885028418,
        0.0002207418388527195,
        0.0007718699311866364,
        0.9924712519299604,
        0.0003056630514929692,
        0.0007135559057249991,
        0.00014096559172369308,
        0.0005707969187997145,
        0.0008184765326380174,
        0.0005164400253689643,
        5.902182462912276e-05,
        0.00022841232220854543,
        9.667642553789533e-05
    ],
    [
        0.004568215441399505,
        0.01857466862538831,
        0.8491310146864866,
        0.01499533572596735,
        0.0060200549070984315,
        0.005630409020341384,
        0.004993138706596557,
        0.007452268338474088,
        0.012176463204651633,
        0.008244723077808158,
        0.005960416581595957,
        0.011114241261382817,
        0.0029014102503115303,
        0.004015056332427768,
        0.0024162424418121666,
        0.012431484124851445,
        0.029374857273406288
    ],
    [
        0.07215791720480826,
        0.024000925103959802,
        0.017460490024865032,
        0.11867157832741143,
        0.017588348318332222,
        0.007131861527767093,
        0.35976094385353535,
        0.023294652437705475,
        0.022750817660304894,
        0.08415446517411067,
        0.01701735965031031,
        0.04756362305940545,
        0.045969985706702535,
        0.07467893918941293,
        0.015033079248160422,
        0.03951889210884528,
        0.01324612140436285
    ],
    [
        0.6680282384823016,
        0.012869972136189418,
        0.005431294518981867,
        0.0058880004023497395,
        0.0063934051642085135,
        0.002420682870423844,
        0.025038153499932235,
        0.013522472981181373,
        0.025938528308108198,
        0.020327304793846104,
        0.002870098744051059,
        0.05457098032476984,
        0.08427885192265358,
        0.05579538270382656,
        0.0011767499512894495,
        0.012450043369048773,
        0.002999839826837842
    ]
]