[
    [
        0.01073540172618883,
        0.27891737587718407,
        0.01010912229696537,
        0.05022293107687205,
        0.01382911259250417,
        0.020628031463432638,
        0.015877806606731833,
        0.22147608902943056,
        0.10423133255667072,
        0.017514236567098884,
        0.014151588774047928,
        0.008895850546239065,
        0.05829164869071172,
        0.015467004155293604,
        0.022498964138775043,
        0.104279639188899,
        0.012610792691527001,
        0.020263072021427558
    ],
    [
        0.005338577148519476,
        0.8763003174823193,
        0.0008396058910785955,
        0.014782890516926465,
        0.0015942145752831107,
        0.004172017936145224,
        0.006671548226090805,
        0.01668365063207845,
        0.008443869819125618,
        0.007470890053892773,
        0.00166479249925797,
        0.0016743663638119084,
        0.005151082262087153,
        0.002445992635123404,
        0.012130533186939536,
        0.028627276390468897,
        0.0033667689561073704,
        0.0026416054247437133
    ],
    [
        0.01672551598281559,
        0.0020768927063409995,
        0.0003612207900326393,
        0.002375629697694154,
        0.0003553928281227931,
        0.0008289164584887296,
        0.0010820370113768527,
        0.000660268236140083,
        0.0006333440137591964,
        0.00047923471781445467,
        0.00028761811758249735,
        0.0003697368308228609,
        0.0005767672038204197,
        0.0010884526900546902,
        0.0008099325467809939,
        0.0006831843561394202,
        0.9702519871766959,
        0.00035386863551775666
    ],
    [
        0.022648626064264224,
        0.6752455426285804,
        0.0018532531216749247,
        0.10344701944518345,
        0.0021066770154265497,
        0.014017141166191436,
        0.04102632059114827,
        0.017994095762721214,
        0.012207212224052107,
        0.01462931605250534,
        0.003006994591503044,
        0.0037680271831317764,
        0.009064440504711885,
        0.009146072543452639,
        0.029897706426856942,
        0.0232680301070759,
        0.012465589902352223,
        0.004207934669167684
    ],
    [
        0.002792513950105945,
        0.0067729148148401004,
        0.0005580802408707868,
        0.9223066061953236,
        0.0009577417158431161,
        0.008346371503728038,
        0.01954584328628876,
        0.002848611004655802,
        0.001813341406875176,
        0.007010250983118522,
        0.0005337081939061219,
        0.0024570346771721095,
        0.0014841399656846054,
        0.012169257200459624,
        0.0039386195577862425,
        0.0016353865387562045,
        0.003475844957112826,
        0.0013537338074725027
    ],
    [
        0.0037405504650021926,
        0.012796871329796105,
        0.08069646825974863,
        0.0067657125821157914,
        0.008542653435355407,
        0.009780859403483333,
        0.006380193308589241,
        0.0357526753655572,
        0.058595533101273724,
        0.004710265994518405,
        0.5944280450038967,
        0.008878156418244925,
        0.08681004386799877,
        0.0059817708067725645,
        0.008996296376455652,
        0.03573578195815749,
        0.00379088788179356,
        0.027617234441240136
    ],
    [
        0.008681804673785223,
        0.019601936028823992,
        0.0032491961219917186,
        0.09802721877100207,
        0.002154545117470746,
        0.025921088652957835,
        0.6390444104074164,
        0.009124325775979424,
        0.007000840700955378,
        0.07492308320439918,
        0.003923514731094078,
        0.009712771964911451,
        0.006724369771620565,
        0.05182455102986864,
        0.022050853933012964,
        0.0073189325510645414,
        0.005811367360448851,
        0.0049051892031968854
    ],
    [
        0.002009298626419571,
        0.030476256859558865,
        0.005020598834661007,
        0.00849506911690489,
        0.013027084884412114,
        0.006899923409068961,
        0.0037255914673544927,
        0.5658786956980113,
        0.1274391864985961,
        0.004388257011690542,
        0.013063961295087429,
        0.00540476356972402,
        0.05687500394726077,
        0.003060203047917056,
        0.007896849429328924,
        0.11564649290563321,
        0.0023265494025480602,
        0.028366213995822544
    ],
    [
        0.011685263788120124,
        0.04501207463750454,
        0.05802344823132985,
        0.019667559182439093,
        0.09784592725128037,
        0.023322309364710345,
        0.010268096245026174,
        0.11536381719034063,
        0.14961307419806827,
        0.010378381411402437,
        0.08391175051237205,
        0.017860383073628923,
        0.14280162660234472,
        0.013731160775544898,
        0.01856814675136567,
        0.08938113057172997,
        0.014368006431751306,
        0.07819784378104062
    ],
    [
        0.0011265188123312797,
        0.00800483233402681,
        0.0046660018924186905,
        0.0025054044266408595,
        0.002341108861170751,
        0.004196819085953879,
        0.0010598562812925841,
        0.05399542631551811,
        0.15297167277570037,
        0.0005368712324004682,
        0.01286674918876523,
        0.0025326654070735102,
        0.7037780048349749,
        0.0008554999376560386,
        0.003278856249812447,
        0.024832684577272335,
        0.0013981773513077364,
        0.019052850435683888
    ],
    [
        0.06471295645909379,
        0.06336454448912394,
        0.028620862127207016,
        0.10821467044762814,
        0.02400893304750727,
        0.06422898277568212,
        0.0918128597641532,
        0.05132821783104417,
        0.05365391765963419,
        0.030323691399445817,
        0.03389877452724366,
        0.04281923563118211,
        0.05022535772061751,
        0.04470249550720386,
        0.05730968063637259,
        0.053419776737157566,
        0.09800812744209383,
        0.039346915797609246
    ],
    [
        0.0036150483394776826,
        0.005991162004016479,
        0.0010325461687571622,
        0.02711628761238213,
        0.0004931653561974154,
        0.006965259849592375,
        0.9049408458615912,
        0.00242071605203881,
        0.0019439128397667983,
        0.011922967391989666,
        0.0012120692866230067,
        0.00275334233351884,
        0.002053899693599934,
        0.014033910919503888,
        0.007935876057148333,
        0.002057060090391036,
        0.0022242627368722137,
        0.0012876674065328826
    ],
    [
        0.0010579633326740813,
        0.002302248186091159,
        0.9085076222707202,
        0.0015896797676747398,
        0.002063115688907562,
        0.0018840048271287833,
        0.001205075621972614,
        0.00493000083566466,
        0.008161719052046925,
        0.000809782390122549,
        0.04138066054444459,
        0.0014025156200143066,
        0.012499986189010237,
        0.0021352334294109858,
        0.0012326106710715302,
        0.0038173987204100962,
        0.0015568263937015907,
        0.00346355645893324
    ],
    [
        0.022401004879068903,
        0.06983443842378032,
        0.065720672509478,
        0.026764137364312063,
        0.029542853081573804,
        0.02429451547174138,
        0.014802338670845582,
        0.09787167014063493,
        0.15419896749993336,
        0.009692777632641812,
        0.0830853892727014,
        0.015923049478729617,
        0.17008912844941781,
        0.015669222499840648,
        0.024605643053184533,
        0.09807020632381969,
        0.03127552686170266,
        0.046158458386593555
    ],
    [
        0.0011572710316457443,
        0.006899439194968577,
        0.0031544901108820794,
        0.0032471165017079117,
        0.8670982192802782,
        0.0026230604802887714,
        0.0012316380226321398,
        0.03587824493934517,
        0.022587190218490302,
        0.0018171309345173196,
        0.004672077590083764,
        0.002371468962692687,
        0.011766172208892369,
        0.0016916045108425687,
        0.002107442353712317,
        0.01611648510948325,
        0.0017960666254480083,
        0.013784881924088888
    ],
    [
        0.00010726310644556853,
        0.001914460739792577,
        0.00022874772994752586,
        0.000445580905934882,
        0.0007044580138768561,
        0.000524151161966805,
        0.00015586075264201028,
        0.9102680371849369,
        0.0502829652099226,
        0.00011968974017937677,
        0.0007393741529928194,
        0.0003841001155282169,
        0.01457436646431177,
        0.00011169121941970896,
        0.0005233261551854393,
        0.013725358801725101,
        0.00012438514959477867,
        0.005066183395597095
    ],
    [
        0.0015524384706396635,
        0.010839378225844874,
        0.007476048695294265,
        0.003062662942028449,
        0.0030229515876789696,
        0.007122792129292516,
        0.001601840261153755,
        0.06103944315776269,
        0.1561747046690955,
        0.0009275768241188055,
        0.030799826216163485,
        0.004306732067911652,
        0.6377862364992344,
        0.0012836415435466388,
        0.005620046314077225,
        0.03566979504975668,
        0.0015097570518421432,
        0.030204128294558378
    ],
    [
        0.004471026878735773,
        0.02389471508734003,
        0.014209487535546114,
        0.014931113051304148,
        0.04010216106294006,
        0.03277211506934577,
        0.008040401048212726,
        0.1705468150484513,
        0.11328690114550911,
        0.007888606532472319,
        0.03364296534747452,
        0.049690953388924076,
        0.10334984581476889,
        0.006493839094172049,
        0.02363539134207236,
        0.059981804920027075,
        0.0045181121921375545,
        0.2885437454405661
    ],
    [
        0.007823836365647003,
        0.0166030898309566,
        0.004163676680832487,
        0.02984218904182563,
        0.0019221912118805593,
        0.005052351137627879,
        0.03754867888772123,
        0.005880984891602679,
        0.004501137430387139,
        0.08205966267679739,
        0.00297371970386008,
        0.002266319764340648,
        0.004084706215652858,
        0.7753197403435037,
        0.004641798742344048,
        0.004716360905488332,
        0.008517761265476022,
        0.0020817949040555475
    ],
    [
        0.004539511222252858,
        0.014855557253296655,
        0.0006099178430858708,
        0.7886186130501889,
        0.0006703180338976713,
        0.010896081384013665,
        0.12794053308640685,
        0.003820517185023199,
        0.0023013249273614498,
        0.010370491783657187,
        0.000718541048069872,
        0.0033942221344152746,
        0.002082880048002654,
        0.009050107760233229,
        0.012665239025768896,
        0.0024948329960053123,
        0.003396734157166646,
        0.0015745770611537235
    ],
    [
        0.009824967332240243,
        0.13269564496521175,
        0.013538723416801823,
        0.01756677461871393,
        0.020732196936124783,
        0.011546252622480295,
        0.01168735284864723,
        0.12410915934552273,
        0.10457062316079842,
        0.01927633172265724,
        0.04193260341576453,
        0.006316330204261652,
        0.05396054540178062,
        0.01021921843677118,
        0.01636313499008192,
        0.3764464570690888,
        0.009198802033086243,
        0.020014881479966613
    ],
    [
        0.011478478206619968,
        0.042245429337622785,
        0.006043939815354222,
        0.07903269463721263,
        0.011836610617483407,
        0.015781867962035154,
        0.04435131031575338,
        0.021734456076062156,
        0.013646226127003306,
        0.5665668346408643,
        0.005911875527845728,
        0.008049032904444914,
        0.010130367004782594,
        0.11396309103215167,
        0.01349327295280177,
        0.015404584746663801,
        0.012189455686192048,
        0.008140472409106071
    ],
    [
        0.005993695214025791,
        0.7492246770707433,
        0.0018397848567691078,
        0.023504546248795565,
        0.002962086760522813,
        0.008253048969676298,
        0.008630434080003788,
        0.055282104970496904,
        0.023401432501031407,
        0.007935698726769047,
        0.0037214010308469487,
        0.003105351365340306,
        0.013153117736617618,
        0.004358097140972928,
        0.0142767347901162,
        0.0635686075062094,
        0.005054742592721968,
        0.005734438438340396
    ],
    [
        0.8267621655310149,
        0.01314191945914225,
        0.0016391315958064637,
        0.015542952409981714,
        0.001386627080878944,
        0.01210533977099765,
        0.017171779041096125,
        0.0036319174993915218,
        0.0034953274263512706,
        0.004291789048337631,
        0.0018620565213459644,
        0.004883057079938334,
        0.0035071967563211825,
        0.004947487452097814,
        0.020579698371107617,
        0.004467958679832976,
        0.05793319075468887,
        0.002650405521668986
    ],
    [
        0.004298637386206973,
        0.009891044816009286,
        0.5618752520178337,
        0.005267811788312386,
        0.0034788998435614812,
        0.006627611126502267,
        0.00469277232623845,
        0.01600403502797087,
        0.02987394603627868,
        0.0025071062743362953,
        0.2584433509944225,
        0.004034442879461794,
        0.05193977767637547,
        0.006153278097328136,
        0.004984538395641639,
        0.0157849105692163,
        0.005221152193733507,
        0.008921432550570216
    ],
    [
        0.005141325589221584,
        0.017334411790527162,
        0.07353875413078122,
        0.010639826029072777,
        0.0072143750483864314,
        0.020128501661375194,
        0.006760034746537071,
        0.06135172489691462,
        0.13387045667340433,
        0.002892576272421194,
        0.15552944919402656,
        0.014491184219324013,
        0.37737690160806653,
        0.005496405542249579,
        0.013093358582512149,
        0.03988263556439486,
        0.00642201390498292,
        0.04883606454580182
    ],
    [
        0.06022099291345363,
        0.06019080249308005,
        0.02296904157541833,
        0.11619999065555163,
        0.023980150898668125,
        0.07808172302284291,
        0.12533921034061682,
        0.040279966139993,
        0.03897283883623312,
        0.06187254007108068,
        0.027161860366965853,
        0.04447619605097112,
        0.036562222078558027,
        0.07580411715138119,
        0.05854732591962293,
        0.040786522467545806,
        0.054780580400197405,
        0.03377391861781943
    ],
    [
        0.00415121057418845,
        0.024929761085056783,
        0.01968761381538223,
        0.006550649063335332,
        0.0064661665178887134,
        0.012265705371756157,
        0.004534572063117518,
        0.07887780823209295,
        0.21912403341729345,
        0.002831490681749701,
        0.214050990932429,
        0.0064355795071160985,
        0.20167221096108598,
        0.003277035671723453,
        0.010498105059853132,
        0.15067853985052196,
        0.003964553807424207,
        0.030003973387984967
    ],
    [
        0.007538723620229941,
        0.018791710099730283,
        0.007125293122470183,
        0.05322923124580169,
        0.006059921297381845,
        0.3090681125262102,
        0.02213465790758376,
        0.03163546217823026,
        0.025558328718605198,
        0.006212083189728245,
        0.00836664331821596,
        0.33152677314715695,
        0.035605158574413494,
        0.010948107980965238,
        0.05368376815829695,
        0.013170942256872206,
        0.0071039990335033795,
        0.052241083624604195
    ],
    [
        0.02862541150937184,
        0.09470979731645757,
        0.0031530810472744216,
        0.14133720439811664,
        0.004264801449816962,
        0.017843639353052512,
        0.10706450108957831,
        0.01576939274532462,
        0.009483488643724444,
        0.43980469617228196,
        0.0036129967143887437,
        0.007235508766913285,
        0.007616398334276078,
        0.05499131818922928,
        0.027987856731476052,
        0.013620336999739214,
        0.017480642728648795,
        0.005398927810329158
    ],
    [
        0.012577580448825723,
        0.04686885965982075,
        0.019582986757495518,
        0.015047459884615548,
        0.013532442822571494,
        0.02922382515223915,
        0.01071431024867639,
        0.09343593794219043,
        0.1529832436529563,
        0.005846167254348358,
        0.0737851491975762,
        0.024585320795167454,
        0.2116798042195985,
        0.005632433551095066,
        0.048870155213306135,
        0.1412142064401482,
        0.010194475647856659,
        0.08422564111151204
    ],
    [
        0.020023138081682247,
        0.03353999905083239,
        0.0018723819521882397,
        0.15417591651957926,
        0.002636433067236781,
        0.10255740424762888,
        0.1629281335464524,
        0.012590048293517574,
        0.008319170160911077,
        0.020345794423344606,
        0.002788422193050865,
        0.04408310686812895,
        0.00790203785264972,
        0.009596140702803463,
        0.3880918326004846,
        0.010150441917090977,
        0.009070319590922611,
        0.009329278931495343
    ],
    [
        0.010985479719848399,
        0.012865218984615626,
        0.001787562742121496,
        0.02529364215869996,
        0.00245787637999082,
        0.15701315100901636,
        0.02249500154608017,
        0.009841539665992301,
        0.007962105035484468,
        0.004760970197132268,
        0.0029970658160845985,
        0.24228444482727873,
        0.00879569751652128,
        0.0035136912052684426,
        0.457315581459996,
        0.00825023313932917,
        0.005478352608130443,
        0.015902385988409568
    ],
    [
        0.000422220315560856,
        0.001934697292159379,
        0.001177895676376731,
        0.0012942013122906161,
        0.00219550257385612,
        0.005422776417014678,
        0.0006147345912340403,
        0.01819726711230079,
        0.018912491277213204,
        0.0003473902617090246,
        0.003274693622043975,
        0.011962076333219544,
        0.030737710439079118,
        0.0003815052103189344,
        0.0031793932198077635,
        0.005834867039995889,
        0.0004361479894785282,
        0.8936744293163409
    ],
    [
        0.011416774364455132,
        0.024857157915599642,
        0.022681463197535418,
        0.033270839066795066,
        0.3804452247365987,
        0.040128895475325686,
        0.013286416164985645,
        0.06557694945052496,
        0.05554994653320644,
        0.012427456198432945,
        0.021190781344335465,
        0.06020421675313503,
        0.04881935320255593,
        0.016711454869043196,
        0.02129671702277345,
        0.032195398476456985,
        0.018506675746143442,
        0.1214342794820969
    ],
    [
        0.003985980219532985,
        0.025850880057676374,
        0.02227899593780685,
        0.01229401349890773,
        0.31502531058242284,
        0.01260618786162243,
        0.004437012402290077,
        0.1634516608365952,
        0.16807694522887295,
        0.005216055674151344,
        0.029081052767536128,
        0.008385340610166455,
        0.09069604345254409,
        0.007137074760894876,
        0.007290545478945935,
        0.059344629640587704,
        0.005914945722305879,
        0.05892732526714013
    ],
    [
        0.0015497004345666765,
        0.03782033596440293,
        0.0009714217647133667,
        0.0021790753999120422,
        0.0016052788077580713,
        0.002556051244893566,
        0.0011071845889784812,
        0.05038666086618537,
        0.04174336177418672,
        0.0008039016162888063,
        0.003763908440437775,
        0.001332808837325106,
        0.019248334507925388,
        0.0005665857576006041,
        0.005431891799914521,
        0.8219860864351877,
        0.0012759481788451107,
        0.005671463580877876
    ],
    [
        0.0018747205526784567,
        0.0029936444566953943,
        0.0015977470612261026,
        0.004443986012083125,
        0.0027074740243651215,
        0.043882037073067405,
        0.002411667814855608,
        0.006191119207321899,
        0.006149679206935797,
        0.0009733559803292107,
        0.002386597712490872,
        0.8561450933675276,
        0.00816612942669002,
        0.0011752587270113816,
        0.013542328199230272,
        0.0036071644342435625,
        0.0016587840809060169,
        0.040093212662341976
    ],
    [
        0.0011110457655221582,
        0.005206411992048647,
        0.010235188113302282,
        0.0024889629856280344,
        0.0034172190375443686,
        0.005915659270441096,
        0.0015359125599867433,
        0.039673062665157556,
        0.12258987205363332,
        0.0007927473213334695,
        0.09818183015458444,
        0.005775091857700929,
        0.6047338775684034,
        0.0010667950160559696,
        0.004539977152833011,
        0.026316379038239236,
        0.0012134361104047416,
        0.06520653133718061
    ],
    [
        0.01987297554817984,
        0.04878708867045505,
        0.029128839970172928,
        0.03978025253135066,
        0.23488218283378676,
        0.029752780605240274,
        0.019036062687700566,
        0.09746707010825122,
        0.09266751118006498,
        0.017992766937647696,
        0.038557770882017575,
        0.02795894695277004,
        0.06408982899196453,
        0.018886878834734534,
        0.02540082329192894,
        0.08496555708391355,
        0.036697959072249,
        0.07407470381757188
    ],
    [
        0.03841332762904013,
        0.04296511788559798,
        0.003997456436574939,
        0.312582326211726,
        0.00481989264858261,
        0.020945165420584038,
        0.11783207529638344,
        0.011031738465337467,
        0.00811783720275976,
        0.11044649361746746,
        0.00338664826988927,
        0.006823735240348354,
        0.006714605936652425,
        0.24203308741263452,
        0.015417172398340645,
        0.008777247312231565,
        0.04087753337871678,
        0.004818539237132686
    ],
    [
        0.002366073670125283,
        0.008373697740494266,
        0.005319938843681405,
        0.004498678308725043,
        0.8508222650039574,
        0.004685444488595005,
        0.0016773101254979467,
        0.025353321685275272,
        0.02495655493720772,
        0.0019212254662179613,
        0.006239479351640026,
        0.00380194001654693,
        0.015685795050197238,
        0.0023013979926865304,
        0.003191223490265081,
        0.015735399677074356,
        0.00398102941910637,
        0.01908922473270608
    ],
    [
        0.01165604040809323,
        0.019241743846805083,
        0.006869444163005884,
        0.05132400571181324,
        0.013786502777440705,
        0.45032120544668797,
        0.017405343160216014,
        0.026393024710563002,
        0.023443251937283367,
        0.007653194216088439,
        0.0072601944605427985,
        0.20416404657395848,
        0.024771359748512252,
        0.011403010047648581,
        0.04515153437937934,
        0.013865778251877358,
        0.011031118496902111,
        0.05425920166318222
    ],
    [
        0.09196827151987155,
        0.043379525889484516,
        0.02650576100982466,
        0.06594328027617995,
        0.007625470882211446,
        0.019537077132148705,
        0.03894303018074051,
        0.017340246456318677,
        0.018508681746726145,
        0.016095203163825685,
        0.012440474419055582,
        0.007669387095796936,
        0.018743681262909307,
        0.14085052385663402,
        0.013436081688525758,
        0.015603109879276147,
        0.4373368375753783,
        0.008073355965092123
    ],
    [
        0.000588912732907112,
        0.0022273727641307964,
        0.0014315566616472162,
        0.0013958367333565718,
        0.006117189466949236,
        0.005380883262158868,
        0.0006484905581642341,
        0.015118476692546831,
        0.020416439404806384,
        0.00041629078789956166,
        0.0038919863363878443,
        0.009317642645954069,
        0.023077606194498775,
        0.0004401656846943936,
        0.003098488090079286,
        0.007518606301783175,
        0.0006241158466819329,
        0.8982899398353537
    ],
    [
        0.004009107651369446,
        0.021384903540434836,
        0.00609569980879952,
        0.015220685489284267,
        0.026316960777100697,
        0.04640518762269223,
        0.007859300473477656,
        0.11268597754372515,
        0.07547265223015089,
        0.00645262571392041,
        0.016197833389167984,
        0.08181009836523423,
        0.06247801448307379,
        0.004292072798110481,
        0.036190778405213425,
        0.05271080015496395,
        0.003559692823125138,
        0.420857608730156
    ],
    [
        0.08728681884293764,
        0.0967976519443443,
        0.006277905726905959,
        0.17505258797210108,
        0.007166758110475411,
        0.0546598684322129,
        0.17557400354440292,
        0.020999508861429133,
        0.016696234502217657,
        0.1327941176101794,
        0.007328022421241748,
        0.014602682094899757,
        0.013675013965857744,
        0.06622147538046748,
        0.053885356978191364,
        0.02220074811406661,
        0.03867696051823715,
        0.010104284979831854
    ],
    [
        0.001909080712056238,
        0.004418886362069417,
        0.8833754917298547,
        0.0034005039386195072,
        0.0049051474965335394,
        0.0032698624282692505,
        0.0021470702742907386,
        0.00886663190590832,
        0.014257119289014122,
        0.0016149374281348768,
        0.03033626589841703,
        0.002107523938171127,
        0.01763709560372961,
        0.005314862941477911,
        0.0018731441298745727,
        0.0060680063654779395,
        0.0033049796388919753,
        0.005193389919209155
    ],
    [
        0.003414711404247088,
        0.010540003264580967,
        0.009533702350451879,
        0.0072194746024377586,
        0.7202881210183066,
        0.01020319254707383,
        0.0031196620953680173,
        0.040002042155001416,
        0.04020745109795193,
        0.0033286552620032115,
        0.013116310428998454,
        0.010983297091621675,
        0.02816717061377796,
        0.003622719388259765,
        0.006425392202665055,
        0.02390599932035885,
        0.005022984334016375,
        0.06089911082287913
    ],
    [
        0.004946356246095557,
        0.028306626409656834,
        0.012201766062591267,
        0.013257097045761664,
        0.3646999870581176,
        0.01686181576067978,
        0.005214952060003134,
        0.1527362571454014,
        0.12287470965082453,
        0.006604916150707298,
        0.021385859255037,
        0.01326587648378747,
        0.05825721286880008,
        0.006043274494682691,
        0.010841241369268033,
        0.07290015852959732,
        0.006586885223210043,
        0.08301500818577824
    ],
    [
        0.05881709858576631,
        0.005206066084739704,
        0.0010051705471490141,
        0.005281052209240971,
        0.001063516131814087,
        0.002584511201562543,
        0.002442535645507248,
        0.0017441176533621661,
        0.001765953762686008,
        0.0011574609895808215,
        0.0008089829627633171,
        0.0010664023576936845,
        0.0016044535391915343,
        0.0024565078394284292,
        0.0022766533065775086,
        0.001879240564601439,
        0.9078038231491306,
        0.0010364534692045946
    ],
    [
        0.0011618180729728747,
        0.0027355524267762108,
        0.9243699357042902,
        0.0021181124738379174,
        0.002337704114589721,
        0.0017933038934233737,
        0.0013943200601630194,
        0.005182972428859908,
        0.00829463043206885,
        0.000918411117432313,
        0.02336260265515345,
        0.0011992434144207978,
        0.011907335776696771,
        0.0034754865317739134,
        0.0011134476477104589,
        0.003645327409136863,
        0.0020574969689085487,
        0.0029322988717849162
    ],
    [
        0.002655586064828088,
        0.060023500010490595,
        0.005956014837544337,
        0.009034192793813928,
        0.012255497410349208,
        0.00577277513691923,
        0.004819009584261027,
        0.34218384015223874,
        0.12486781498488513,
        0.00715696502984452,
        0.020615806871477668,
        0.003989335256000788,
        0.05568245539517763,
        0.004060866206714683,
        0.008335878436813772,
        0.3115291629292662,
        0.002758434971018061,
        0.01830286392835638
    ],
    [
        0.01039175928054208,
        0.011067766835716072,
        0.0011100710553306747,
        0.037182246365731295,
        0.0006395167685320982,
        0.004748485033487437,
        0.8549204414385843,
        0.002676612466088461,
        0.0020808243572717393,
        0.02844677693025812,
        0.0012213164500564418,
        0.001997213014893154,
        0.0020032556000952654,
        0.024176962351780937,
        0.007562995743305115,
        0.0026348462076861904,
        0.005957745173498638,
        0.0011811649271420636
    ],
    [
        0.0008249547863617683,
        0.0029570161454319224,
        0.00026970181099415775,
        0.005823951764437939,
        0.0002869851020655016,
        0.0008120034084910374,
        0.011658724033819817,
        0.001005054087619318,
        0.0006268337812662058,
        0.965277388590751,
        0.0003186494900210439,
        0.0004455780369755085,
        0.000511881029718595,
        0.006116657853379499,
        0.0011827027625866803,
        0.0008594086692398933,
        0.0006669908831406384,
        0.0003555177636994476
    ],
    [
        0.021369655076898336,
        0.047067428145595155,
        0.12238367283620549,
        0.08084546400627429,
        0.041938753990833674,
        0.058629005508823,
        0.03338236839381825,
        0.06481755921734307,
        0.0665832215945881,
        0.025467102770353182,
        0.0406761002252296,
        0.02934990425011075,
        0.07212529994181231,
        0.16406008167195732,
        0.021471350586683025,
        0.0323519180806976,
        0.03646500258668043,
        0.04101611111609643
    ],
    [
        0.009812442624609292,
        0.013909239944361778,
        0.0006433767058953206,
        0.2330939954518114,
        0.0006954013405216614,
        0.014437503335586476,
        0.6598773933198037,
        0.003039701321295447,
        0.0021079981402265424,
        0.017215211160891353,
        0.0007959482354239167,
        0.003844232590034826,
        0.0019140720388972873,
        0.009480857777269694,
        0.02045345224728916,
        0.002577454532572721,
        0.00454414865053995,
        0.0015575705829694723
    ],
    [
        0.09788022150547489,
        0.13889024851804,
        0.008936340117687137,
        0.048277312948972,
        0.011032381745272424,
        0.047949983931195955,
        0.04938738238550134,
        0.05073301610911429,
        0.046512055258037824,
        0.02154537410627124,
        0.019765201596231696,
        0.02748741262730521,
        0.038855681576707,
        0.0116435244599699,
        0.19864767273050396,
        0.10986962517891642,
        0.04385786599752651,
        0.028728699207272227
    ],
    [
        0.001472987215085391,
        0.008717479569043094,
        0.01902636100612477,
        0.0024287033872739086,
        0.0076968219574054695,
        0.0034549798184969906,
        0.001368969475036549,
        0.06775406366774869,
        0.263240681873123,
        0.0010167753593872354,
        0.23617628718162129,
        0.0025834199815334556,
        0.280069413634901,
        0.001349076295154906,
        0.0030290163556731483,
        0.07545415749980025,
        0.0018990905555532466,
        0.023261715167037563
    ],
    [
        0.0070541970572796505,
        0.013522226376585738,
        0.334909036308918,
        0.010446460598918416,
        0.01792069318866944,
        0.0214832889729425,
        0.007692644664755937,
        0.0359970874973227,
        0.06282842400829314,
        0.004497262817378038,
        0.22417256660738094,
        0.022232944383243303,
        0.12031255737262712,
        0.00918533632017853,
        0.012415899841656534,
        0.026223566030346875,
        0.008739736488426771,
        0.060366071465076485
    ],
    [
        0.022578195462792654,
        0.03499183436651434,
        0.0024260653303045474,
        0.06461875011404336,
        0.002060355909841336,
        0.01463382146875587,
        0.5235290765787685,
        0.00838194641967392,
        0.006004618271971256,
        0.22239785160950323,
        0.0032408318923183776,
        0.006592492254556427,
        0.005346395782051095,
        0.028462193294157914,
        0.03186786632113326,
        0.008988383392017863,
        0.010085412469712824,
        0.0037939090618833745
    ],
    [
        0.004495015073140468,
        0.020605719730925773,
        0.012277448513962102,
        0.019431535787151875,
        0.679526658109953,
        0.010327296518206611,
        0.0060565832374759355,
        0.0672327637835154,
        0.041848269702822696,
        0.008851426943454857,
        0.010730595400972326,
        0.009186477755814233,
        0.027285412536458144,
        0.011634847972620111,
        0.006935593281686066,
        0.02501031060551741,
        0.008589853292185515,
        0.029974191754137333
    ],
    [
        0.015265064749676085,
        0.020710471599559185,
        0.0015594652990508228,
        0.804071223322488,
        0.0020568824169515565,
        0.016088599891385277,
        0.04303035025093455,
        0.006054256903427253,
        0.004456814618478815,
        0.009844691713771237,
        0.0014337827668685515,
        0.004492445877332509,
        0.003896846144856057,
        0.02894352964227637,
        0.009369778934027472,
        0.0041836207939908955,
        0.02164972095272489,
        0.002892454122200492
    ],
    [
        0.012782293274742337,
        0.03334818988937111,
        0.0026264935788231475,
        0.015322388382193824,
        0.003060117121594264,
        0.049436617112368,
        0.015479931195995819,
        0.020794840001357607,
        0.017015779810785118,
        0.0060148087074066,
        0.006395436138894975,
        0.0376447994383387,
        0.018611321924904653,
        0.0032978674128680747,
        0.7057914392128664,
        0.026601112551148727,
        0.005139519984481932,
        0.020637044261858684
    ],
    [
        0.0009503881941768819,
        0.002345782323162067,
        0.9109826995760705,
        0.001504111035028663,
        0.0033524145052717786,
        0.0016763094441481351,
        0.0009230660603722393,
        0.006106737616029562,
        0.010916551945126092,
        0.0006749437629606128,
        0.03067242553703198,
        0.0012691425617991931,
        0.01595540732821208,
        0.0017721472760596272,
        0.0010640526409213561,
        0.004139133943075554,
        0.0016137593775331083,
        0.004080926873020341
    ],
    [
        0.001996519943071578,
        0.03518787861510293,
        0.0038493717717696576,
        0.007933721921107095,
        0.03802524498921556,
        0.005139125839542928,
        0.002380358447267542,
        0.6187595911992568,
        0.11468249206300132,
        0.002948023538539412,
        0.007229976849823186,
        0.0035277680875709034,
        0.04153589622194436,
        0.0027227799153196645,
        0.004796492435776382,
        0.08391796513870749,
        0.002853009739402004,
        0.02251378328358119
    ],
    [
        0.6846366414146904,
        0.04619109076856483,
        0.0038668391867434457,
        0.013949130453273012,
        0.002703659966582293,
        0.011133656769925315,
        0.01026687184878739,
        0.009210956173010501,
        0.010281448795665076,
        0.004245699112059563,
        0.005053503854015025,
        0.003991069413802836,
        0.009442330092550449,
        0.005315476112713266,
        0.01784117000448504,
        0.016050379771371935,
        0.14129971692870177,
        0.004520359333057923
    ],
    [
        0.09070757867718215,
        0.04434192241956512,
        0.13564838972304477,
        0.04933392218476768,
        0.020982492376735527,
        0.03851283234994995,
        0.036766299943049266,
        0.03205405413217409,
        0.04232626313191295,
        0.017739213050899368,
        0.04749156063042719,
        0.018997341855962694,
        0.04781882631541297,
        0.07799983093761435,
        0.023404057143984965,
        0.03142020496206239,
        0.2217129031229597,
        0.022742307042294862
    ],
    [
        0.0032257663325766135,
        0.04915538929268572,
        0.0022920077214043273,
        0.0069793516111716246,
        0.005480022614329231,
        0.010092398498611129,
        0.0031806536562466584,
        0.17730476263844436,
        0.1267372050745724,
        0.0019300318287976117,
        0.008909980607632605,
        0.006740990216362017,
        0.07241037713433426,
        0.001433440885255617,
        0.020726226026150072,
        0.46016041436775107,
        0.002795261348059226,
        0.0404457201456155
    ],
    [
        0.005793423960184788,
        0.01679531242038067,
        0.000837480559117357,
        0.012675443520272554,
        0.0016621024478361865,
        0.03953799146152138,
        0.0071972613298861236,
        0.010584762815907945,
        0.00702799514841021,
        0.002571747987373274,
        0.0016557522307073975,
        0.02851720704173821,
        0.006561103186052199,
        0.0014111934268573056,
        0.8337403287504962,
        0.01003475709182835,
        0.0028455272527548245,
        0.010550609368675126
    ],
    [
        0.3269763075075632,
        0.21965054479235502,
        0.005771939812579141,
        0.04587056636376152,
        0.006391660901499272,
        0.016065537120417143,
        0.024757348464764867,
        0.02132053798953238,
        0.019792699522658535,
        0.015129234938001397,
        0.007324150407321597,
        0.005641997620109417,
        0.01541303859336885,
        0.015577207274602833,
        0.025823308580613612,
        0.03533770163369212,
        0.18584066936174146,
        0.007315549115417634
    ],
    [
        0.04719243661228771,
        0.06225345856593842,
        0.06470876122647094,
        0.0676206089515264,
        0.0222034333010035,
        0.08886963518217673,
        0.059548698436233775,
        0.061676848955649864,
        0.06512710609060444,
        0.03438573335613864,
        0.05279550718418766,
        0.048766957408747785,
        0.06720054024128845,
        0.05984869479721392,
        0.05403990863895985,
        0.05054563542503959,
        0.04957236262036094,
        0.04364367300617139
    ],
    [
        0.02283711939938716,
        0.12629746028322647,
        0.022271160677326873,
        0.033503407636155634,
        0.034238491372339426,
        0.03378086101433196,
        0.02551939403954401,
        0.11076012001380056,
        0.09995681489957692,
        0.03933931385530314,
        0.05191744969956693,
        0.019288872470513887,
        0.07169946996399452,
        0.019698812822271056,
        0.04644382137100092,
        0.1818412150227599,
        0.016813951487689185,
        0.04379226397121135
    ],
    [
        0.0035008523453793137,
        0.01062365097612404,
        0.011840853186550166,
        0.006417912213941871,
        0.008450057015280218,
        0.023531150603485224,
        0.0032866332966122063,
        0.0490590387567699,
        0.11239288934726963,
        0.0014326566338950899,
        0.03474653731158186,
        0.027681373462195208,
        0.34974825574893414,
        0.002111267431958341,
        0.014243603271987045,
        0.0307503845089925,
        0.003923625577079385,
        0.3062592583119638
    ],
    [
        0.9407255682845541,
        0.003391876504183742,
        0.00024360584900576276,
        0.003503929781395563,
        0.00017192481372850488,
        0.0012499883784521362,
        0.0028775724326645766,
        0.0005622206341841214,
        0.0005387755835901104,
        0.0006679591999966855,
        0.000253978532040006,
        0.00036771447092766817,
        0.0004955966234187563,
        0.0010768098740464313,
        0.001620682541670884,
        0.0007106366962712165,
        0.04126447578382189,
        0.0002766840160475217
    ],
    [
        0.03760420322329733,
        0.028028763684467772,
        0.002716030783731254,
        0.07521745035258139,
        0.002267479716756616,
        0.2685580631387572,
        0.06618120550060144,
        0.011392114687315684,
        0.009463567628532872,
        0.00766525148163654,
        0.003616129169994676,
        0.05660472169541207,
        0.011043250286514086,
        0.00875586109756048,
        0.3776553256486244,
        0.009245522044340988,
        0.013525728466486682,
        0.010459331393388574
    ],
    [
        0.008958089027311331,
        0.054837665881101894,
        0.017502459049330635,
        0.043871508914354825,
        0.01352165213837488,
        0.10797047110729087,
        0.02814299102459687,
        0.1319708571644547,
        0.13069596148477278,
        0.016154884699645326,
        0.039760165866247775,
        0.04664310211876705,
        0.11943404380282635,
        0.014306827251394478,
        0.058958165135672036,
        0.0786850710908211,
        0.007426716345654389,
        0.08115936789738273
    ],
    [
        0.003564656392036218,
        0.014243939515679932,
        0.05961662353910903,
        0.007477124468845289,
        0.02123291153393772,
        0.012421040893577522,
        0.00548592473225017,
        0.07255744369482978,
        0.11272826690935672,
        0.004562021856292192,
        0.349437176833725,
        0.014565135455288461,
        0.165060173811653,
        0.005297240365009116,
        0.01059105641778367,
        0.051883349188915386,
        0.0038841735544847588,
        0.08539174083722612
    ],
    [
        0.02174936950018779,
        0.32894644786443167,
        0.012894040473290782,
        0.06763952966634214,
        0.013196802756945288,
        0.01533338894103324,
        0.039759058495945736,
        0.0680081127295019,
        0.04045332726101143,
        0.15477137513734515,
        0.015347378924338058,
        0.0072061327549464245,
        0.028420178503023714,
        0.06689126101486093,
        0.02166032090597877,
        0.06458671631944285,
        0.02148431534985399,
        0.011652243401520216
    ],
    [
        0.0031427276003574032,
        0.008370130966191333,
        0.004351273406861309,
        0.006053673786638591,
        0.013640967397027984,
        0.029585552816656955,
        0.0030746174116724804,
        0.03358480802002831,
        0.04302133725499366,
        0.001622839229639277,
        0.011320314132306084,
        0.06644182159046888,
        0.048157807998391915,
        0.0016669748839970768,
        0.01813867320222441,
        0.02373142331746745,
        0.003174145008201889,
        0.680920911976875
    ],
    [
        0.0017326142175021547,
        0.00555133992460575,
        0.002971106296948599,
        0.004597271613134847,
        0.9091827181670341,
        0.0036794056549895844,
        0.00137905328193806,
        0.015347200579056504,
        0.012712677516970557,
        0.0014712298408339603,
        0.0028520193453064426,
        0.0031219364043945878,
        0.008251849678244647,
        0.0020400009822693532,
        0.002209036590331803,
        0.007468459675032437,
        0.0036512098748051813,
        0.011780870356601558
    ],
    [
        0.0057716877347689655,
        0.04088190137062562,
        0.01326106922809797,
        0.01901296922835122,
        0.010640358022204416,
        0.03627395734447298,
        0.014153835653599038,
        0.16670138165211362,
        0.1511888095550752,
        0.008969231854087895,
        0.0495903876803236,
        0.03515977733001587,
        0.172397601604805,
        0.006558283462371406,
        0.05099267646701024,
        0.10976923416126254,
        0.004747717643420264,
        0.10392912000739422
    ],
    [
        0.05854747493533402,
        0.024469670785003676,
        0.0030414297775127525,
        0.07166338755674398,
        0.0015122397123629376,
        0.013471651974752957,
        0.6619422257929589,
        0.005652789832056583,
        0.0048348249969919375,
        0.033848200219723415,
        0.003024366539243306,
        0.004920437795596477,
        0.00486290204138472,
        0.05595065214521666,
        0.01885894854428119,
        0.005823729856468638,
        0.0247824747157692,
        0.0027925927785984834
    ],
    [
        0.03673256554838198,
        0.0677733392827188,
        0.007080922275781706,
        0.16331605128605298,
        0.013152276102987059,
        0.05888744232441504,
        0.18461377715915087,
        0.03687657430887906,
        0.025075632865781988,
        0.10117640182130822,
        0.010343299578189913,
        0.04490492390465692,
        0.020857560852216964,
        0.031487361351914996,
        0.1118874201957671,
        0.03444004214387922,
        0.02757446056387442,
        0.023819948434042743
    ],
    [
        0.012097613030267669,
        0.03408536809535168,
        0.018280652459240303,
        0.025263677234132937,
        0.01264408738360323,
        0.07985775387195436,
        0.023635611664942303,
        0.06899106428466056,
        0.0854454808220489,
        0.009568527817152384,
        0.060936614613334175,
        0.1084589896003024,
        0.12875187048123185,
        0.008868938358094602,
        0.1004857611709624,
        0.06729210325457062,
        0.008893972614753711,
        0.14644191324339587
    ],
    [
        0.01050074390151889,
        0.03048790248605086,
        0.10245035511154992,
        0.011993152920198992,
        0.03151365914723779,
        0.019147942116397667,
        0.008489018273142562,
        0.07143534584372357,
        0.12804516822135642,
        0.007353232874551317,
        0.2484000565697644,
        0.015086179444393041,
        0.14374364508962817,
        0.009486396061163714,
        0.0163488476978474,
        0.07808646825097992,
        0.011295768033113203,
        0.05613611795738213
    ],
    [
        0.0033260636061989155,
        0.008470518933397819,
        0.003171715768431231,
        0.01983044491699822,
        0.005404152086667029,
        0.07494043293197385,
        0.011400696724152533,
        0.017655395002830577,
        0.012662413085734478,
        0.004880455498507473,
        0.004681021596883213,
        0.7237497488337638,
        0.014647704022077455,
        0.004714503599555813,
        0.03258433542856395,
        0.008242871426028428,
        0.0029906010303926292,
        0.0466469255078426
    ],
    [
        0.0005911304790735422,
        0.0010718245997796104,
        0.0002608695059472801,
        0.0020219157606888812,
        0.00038573074242445214,
        0.026755916230349824,
        0.0012221765202503163,
        0.0014926470237482431,
        0.0011960067443064026,
        0.0003845928502132749,
        0.00041359724255613016,
        0.9444835899616433,
        0.0014795363431815227,
        0.00036659939568737594,
        0.012293029342433256,
        0.0008890438449059792,
        0.00040605815328275763,
        0.004285735259527923
    ],
    [
        0.0576183222924955,
        0.08081215434822225,
        0.01793438126649421,
        0.1273617892249656,
        0.027200884830820726,
        0.06678486533990138,
        0.10738727207759968,
        0.04582844923103429,
        0.04126801852557563,
        0.08509099011793467,
        0.023104329114452135,
        0.030895950837083085,
        0.032768442430766584,
        0.07211165227118131,
        0.050522956166343426,
        0.04984187173429144,
        0.05426425840123513,
        0.029203411789602927
    ],
    [
        0.02046569565806829,
        0.03498831126431312,
        0.028191221110735746,
        0.021762383941720417,
        0.014118381879590679,
        0.12073128189186495,
        0.01856260261621942,
        0.05582364518969098,
        0.07399435659818035,
        0.008797314170520848,
        0.06268893832593209,
        0.11883890631040014,
        0.11987082979194458,
        0.009925807959161858,
        0.09969590199000099,
        0.053611763605042155,
        0.013210799097165564,
        0.12472185859944779
    ],
    [
        0.005753985192149025,
        0.02359027061832319,
        0.12328580877358145,
        0.006901515630237572,
        0.016348848350825656,
        0.007738626779621957,
        0.004760231744506502,
        0.0593204539895416,
        0.11931614613192075,
        0.004307031620602278,
        0.3716088579147831,
        0.005476447218366235,
        0.13007715819909835,
        0.005822673464159719,
        0.007840471836500875,
        0.07792840022964753,
        0.007004654952639937,
        0.02291841735349426
    ],
    [
        2.2347536240816587e-05,
        0.0002617692675674306,
        8.278364181041666e-05,
        5.5667592518021695e-05,
        0.00012593027658076633,
        8.700027913708732e-05,
        2.2021733464408775e-05,
        0.008805867823845145,
        0.9695305876603598,
        1.5093223640999123e-05,
        0.00035857304535700396,
        4.850411050966255e-05,
        0.016045323828332417,
        1.809721880912273e-05,
        6.742382817567826e-05,
        0.0037383494593361826,
        2.7577571691020336e-05,
        0.0006870819026242389
    ],
    [
        0.03435828843634279,
        0.04506785327411825,
        0.0737172976030359,
        0.05719406031011621,
        0.04879608911042815,
        0.0992129325089467,
        0.033888421974877334,
        0.060292784609812605,
        0.07345297087764689,
        0.020177653490638537,
        0.05673726103429235,
        0.06471432413071765,
        0.08240829448349199,
        0.048555351895653895,
        0.03804647692062174,
        0.04335023434052235,
        0.04323715750869877,
        0.07679254749003789
    ],
    [
        0.027808321107869516,
        0.1740999110017198,
        0.010105809909615742,
        0.07831084750982141,
        0.012176308150551372,
        0.11301440631446025,
        0.04846976197007761,
        0.0770123747863579,
        0.05492197668596604,
        0.04127693681993447,
        0.017035003405475292,
        0.033817275657664146,
        0.04768945736876658,
        0.024058848021020915,
        0.12440958411907771,
        0.0663781356104326,
        0.014988678575211982,
        0.03442636298597661
    ],
    [
        0.005124051184476646,
        0.010017518546814309,
        0.004523943454326429,
        0.02897748259045784,
        0.0019143712973642404,
        0.005913522282123717,
        0.04900660474510078,
        0.005260016620751122,
        0.00426126071179414,
        0.06305369519441838,
        0.003184016985339182,
        0.002843015627929948,
        0.00405737484768688,
        0.7955021669305437,
        0.004537572869694186,
        0.00397347366527878,
        0.005525254710832351,
        0.002324657735067443
    ],
    [
        0.19758793017098225,
        0.047478331130702926,
        0.010401914568594768,
        0.04697023417933043,
        0.012830195186115695,
        0.024419978157996996,
        0.03209899584287113,
        0.02018453448531558,
        0.02056370517716292,
        0.015566930124386605,
        0.010966900803948642,
        0.01277180509709759,
        0.017467112093427467,
        0.02023003537386174,
        0.02757396764363858,
        0.026298295321840626,
        0.4437923109917665,
        0.012796823650959608
    ],
    [
        0.010640616093971168,
        0.02877063930968994,
        0.0032160927329507377,
        0.3545958613318786,
        0.003959866172558468,
        0.07185228440232645,
        0.2832858818058867,
        0.015046947334220781,
        0.010134839025764704,
        0.07326610579434284,
        0.0038643819209276385,
        0.022536322724333147,
        0.008996706118174535,
        0.04355980584658057,
        0.03965104775258451,
        0.009863521785733012,
        0.00780074273570634,
        0.008958337112369869
    ],
    [
        0.01611043956805741,
        0.18073401713837733,
        0.002372923845905497,
        0.4033733181916715,
        0.004016979602047713,
        0.036834774721816885,
        0.10564376686670182,
        0.028471617998441556,
        0.015459469312346938,
        0.04350433089328017,
        0.0036935056012407244,
        0.012018081512585486,
        0.01203595480656033,
        0.015975906684441647,
        0.07781223266076638,
        0.022682104868882974,
        0.010111239994528638,
        0.009149335732347044
    ],
    [
        0.02628586346949292,
        0.051061915584239934,
        0.043592714891182584,
        0.08599513634499024,
        0.03900965586451717,
        0.029589721252539385,
        0.03762458356063386,
        0.04116599806103381,
        0.03503167833612372,
        0.05749421137073048,
        0.02003604877168708,
        0.01539690321064224,
        0.030619651857714585,
        0.37567645799760885,
        0.016621542598653814,
        0.025712017384700633,
        0.04962725686437546,
        0.019458642579133264
    ],
    [
        0.02253708126169828,
        0.05875835842023344,
        0.03392933344637717,
        0.04733022256431115,
        0.21182450370097072,
        0.03613810807644894,
        0.025115312277805436,
        0.08851651787206022,
        0.0835849781126054,
        0.03452023727240804,
        0.04305358531011061,
        0.02731830701355974,
        0.05661400177721241,
        0.03375235081642778,
        0.025977456533772893,
        0.0781777558246997,
        0.032781043710160086,
        0.0600708460091381
    ],
    [
        0.0036520657424854034,
        0.022754106612818598,
        0.0016473617389883759,
        0.01782595601157949,
        0.0024027159471955084,
        0.0035421599623347874,
        0.017366110529713808,
        0.0078879209798931,
        0.004699749115643702,
        0.8761132081810141,
        0.00213032078126018,
        0.0019203300086238452,
        0.0033672729492670124,
        0.016853604560359545,
        0.005119242976793757,
        0.00735443071977984,
        0.0031662696109392738,
        0.002197173571309701
    ],
    [
        0.00367970977876238,
        0.01140531820070694,
        0.03990416741124592,
        0.004160419123733653,
        0.004303705222703455,
        0.006720825207725179,
        0.0039483378768262935,
        0.022697113296066915,
        0.046640699093656736,
        0.0024498310047800483,
        0.7074948868556188,
        0.004876364705993762,
        0.07467419719548726,
        0.003069701139295052,
        0.007336687457481299,
        0.03784175150975818,
        0.0033261654108311875,
        0.015470119509326875
    ],
    [
        0.03711782027567462,
        0.06578736717221773,
        0.03286759140750094,
        0.09061588636800452,
        0.13947693690490662,
        0.03485977031726947,
        0.041823326981333064,
        0.07043963530613331,
        0.05896363245846143,
        0.04990885700424637,
        0.028471312468945083,
        0.02709056240510472,
        0.043731485541436264,
        0.06590563872204161,
        0.02800829074661014,
        0.05615528588923966,
        0.08778470423527253,
        0.04099189579560192
    ],
    [
        0.008725332853940799,
        0.050624624533905,
        0.09568608619091348,
        0.03543823583266264,
        0.053473048826993934,
        0.019852357173249523,
        0.0237344695800181,
        0.14532236526719045,
        0.11300827383198753,
        0.04209968473519247,
        0.10234906320591762,
        0.01620295802295922,
        0.09502579730907809,
        0.051141957319593694,
        0.016879490282038518,
        0.0757182132937576,
        0.011467185126797324,
        0.043250856613804005
    ],
    [
        0.020539841287410897,
        0.04388452883547769,
        0.023348885247265295,
        0.04313220157133468,
        0.051467080519985095,
        0.1053565097697008,
        0.022407075307174316,
        0.09060241280674357,
        0.07834153168888691,
        0.016167986219606675,
        0.03087727506638633,
        0.11695444498996622,
        0.07173235284564405,
        0.017433286439903155,
        0.055434523339146335,
        0.055270448679529155,
        0.02278236471744665,
        0.13426725066839218
    ],
    [
        0.005971786662588727,
        0.14992528845848271,
        0.005583051900363795,
        0.04673176250624611,
        0.010881496892175322,
        0.03560342814254382,
        0.018378067465284736,
        0.2701546682326513,
        0.111865658792247,
        0.016319909386004305,
        0.01394071264552121,
        0.015153451849034548,
        0.0659114681773782,
        0.009064460453278543,
        0.04043464120589929,
        0.14016383542661662,
        0.004963078802072422,
        0.03895323300161132
    ],
    [
        0.01799318291870463,
        0.033420289460178304,
        0.002421000987868248,
        0.019591232092360182,
        0.0014644395429091878,
        0.05502909993775753,
        0.02967367822899211,
        0.012995348982122212,
        0.012435719934804865,
        0.004419154290308467,
        0.005494216422286684,
        0.019104633611396034,
        0.015335470741085808,
        0.0035500965177915683,
        0.7344156649996078,
        0.017293546695643303,
        0.006023093407554691,
        0.009340131228628297
    ],
    [
        0.00833769948013224,
        0.017000227901850958,
        0.33789039611493776,
        0.009090634262963236,
        0.005543733260142846,
        0.012552802559804524,
        0.009080675997111686,
        0.02413856000473746,
        0.04316194717082834,
        0.0045788854544580385,
        0.3669901597123598,
        0.008049679201816025,
        0.08197845170125849,
        0.010091559812087932,
        0.010589173504032419,
        0.026180757729867894,
        0.00851724032326257,
        0.016227415808347884
    ],
    [
        0.00926762647519132,
        0.011247412414435292,
        0.001648043576599611,
        0.018003971825583602,
        0.001542317849229788,
        0.6351136540812464,
        0.016389608223714353,
        0.007435387275680896,
        0.007069186272903003,
        0.0032566777946468825,
        0.002786291135794163,
        0.059039498686404616,
        0.007880076566547104,
        0.0029770294105800517,
        0.19565252315699816,
        0.006767776116094503,
        0.00392785060111727,
        0.009995068537233052
    ],
    [
        0.0073648057643487825,
        0.01794382702921205,
        0.24170628636957475,
        0.009886421774737081,
        0.009020070603259978,
        0.009756050782880492,
        0.008092173300935946,
        0.031785079146429446,
        0.0621757515456178,
        0.004355658778849897,
        0.4224516904671559,
        0.006554751911966846,
        0.08549197257131684,
        0.009442938372265394,
        0.007944014727997004,
        0.037455095877012054,
        0.01079675937398929,
        0.017776651602450195
    ],
    [
        0.018037387558164263,
        0.03338709726441813,
        0.10308354942222155,
        0.03042658921230079,
        0.07341984236712551,
        0.04678567524556556,
        0.021156872089004155,
        0.06880440404028924,
        0.0964204427599911,
        0.015551155540006559,
        0.12395745098110737,
        0.04257334068319677,
        0.09899191925426308,
        0.02519105733816649,
        0.025952045902373776,
        0.0580430167741872,
        0.023581251001301328,
        0.09463690256631711
    ],
    [
        0.08324668300286325,
        0.13924670695468436,
        0.03627896228010885,
        0.02932356072230395,
        0.030426389235133456,
        0.02524716934375473,
        0.021972043809062636,
        0.07097862038584117,
        0.08365557409673945,
        0.020858958676473693,
        0.06038674676944081,
        0.014708197827543219,
        0.07037133351114523,
        0.019496709809882096,
        0.03899802449705224,
        0.15162107224696666,
        0.0725326162890638,
        0.030650630541940477
    ],
    [
        0.006291097565502165,
        0.04807761560509192,
        0.007399175525061482,
        0.006722085630168928,
        0.010722793032860292,
        0.008526920492354817,
        0.0046172624141249145,
        0.08081407268105772,
        0.10321611918474677,
        0.004277809186774578,
        0.037719530347327744,
        0.0055876698789976455,
        0.06059515395559224,
        0.0028121245587603124,
        0.015264910468457541,
        0.5683778553157925,
        0.005200761147019574,
        0.02377704301030884
    ],
    [
        0.005299756961835093,
        0.015998976547632434,
        0.6556112391014823,
        0.010168149394180006,
        0.01023654957177542,
        0.007000153004004719,
        0.007745150576252898,
        0.025616004820856193,
        0.03596970848921297,
        0.007105526607104407,
        0.1104238866345777,
        0.004181492338492063,
        0.037819169127272935,
        0.021777057349887673,
        0.004964354887127058,
        0.02181368428875896,
        0.00837964242928732,
        0.009889497870259795
    ],
    [
        0.009927960507338286,
        0.01543604741688007,
        0.0046024539496739335,
        0.048835359463227215,
        0.0015417166896900829,
        0.006270687558186628,
        0.08533779814939331,
        0.005662369433025119,
        0.004647772192551819,
        0.027822249136356756,
        0.0031534445596418355,
        0.002750180283623266,
        0.004671886286664078,
        0.7548166428851995,
        0.005599796687525783,
        0.004432745595646742,
        0.012287435302037814,
        0.00220345390333787
    ],
    [
        0.013376516408747504,
        0.044193218384863876,
        0.04930444711465233,
        0.015349538434452897,
        0.035153021305115044,
        0.014474369053156695,
        0.010809487492521279,
        0.08858115151701036,
        0.14625711419282,
        0.008374143577076616,
        0.17876498001579652,
        0.01120422898147038,
        0.1153530132738226,
        0.009148342808628158,
        0.01701936662174633,
        0.18198662746919173,
        0.018253936348635178,
        0.042396497000292584
    ],
    [
        0.006255697457521145,
        0.02106122007942463,
        0.013743309043784152,
        0.010299824940704234,
        0.03563752262116656,
        0.033087548700436224,
        0.005432951587955566,
        0.08220619287688738,
        0.1107863161335164,
        0.0038569316530061393,
        0.0356910507258869,
        0.04122224754385704,
        0.13526367276681833,
        0.0040560134393889,
        0.024639664453326725,
        0.057881870455205105,
        0.005941200274899919,
        0.37293676524621455
    ],
    [
        0.02990431308407149,
        0.04720500475022989,
        0.004357292190893183,
        0.4259019399523369,
        0.007848664490839043,
        0.15798923062549364,
        0.04287584206551487,
        0.026868685712080766,
        0.019278136294449445,
        0.010250035686610749,
        0.004652032907622496,
        0.05019383110271228,
        0.018731449064920434,
        0.01781266003977949,
        0.06441958488855544,
        0.014974461510915712,
        0.035897863407423986,
        0.02083897222555018
    ],
    [
        0.005379127841311593,
        0.015942170492137125,
        0.007977078870142497,
        0.020431723761323076,
        0.03130478495120322,
        0.06323921141074927,
        0.00892020909300143,
        0.055993131073041505,
        0.05075387119228256,
        0.004913904521203577,
        0.014079482826615105,
        0.18213398154426153,
        0.056350662537526866,
        0.005402331205520613,
        0.030484400366580792,
        0.02638418619533465,
        0.00585010664254776,
        0.41445963547521686
    ],
    [
        0.5505149879439895,
        0.030994861560106036,
        0.009258745733931255,
        0.02624749165254708,
        0.004048665821832649,
        0.02424104375161572,
        0.02651291132593964,
        0.010673196883566721,
        0.011947121507915937,
        0.008764834814191387,
        0.008348928781207748,
        0.009101836302441515,
        0.012451834301445908,
        0.01646886531479059,
        0.024758277468084233,
        0.01325954897567596,
        0.20541406774147516,
        0.006992780119242945
    ],
    [
        0.00824396197486008,
        0.00735811113031263,
        0.00052936445941887,
        0.009180076894200128,
        0.0005032016810558104,
        0.03432570166389803,
        0.011359173707840817,
        0.0028336526182740113,
        0.0023421923436046793,
        0.001689478899142619,
        0.0009036623367018874,
        0.01198035967841323,
        0.0026037573113115086,
        0.0012206685967559184,
        0.8970006524172917,
        0.0029354476166971555,
        0.0023559244895263918,
        0.0026346121806947176
    ],
    [
        0.01251944582239641,
        0.013476625042501762,
        0.007634324725303283,
        0.06481557520043962,
        0.004408791852046894,
        0.011748821489889478,
        0.041876085731849956,
        0.007774697438495977,
        0.006666802928132979,
        0.02537630865116298,
        0.00415749614255376,
        0.005675628752025998,
        0.0064824786914246335,
        0.7487428708474159,
        0.006757016073803678,
        0.005367040515631342,
        0.022225741054033753,
        0.004294249040891739
    ],
    [
        0.6031607618062327,
        0.05228983882636926,
        0.004044990574818301,
        0.03600729575473137,
        0.0045540825187052394,
        0.028592980938784686,
        0.031266483141680894,
        0.012254527299614643,
        0.011740528294008132,
        0.011493294246489243,
        0.005403173178091867,
        0.011230153980840988,
        0.01096043175222115,
        0.010013922046532392,
        0.059586437676033534,
        0.017342113217765267,
        0.08189846207928281,
        0.008160522667797371
    ],
    [
        0.010615855611703705,
        0.04484432235104336,
        0.01804288659724941,
        0.019921251628962536,
        0.141708083987002,
        0.035018844640379194,
        0.007000475929870182,
        0.15465500814753297,
        0.14335599031781945,
        0.0063260710792635505,
        0.023773342771262695,
        0.02607137229870515,
        0.11322297224109064,
        0.007907963644681316,
        0.021384701836222,
        0.07027587108939545,
        0.013809022898275918,
        0.14206596292954046
    ],
    [
        0.0030060449970939485,
        0.041685051151936804,
        0.0036662882421969667,
        0.010090329977404102,
        0.0070252933703262984,
        0.021726770158397024,
        0.004440044083502386,
        0.3504206983268554,
        0.14701421274330015,
        0.003062724909558295,
        0.011441112856000578,
        0.016499108409362858,
        0.13069210055950184,
        0.002367665151410452,
        0.030616221128942855,
        0.11261544740369846,
        0.0024998729621534686,
        0.10113101356835803
    ],
    [
        0.01978859677079157,
        0.04487673944529563,
        0.06873184069674325,
        0.08150939799707958,
        0.03179420223943794,
        0.025301863262876426,
        0.06004957038208385,
        0.04809687692650661,
        0.042190354403158346,
        0.07393371002946779,
        0.035446682401797006,
        0.017033853074279497,
        0.038154730933278175,
        0.3039064491766697,
        0.01814228111437211,
        0.03295666986742595,
        0.035857981658225305,
        0.02222819962051121
    ],
    [
        0.013845710682430179,
        0.02253315866585044,
        0.006672432715107098,
        0.03139878144570132,
        0.011058558576416109,
        0.2334410121567906,
        0.01990871691448352,
        0.03227746678112566,
        0.028197918433357224,
        0.008679269767030725,
        0.010574213553582899,
        0.3364013626363186,
        0.028625393915571666,
        0.007547331092986516,
        0.10590694317095344,
        0.023133041856206016,
        0.010390883727212696,
        0.06940780390887527
    ],
    [
        0.028362220211340442,
        0.07169632805710681,
        0.14183485587583497,
        0.04022073287048148,
        0.02521620301384814,
        0.024203628813006285,
        0.04377362713876654,
        0.05909529935906184,
        0.06448904555581293,
        0.06597172422209971,
        0.11339129313814246,
        0.01410982162986644,
        0.06008797931578323,
        0.10299502874995899,
        0.023128109715392194,
        0.06664266376821008,
        0.031069087632069954,
        0.02371235093321754
    ],
    [
        0.01747692392496775,
        0.04985794016710142,
        0.024417363689769198,
        0.033824794908078736,
        0.14197535951028153,
        0.031599211860412174,
        0.018836267449414537,
        0.11257900028492927,
        0.10890749812222233,
        0.01690611537273271,
        0.04553594076311711,
        0.03407830682419644,
        0.07729148328150164,
        0.014017349644992889,
        0.03335974040712057,
        0.11394494973157944,
        0.02439778669375341,
        0.10099396736382889
    ],
    [
        0.014211927653587465,
        0.11493863007201359,
        0.005433074911800295,
        0.3845387843824213,
        0.009003967638548785,
        0.03156660391444948,
        0.0875586204318498,
        0.05370853648590061,
        0.025135990149460205,
        0.09396810941840945,
        0.006469092288712326,
        0.015232486743839225,
        0.018383036682512156,
        0.047064290826909744,
        0.03478842769309814,
        0.028192587521117897,
        0.016238008542048783,
        0.013567824643320743
    ],
    [
        0.024763506850136088,
        0.0680151721310329,
        0.025542913592162955,
        0.10733572489451587,
        0.08516469245675494,
        0.029185757096473836,
        0.043775422523842956,
        0.05853601141895018,
        0.04071432479896213,
        0.1390477669806385,
        0.018260642803809235,
        0.01851730119965749,
        0.030256097310604153,
        0.1849165070132936,
        0.021333026553772904,
        0.036968278008966564,
        0.0426403247743114,
        0.02502652959211426
    ],
    [
        0.018706658353328694,
        0.017281133937686308,
        0.009677770620858072,
        0.022314823136529188,
        0.005831815264347107,
        0.28921900425746516,
        0.02041017052473539,
        0.02040685578664002,
        0.024440908803037936,
        0.005348362629829415,
        0.015198859694163019,
        0.303070513272471,
        0.03549969764060559,
        0.006832994912012961,
        0.12555616399470532,
        0.01780982301770398,
        0.01138203717621326,
        0.05101240697766771
    ],
    [
        0.01187397993428395,
        0.03186857144707825,
        0.0018531444031690473,
        0.0175238612340268,
        0.0033905845982758866,
        0.06599700818020438,
        0.013274532789897686,
        0.01891354987749497,
        0.014476296488697577,
        0.0058500190104595964,
        0.0040860660572102185,
        0.03606988921000878,
        0.012903024692716085,
        0.002787416960492319,
        0.7116014767182157,
        0.023641325479865034,
        0.004994250932107869,
        0.018895001985795832
    ],
    [
        0.0006193065266859541,
        0.0023212087182050366,
        0.0010697579038735747,
        0.0019636486838478157,
        0.00466235329499946,
        0.008125543523142372,
        0.0007429363773292238,
        0.015618833209504357,
        0.014158688234176386,
        0.00041864257051470215,
        0.0021013588630081244,
        0.021939679873582234,
        0.016380684134196303,
        0.00048416372137708417,
        0.003755158846510283,
        0.005097821252036795,
        0.0007179266802841505,
        0.8998222875867262
    ],
    [
        0.010098511564760639,
        0.011669861478690098,
        0.001820605781873509,
        0.052943137986842824,
        0.0008758456221998633,
        0.018614177368298665,
        0.8188410457863912,
        0.004533533686638517,
        0.003715136069983482,
        0.011015332224979142,
        0.0021601480685999918,
        0.007321860731766044,
        0.004190631911565847,
        0.01544956850080453,
        0.02473312717263603,
        0.0038294488367113916,
        0.0054749761017094,
        0.0027130511055487986
    ],
    [
        0.1128282105381986,
        0.4906112450262697,
        0.004678326845196564,
        0.034692466421984224,
        0.005736911066892259,
        0.01974916562641139,
        0.013626647803869938,
        0.03746414386786599,
        0.0334048907150926,
        0.006715616836543011,
        0.007407728828444226,
        0.006434596687768155,
        0.024678022859323204,
        0.0069790764888729906,
        0.035851370456424905,
        0.06767832401923844,
        0.0812838423561892,
        0.010179413555414648
    ],
    [
        0.930434066287655,
        0.004788906687748259,
        0.00042543481124401774,
        0.0063439398553117015,
        0.0003539080270324961,
        0.0028825469046592773,
        0.005260297312870333,
        0.0009947245120561384,
        0.0009148941222436929,
        0.001313175528797616,
        0.0004335376991979314,
        0.0009660509534064587,
        0.0008898542859874254,
        0.001910870802363524,
        0.00405839544278862,
        0.0011353694211735555,
        0.036300713441004925,
        0.0005933139044588675
    ],
    [
        0.05678581659732674,
        0.6931962907479604,
        0.003774478756866836,
        0.02865663077671903,
        0.0035281839554723972,
        0.009971307939905742,
        0.01501708747088526,
        0.02392655350191843,
        0.01913726191558319,
        0.011030367479560902,
        0.00555959794779158,
        0.0033369721102139366,
        0.013204752399830284,
        0.008971709502739907,
        0.017976817571004507,
        0.042906988221453536,
        0.0380868261302256,
        0.004932356974541686
    ],
    [
        0.14580920003228215,
        0.06845351674993687,
        0.01413869409598506,
        0.10155924974626548,
        0.013759630485927644,
        0.04650280952286828,
        0.1407715402298823,
        0.030000372564508153,
        0.027935217678199724,
        0.051303018718199415,
        0.017412257131067477,
        0.02687538739153016,
        0.024866150328793513,
        0.044187109722874506,
        0.06532225952243809,
        0.03758414816801609,
        0.12388769865843342,
        0.019631739252791706
    ],
    [
        0.008838678383123333,
        0.009708352037246386,
        0.002435937013570788,
        0.02163263737101493,
        0.0025425331729402325,
        0.6929412366917052,
        0.014963568304183977,
        0.008481411259221566,
        0.008548946404488502,
        0.0034528837792896735,
        0.00351604172165534,
        0.11198068488251339,
        0.009896252944378311,
        0.004103709354680379,
        0.06978321930118488,
        0.006685893457802416,
        0.0050152848049705165,
        0.015472729116030334
    ],
    [
        0.03939142495144148,
        0.04089100898507121,
        0.0022715364872103396,
        0.14569644239515087,
        0.002818453328075417,
        0.06168527905123567,
        0.38639803987506605,
        0.011222179818424355,
        0.00805660763268733,
        0.04246555543336331,
        0.0032775646161214557,
        0.02236919048192237,
        0.007423710204005919,
        0.015503582261434244,
        0.1785092434578019,
        0.011017075967076666,
        0.013667473043647996,
        0.007335632010263446
    ],
    [
        0.002538085678217112,
        0.00354617038206966,
        0.0011741812065380781,
        0.0059367740964751965,
        0.0020092444951426034,
        0.046999151430169694,
        0.00390700005613491,
        0.005294790396538433,
        0.004767047646644542,
        0.001346847068575693,
        0.0019098525816159447,
        0.8596810305127579,
        0.005702199109233745,
        0.0012859974562557785,
        0.028743102510546126,
        0.00368195261203365,
        0.0018959134745708947,
        0.01958065928647991
    ],
    [
        0.007885386137229985,
        0.1052841653152958,
        0.004354996335564689,
        0.10560391456419418,
        0.016197957808722886,
        0.09466731446614657,
        0.02672806231303941,
        0.20937382828439954,
        0.06701063670752302,
        0.021449155152040537,
        0.008586043154206304,
        0.04968933304822074,
        0.04036840224114015,
        0.010054269469236612,
        0.08519492254395536,
        0.07423992293095584,
        0.007000345007680154,
        0.06631134452044825
    ],
    [
        0.01736733344454331,
        0.03927293667887347,
        0.03817700228583883,
        0.028204578403271712,
        0.051522024583087196,
        0.04063049313214103,
        0.02216604166309117,
        0.0892452569017519,
        0.10874805003240982,
        0.01472760943973424,
        0.09825525003105595,
        0.04990180233864037,
        0.10302647487496056,
        0.013794553415955245,
        0.041570037586871965,
        0.10166744282892409,
        0.019686869767669493,
        0.1220362425911796
    ],
    [
        0.0174964884406834,
        0.24383954159845414,
        0.009282853915560947,
        0.055500259741710266,
        0.016202959637779,
        0.01872557025438233,
        0.03334919928504492,
        0.11754467659041046,
        0.07277811595769729,
        0.038755717055212774,
        0.02019590567616924,
        0.009711965537075665,
        0.03950291683091269,
        0.016704189033522557,
        0.031238569616922524,
        0.22071362119015536,
        0.01868819795838338,
        0.019769251679922977
    ],
    [
        0.0010054910463420802,
        0.0014582652947863145,
        0.0001959548353095366,
        0.0038530782756195105,
        0.0002933304300941456,
        0.9647329851904834,
        0.001153009076119566,
        0.001242880076955349,
        0.0011116633588035627,
        0.00027283260550956125,
        0.00027167472302839645,
        0.011270078465754896,
        0.0011630882243296146,
        0.0003570661014111085,
        0.008175529103125277,
        0.0008047633052152036,
        0.0007067695824550796,
        0.0019315403046572491
    ],
    [
        0.002876324882048377,
        0.019121312356595612,
        0.006492517331953045,
        0.006138494608254875,
        0.05159592965754846,
        0.009106786800071027,
        0.0028950112286203976,
        0.221926328342502,
        0.20273550053824627,
        0.0025672021342633853,
        0.024093361148255145,
        0.009760253299493376,
        0.09719420918228786,
        0.0021202265453171896,
        0.009858914896035131,
        0.17871385102244858,
        0.0034532759102003457,
        0.14935050011585901
    ],
    [
        0.031280603310729,
        0.060382941849198506,
        0.17489245485671007,
        0.03289526742938377,
        0.0333679487801179,
        0.04295157722866467,
        0.018365696342880735,
        0.06991129419756835,
        0.11025418203642788,
        0.013802245357288793,
        0.08767518476288759,
        0.017634323984122745,
        0.10717542260010951,
        0.032550616343963494,
        0.02246979506246203,
        0.06313819122627017,
        0.04338212712729722,
        0.03787012750391754
    ],
    [
        0.011511900026922272,
        0.042122150018062667,
        0.02781841926247982,
        0.024286778208402894,
        0.3225556886404976,
        0.017699729536894748,
        0.013047475507177416,
        0.10688547717761443,
        0.09178394973509908,
        0.018184386684938943,
        0.04427307075526833,
        0.017236378111792412,
        0.058564073412022036,
        0.015098244792449998,
        0.017229436478223288,
        0.09475135545960006,
        0.017715647086672223,
        0.05923583910588185
    ],
    [
        0.018760812902704614,
        0.40953873227771265,
        0.00726680832054087,
        0.023823487299131318,
        0.010791543903028252,
        0.01413997355156513,
        0.015527280049093118,
        0.08652219092915975,
        0.0568662992347011,
        0.022167159063862272,
        0.01669319321022021,
        0.007298581663256059,
        0.037330443121681406,
        0.009716390690396409,
        0.03290342960674463,
        0.20227555569709366,
        0.01265708170921202,
        0.015721036769896595
    ],
    [
        0.005092382761032336,
        0.014440128042505739,
        0.14399248700595033,
        0.006715479494822074,
        0.02733879415210415,
        0.011123169713738518,
        0.004331191114761239,
        0.049468605306225814,
        0.10179171991616168,
        0.003334211256057977,
        0.35147264053782024,
        0.01010613070443519,
        0.15283175833582358,
        0.005250139887274258,
        0.008252663683494197,
        0.04374448056826312,
        0.006459431441868098,
        0.05425458607766145
    ],
    [
        0.003960039752107241,
        0.025702506223002172,
        0.049537208311608356,
        0.007465542037973471,
        0.006264515248425156,
        0.006772048927398311,
        0.0063342189616228195,
        0.06950529907807769,
        0.10071392955427023,
        0.004883776173954708,
        0.4667498058696852,
        0.004837166603406434,
        0.12333780196842645,
        0.006008213890264401,
        0.008073893800394728,
        0.08906170944790952,
        0.004348288074270911,
        0.016444036077202264
    ],
    [
        0.007208778475711415,
        0.016391992183022393,
        0.0022158152700736,
        0.032236036348829225,
        0.0020555375861350676,
        0.007112758394971869,
        0.09323896009877118,
        0.006427401360056921,
        0.004380962374780839,
        0.7565106528302648,
        0.0025868064767747122,
        0.004150485954230799,
        0.003816833651150245,
        0.037522683445098265,
        0.010418174779417996,
        0.005758592624729777,
        0.005129089711364914,
        0.0028384384346160575
    ],
    [
        0.001041705719015881,
        0.0021824969976387354,
        0.91873259119763,
        0.0013950838316666128,
        0.0016458924195327587,
        0.001507847518741815,
        0.0010584494290141588,
        0.003960507255890175,
        0.00693187075951899,
        0.0006822323593541282,
        0.03825093789325851,
        0.0010494268230687594,
        0.011039893525744528,
        0.0019542103165723986,
        0.0010411068740472879,
        0.0033709627504194947,
        0.0015427501452993464,
        0.0026120341835864157
    ],
    [
        0.002610452505340337,
        0.011933109603042275,
        0.015345942148779247,
        0.007629830040061047,
        0.041184613205682924,
        0.015092543755011512,
        0.0028635986171659683,
        0.11847106966803027,
        0.14991070394638642,
        0.001960492923264115,
        0.022565344131144964,
        0.017156299720998282,
        0.22631928819644614,
        0.003056723245730686,
        0.007902566229939078,
        0.029165528774051735,
        0.0036905142384032297,
        0.32314137905052176
    ],
    [
        0.012432092432991025,
        0.04072144517027207,
        0.0220841996390825,
        0.17263267303056123,
        0.019107154617331194,
        0.2031795852848809,
        0.04759576619046777,
        0.06816866952534832,
        0.05634063602086523,
        0.02080544717107121,
        0.018143121757491717,
        0.06955337923052164,
        0.0586554366258397,
        0.058528949210263,
        0.036217925114688514,
        0.026538153545463284,
        0.015292243749933616,
        0.05400312168292702
    ],
    [
        0.024581263756800396,
        0.07747888072793128,
        0.020643382793003925,
        0.027178621541608067,
        0.03851718208022825,
        0.025024395361207513,
        0.018422919708120367,
        0.10207899280198532,
        0.12131540801792932,
        0.013460396041877707,
        0.059646445247150244,
        0.018494366195745494,
        0.08090976943265622,
        0.010741762667454859,
        0.03539902017160191,
        0.2444297123625793,
        0.02901968988951287,
        0.052657791202606906
    ],
    [
        0.002707999558943044,
        0.007797483973641304,
        0.2062451805481435,
        0.00405398861118319,
        0.006113743008031676,
        0.005148823528324471,
        0.0029373130584313487,
        0.02135402568138786,
        0.04834180739680318,
        0.00180362466386097,
        0.5746629744932834,
        0.003614571462267503,
        0.06879912209918507,
        0.003499331933202997,
        0.003705602135270008,
        0.02214289131746929,
        0.0038616648832443703,
        0.013209851647326814
    ],
    [
        0.13908909224632135,
        0.15820994902198604,
        0.0031843101789743736,
        0.283191126801616,
        0.005797288791970628,
        0.022865519606498658,
        0.06124335392901982,
        0.01930156667838354,
        0.013131403964029035,
        0.02674529652887128,
        0.0037275369516743457,
        0.008244915505644436,
        0.009922611859380334,
        0.02169442479428991,
        0.03587702922811112,
        0.01963554737389011,
        0.16114657869085017,
        0.0069924478484889255
    ],
    [
        0.00772954619831253,
        0.11605055651133139,
        0.003862351195264422,
        0.03472308449796084,
        0.016203277020913273,
        0.03941549947983345,
        0.014478203664188326,
        0.24776107898311742,
        0.07665028920808754,
        0.013282958892017546,
        0.009936205445234289,
        0.03303355074931864,
        0.04594563719055057,
        0.0055251320617487245,
        0.09356621895106472,
        0.1601489323212064,
        0.006108794666896211,
        0.07557868296295378
    ]
]