[
    [
        0.5679845517340352,
        0.018437342359211455,
        0.054405847294434914,
        0.01637498179588246,
        0.010239504919565804,
        0.014799848577134053,
        0.012067596420640363,
        0.014941517645968492,
        0.03294001835290257,
        0.014436774487783448,
        0.021449889396696013,
        0.011406257455522366,
        0.01633399995893332,
        0.024160046126910494,
        0.11061835672155798,
        0.017203885137729795,
        0.009074003925332011,
        0.007482082725959728,
        0.01027799086397421,
        0.015365504099825567
    ],
    [
        0.002883358014115106,
        0.008836433049362102,
        0.00478801928905231,
        0.02293991186560887,
        0.13465977365090312,
        0.010801077820132406,
        0.013199299299693315,
        0.055369204586221576,
        0.005603004907439552,
        0.0474842804058949,
        0.014689698849607647,
        0.08127011137018016,
        0.023715018567197217,
        0.028206730043081468,
        0.004031510727226648,
        0.0061588316890959765,
        0.010418737260920992,
        0.37980756863782517,
        0.10848236479278367,
        0.03665506517365783
    ],
    [
        0.017794412682502866,
        0.035665173354521344,
        0.012192531239210627,
        0.015172395820400541,
        0.03397996819471619,
        0.013047929731984625,
        0.03898312703459682,
        0.04557779591940459,
        0.02260964166368605,
        0.0557694559161375,
        0.14000856812210427,
        0.03866208870501035,
        0.02240532926018426,
        0.23607580952307664,
        0.026438064905534835,
        0.013921706496101673,
        0.07971621495710675,
        0.02942815598186684,
        0.028740460674352333,
        0.09381116981750089
    ],
    [
        0.003407393714415605,
        0.003398650699852956,
        0.0027262094015738387,
        0.031608618072621934,
        0.2392823075057892,
        0.06521667078915333,
        0.008966485817931275,
        0.044774452754147376,
        0.007376940030773497,
        0.01769909656914546,
        0.00729913371397545,
        0.1924566589616455,
        0.03111469462957002,
        0.017667723079079056,
        0.002207257748711195,
        0.02506849424637718,
        0.006404511738041598,
        0.08354983290279809,
        0.19636308401117944,
        0.013411783613218065
    ],
    [
        0.004029203462272628,
        0.009454433296871853,
        0.004064350071506282,
        0.017018399747806865,
        0.06988846376219733,
        0.014181836032836572,
        0.025295762468089126,
        0.06894727763809436,
        0.013612773943701572,
        0.05213565134337088,
        0.11603661488118684,
        0.17731884942328696,
        0.03935350996609459,
        0.1785524284777692,
        0.004323460927932821,
        0.018935037036596825,
        0.08618483279185014,
        0.020816085347910893,
        0.030259292275031595,
        0.04959173710559275
    ],
    [
        0.0024248438766219663,
        0.005891755925507119,
        0.003958918642188991,
        0.02773350544961604,
        0.11171318271675518,
        0.007507187157095503,
        0.005386501748424974,
        0.08433761289469345,
        0.006043747595382046,
        0.09626945163938758,
        0.02991385139129992,
        0.2182289764710398,
        0.1825515139848,
        0.09599202084029673,
        0.0038683564017238897,
        0.008745059747779308,
        0.021742098832757212,
        0.027535520617059567,
        0.03194512690694932,
        0.0282107671606213
    ],
    [
        0.0004991202573297094,
        0.0005640586210184841,
        0.0003104974671865085,
        0.0008011370172170099,
        0.00449824400390231,
        0.0012407602781699528,
        0.000647536762366392,
        0.9293610417521805,
        0.0006757666426667513,
        0.001740433410839118,
        0.0032655965049696043,
        0.011231846914310496,
        0.009544123645753454,
        0.012036468127215608,
        0.00029003627858798517,
        0.002841690798893004,
        0.0006443995726277046,
        0.0028288946641433525,
        0.01436001236356269,
        0.002618334917059276
    ],
    [
        0.00014706255582997647,
        0.002591258279036936,
        0.00039580871819567805,
        0.0036495713877393973,
        0.003908707651583624,
        0.00048568640346911097,
        0.0012979367687104048,
        0.0011947844900870603,
        0.0011425791415701288,
        0.9353289191149976,
        0.005705142743488637,
        0.0025073151334090455,
        0.0008390309062198336,
        0.00764462938580153,
        0.0003341962998079848,
        0.00027757539777825013,
        0.01076630426990446,
        0.0019237059790332466,
        0.0008932049766455536,
        0.01896658039669137
    ],
    [
        0.00016604073223553192,
        0.000662128880368582,
        0.00015131348875076743,
        0.0008522889209683632,
        0.005583587863957912,
        0.0006106763127336785,
        0.0008331119996732975,
        0.006192583057118041,
        0.0007539779389090676,
        0.007149079287786411,
        0.009159829271342934,
        0.008353228672248672,
        0.0014036278711586285,
        0.9401031185212017,
        0.00017817880741766962,
        0.0005666478396106501,
        0.002473788742819636,
        0.0018555982711382665,
        0.002276671021323287,
        0.010674522499236973
    ],
    [
        0.0004455573428219856,
        0.014670394947324191,
        0.001039056684014571,
        0.005200059890181146,
        0.010862037200121091,
        0.0016851155251889364,
        0.00662845510865843,
        0.005140285989187018,
        0.004011765813837825,
        0.2288836680452483,
        0.042974396067243625,
        0.007247984919865736,
        0.0020180415602323904,
        0.02610337169168505,
        0.0007350391468772747,
        0.0009668675457130555,
        0.03860474552220454,
        0.007634200480169459,
        0.0034365124482680417,
        0.5917124440711572
    ],
    [
        0.8266226160290955,
        0.0053165787304211435,
        0.01742023080472197,
        0.009909606116401631,
        0.005897886326571022,
        0.010924143935584132,
        0.0034907832550944385,
        0.0067498574739998,
        0.016313594282414412,
        0.006863976271532569,
        0.006541505568535463,
        0.005795100503846065,
        0.008295032453706531,
        0.010236756610306678,
        0.029112748176536227,
        0.010628687448136389,
        0.004028331581700355,
        0.0038911783654357094,
        0.005424006411669829,
        0.006537379654290133
    ],
    [
        0.03548567542635624,
        0.03883699637610573,
        0.057863118466584255,
        0.03489896107654371,
        0.050717711658470076,
        0.01664621588949806,
        0.019919437671394438,
        0.04012853405690152,
        0.021697721286606263,
        0.09523321534136482,
        0.05189396317139966,
        0.03886320640839763,
        0.03518407613636338,
        0.08099290536846203,
        0.13157669641993142,
        0.013148005150228693,
        0.07023546504670942,
        0.05370822166523996,
        0.034134064547189556,
        0.07883580883625317
    ],
    [
        0.04987972534546853,
        0.048640942805502095,
        0.031117090973556524,
        0.031102603928468062,
        0.037161072416247706,
        0.01729466979233987,
        0.022864500708574393,
        0.032937814807210045,
        0.030710452687113338,
        0.07459938618573084,
        0.06003231121046753,
        0.031639212827071966,
        0.027538449783903747,
        0.09979265283581733,
        0.1894497073193484,
        0.01377214052755824,
        0.06937563281430956,
        0.03407382200953715,
        0.025960750524977434,
        0.07205706049679717
    ],
    [
        0.00286409552790021,
        0.0259062216991522,
        0.004925600215814055,
        0.009615158301841792,
        0.04126195002303101,
        0.006798099232427697,
        0.031981381210222495,
        0.025219385833475855,
        0.008824840791818927,
        0.08424242794090053,
        0.07559818919431677,
        0.028203609221279253,
        0.00779378429477965,
        0.06669518517940436,
        0.004304071020329604,
        0.004383313781811442,
        0.14305093020141474,
        0.05977830375069647,
        0.022009836303623447,
        0.3465436162757595
    ],
    [
        0.0016559073931436629,
        0.15342188890890415,
        0.00352159007090399,
        0.016969774292975512,
        0.011274526804754622,
        0.005189431084723858,
        0.016241143771380577,
        0.009815385219538786,
        0.04377741491794924,
        0.1346015880688757,
        0.25726593705721623,
        0.010352362496100456,
        0.005104352134374632,
        0.05515772703864107,
        0.0024242799973590327,
        0.003340241768377399,
        0.034338999453880116,
        0.006211053154275791,
        0.004982030734014731,
        0.22435436563261044
    ],
    [
        0.006045598203031907,
        0.025871692842532185,
        0.0076366796431831165,
        0.08196421040936148,
        0.058109875399964796,
        0.01898298588784555,
        0.019155312126671396,
        0.018188526381275088,
        0.03892819646039789,
        0.20299756528811772,
        0.04460384762666049,
        0.04101907263748337,
        0.01816550971510328,
        0.07438227395850891,
        0.011066022573138788,
        0.009932838083655781,
        0.20906438151650827,
        0.02414103381720658,
        0.015989127250240414,
        0.073755250179113
    ],
    [
        0.010308468981602441,
        0.007527066156505232,
        0.014690170710637789,
        0.024739790609087008,
        0.17574663620010103,
        0.04626156513749677,
        0.023155207265285385,
        0.04897880699486158,
        0.01189856637616715,
        0.0362897371308702,
        0.017231889439157294,
        0.0920587056072865,
        0.022167540685305083,
        0.033139631886936395,
        0.006012372645011161,
        0.021479981181338245,
        0.02016115332043324,
        0.18344185600953994,
        0.16029668852981,
        0.0444141651325675
    ],
    [
        0.00035484698347493384,
        0.0012083413994062374,
        0.0008062972037887711,
        0.9636727284019966,
        0.003802669543326534,
        0.00260199562144945,
        0.0008445455332320326,
        0.0011841936387840702,
        0.0033648698474199666,
        0.007368531385162594,
        0.0011712222067983493,
        0.002711990073137351,
        0.0020861686731031342,
        0.0017098330948497216,
        0.0004821871118745234,
        0.0009895583813489123,
        0.0011186718085819183,
        0.001409834297548856,
        0.0012217278164969349,
        0.0018897869782187379
    ],
    [
        0.002944462066016888,
        0.0015377863202303526,
        0.005164813295752936,
        0.002285587101042569,
        0.0011291582594234358,
        0.0006348635956705575,
        0.00090840195391062,
        0.001038684864901007,
        0.0011498965607008517,
        0.0022700720019812734,
        0.001624418267154303,
        0.0011801055035291761,
        0.0018830600984562032,
        0.0021068918177487668,
        0.9693752008098973,
        0.0005964311217585465,
        0.0012662402450291934,
        0.0008416803989273502,
        0.0007950094512784416,
        0.001267236266590344
    ],
    [
        0.003716535643760463,
        0.003951110663078929,
        0.003168404503989132,
        0.013600152631312607,
        0.11385353554241234,
        0.02730304183341009,
        0.0364467660927729,
        0.0755049513257195,
        0.0077475937158551075,
        0.017840437986544923,
        0.02055996434894789,
        0.40789776438587033,
        0.02664410735492351,
        0.0412837425366233,
        0.002398693093722529,
        0.026047842547226342,
        0.010952789664229811,
        0.033482560940186874,
        0.10720135139631697,
        0.020398653793096452
    ],
    [
        0.0011063516948949558,
        0.02403746697127292,
        0.0044709858822135845,
        0.03569000003691764,
        0.024897079288191588,
        0.003955156559051002,
        0.006514716052877063,
        0.010181229074502023,
        0.007734069952287787,
        0.6846321582348454,
        0.02378103269708693,
        0.01532108653290692,
        0.007862909699041363,
        0.02237865137115784,
        0.0023310588785781274,
        0.002303076415438176,
        0.023427241810431303,
        0.017383371665173106,
        0.007566988909282436,
        0.07442536827384975
    ],
    [
        0.0007256193658414773,
        0.008367412912261278,
        0.0010220623357864516,
        0.004883409247678802,
        0.017871833673922814,
        0.004514701306947814,
        0.011322812567915057,
        0.008163229036649814,
        0.00622084312655763,
        0.03161970568707858,
        0.016039090212234895,
        0.009018730224727068,
        0.0018039595452493285,
        0.020816980528840817,
        0.0006509546103227558,
        0.0016136011232220056,
        0.00703077541835674,
        0.017653787033707707,
        0.008648900149148568,
        0.8220115918935504
    ],
    [
        0.0031828629621085693,
        0.007195435300087188,
        0.0031079304106691,
        0.008260893269620113,
        0.04916187670073984,
        0.010844348490691888,
        0.017354344404987274,
        0.41500949303683726,
        0.006178239304373016,
        0.019092934358351427,
        0.032169659058616934,
        0.08846940653194109,
        0.023719298398827905,
        0.0616555840441781,
        0.00233899757877473,
        0.011164019085544721,
        0.005823193281814022,
        0.04738809091116654,
        0.1494884237704024,
        0.0383949691002679
    ],
    [
        0.004243687046033701,
        0.0243018560344763,
        0.009194827477837906,
        0.019796216468838144,
        0.08522357148699769,
        0.011145202766321234,
        0.013706295036757587,
        0.06545150684430699,
        0.0107062588006889,
        0.13090153890121065,
        0.050833166277184094,
        0.05318660950890198,
        0.023379749034510153,
        0.07005544160911162,
        0.005976524226183257,
        0.008209385896312737,
        0.05019551004164193,
        0.13562539556445205,
        0.05092378806339398,
        0.1769434689148391
    ],
    [
        0.0012389755789732507,
        0.01602933106084864,
        0.00255410260223317,
        0.0066955768608366285,
        0.028526477467782602,
        0.0032645833587788132,
        0.016536960147242,
        0.013116600759309401,
        0.0047900501303793745,
        0.12414640749122761,
        0.05205122418190702,
        0.017516677624504293,
        0.0042967155417762675,
        0.051154970891662495,
        0.002170077355226414,
        0.0019579950719074337,
        0.09457255756262191,
        0.034749523651387365,
        0.01093836881849031,
        0.5136928238429052
    ],
    [
        0.9500763396310656,
        0.0008866184218373699,
        0.0035337623090802555,
        0.0019006090742800111,
        0.0025224498331849346,
        0.0032151680161064716,
        0.0013915038095422818,
        0.0030470406062296632,
        0.002057782331439387,
        0.0016960108644476226,
        0.0018566919784998293,
        0.002827049454954009,
        0.0031035446847863715,
        0.0037161713665794043,
        0.006782083662997198,
        0.0037653979455650956,
        0.0011729110545694247,
        0.0016810573837605504,
        0.002952557449437803,
        0.0018152501216363527
    ],
    [
        0.003929720373352734,
        0.004095389814946638,
        0.0021893644081531364,
        0.008935490224201759,
        0.07011044562820587,
        0.022544874726540095,
        0.005043004787848237,
        0.11715923404985981,
        0.0056264180391831665,
        0.013155155134592393,
        0.008279093516140989,
        0.05622077888718135,
        0.023054549679136865,
        0.026861161860537632,
        0.0021173964630859274,
        0.01855551465860609,
        0.004889591056498098,
        0.1273765446083056,
        0.46176616208817367,
        0.018090109995449934
    ],
    [
        0.0001880686017676894,
        0.002888138819150727,
        0.00029864489151950187,
        0.0012861088143791854,
        0.0048301614179136355,
        0.0009370608815555473,
        0.004578051439896393,
        0.0029935184279665373,
        0.0018143911774355522,
        0.01622439272121543,
        0.023020555573039808,
        0.003665140761808747,
        0.0006837648609725165,
        0.016505655911507624,
        0.00020006835080029468,
        0.0005145474967387157,
        0.005882548286966033,
        0.003006448728079688,
        0.001963774987306132,
        0.9085189578499803
    ],
    [
        0.0024536285331538243,
        0.004149287374554045,
        0.0017605327767066757,
        0.004370247340291174,
        0.0118153037798357,
        0.0034055917840113657,
        0.005225280160892394,
        0.01985804630299136,
        0.005661336780434774,
        0.018341262187343492,
        0.04543102873331018,
        0.017603152382109844,
        0.008083324660484326,
        0.7982746129023042,
        0.0023731773020340212,
        0.003986542904636266,
        0.008474789706408546,
        0.005355449252885819,
        0.008111480752961064,
        0.025265924382651114
    ],
    [
        0.0002652121174910309,
        0.00022670684563057066,
        0.00017679881479674373,
        0.0005537911563799547,
        0.012512321069129589,
        0.0014450393350536749,
        0.0006002268264146638,
        0.018108229217803192,
        0.0003073307204222872,
        0.0009852282475941744,
        0.0007303742261282897,
        0.012969735507159576,
        0.001654635449666643,
        0.002397147766512367,
        0.0001428316097450573,
        0.001139107539725701,
        0.00040468261832686075,
        0.019458843439127328,
        0.9243679222503559,
        0.001553835242536443
    ],
    [
        0.004390178439344596,
        0.024839894182472812,
        0.01752984265902183,
        0.6724493290934906,
        0.019852450442317555,
        0.010021781425331956,
        0.00781937564805257,
        0.009576400530627992,
        0.021661732850030906,
        0.07869482055693433,
        0.012778614636739096,
        0.015347317997655499,
        0.019574151142299236,
        0.01606208045145799,
        0.014116169573717665,
        0.0056087093656701,
        0.011420442288106547,
        0.01212353957920703,
        0.00864697480074582,
        0.017486194336775906
    ],
    [
        0.0030852381401725157,
        0.015718142263031986,
        0.0036969530281942484,
        0.007172806444456829,
        0.04424798639170474,
        0.00849139056323726,
        0.029998152713655742,
        0.11947699862318292,
        0.008564980110861892,
        0.03958465137336389,
        0.1583720261382813,
        0.054888583117285915,
        0.013272423636294576,
        0.14938941429158362,
        0.0028662909256666,
        0.008289862428020017,
        0.029266059414317928,
        0.047443323459381626,
        0.049063108666448675,
        0.20711160827085773
    ],
    [
        0.011589003641178734,
        0.03159410221087633,
        0.020145279055601106,
        0.04168321436860478,
        0.06065208831022968,
        0.01832889671310157,
        0.039123152811143716,
        0.030223409659679713,
        0.02278932844201606,
        0.10328026851294961,
        0.06100679286812806,
        0.05330109557814695,
        0.02811111369533463,
        0.06161163137896543,
        0.026470202008095543,
        0.013487508610147582,
        0.2370628168428409,
        0.044716408823801804,
        0.027744655443993703,
        0.06707903102516412
    ],
    [
        0.0001985936439376135,
        0.0030926399560678086,
        0.0003907376166689783,
        0.0007486351612889184,
        0.0010322786932810265,
        0.00035296029568043926,
        0.0014883686258855002,
        0.001980323332922813,
        0.0012609545008023695,
        0.005119506674884425,
        0.952911304956754,
        0.0014752478020545556,
        0.0008728902908563053,
        0.015804087265523396,
        0.00029493787795211986,
        0.0003946226012053003,
        0.002522902743260244,
        0.0005611285284799619,
        0.0006172529451313113,
        0.00888062648736306
    ],
    [
        0.009228280181216344,
        0.0029764565912653047,
        0.002775121598812557,
        0.010115694576597245,
        0.01654007571424042,
        0.17887328261454175,
        0.0036671592030587284,
        0.029486661026734563,
        0.01284300086004489,
        0.005667171262613676,
        0.00528754481176672,
        0.018866128196453516,
        0.01893055245736196,
        0.009720646316457342,
        0.0018176297567493592,
        0.6186510111186554,
        0.002756725218289761,
        0.01009228525830379,
        0.034834845638897605,
        0.006869727597938968
    ],
    [
        0.010196224743860846,
        0.014040516812613766,
        0.015105805415419372,
        0.0808811091528323,
        0.0402128186724387,
        0.024912461876971232,
        0.009780065167643678,
        0.05976299590424277,
        0.0190928535887259,
        0.03458841172236533,
        0.021328252288244767,
        0.06056810225682795,
        0.4331408550486761,
        0.03206284366595011,
        0.012777011468251321,
        0.043617841821478306,
        0.01101899915401938,
        0.02272244617435068,
        0.037034266315441884,
        0.01715611874964562
    ],
    [
        0.000762307038978238,
        0.0002658696737606623,
        0.00023906123146679408,
        0.0008379371017747357,
        0.0010815996125107244,
        0.006902673782221826,
        0.0003053754118100574,
        0.002496732147021149,
        0.0016267957189824464,
        0.0005204192888081074,
        0.0006800727255690581,
        0.0016327053682984485,
        0.0022287211223453425,
        0.0011664206762858837,
        0.0001603814426597885,
        0.9762670778069569,
        0.0002910593931902183,
        0.0004734088653066902,
        0.0014659741953929278,
        0.0005954073966597775
    ],
    [
        0.002019504029285657,
        0.007370236434767873,
        0.0018066455654438477,
        0.008380801530370557,
        0.06811695828918167,
        0.010617669694552221,
        0.010479208457148009,
        0.37141567149563265,
        0.006083635624716466,
        0.02422222744785227,
        0.02801958450861353,
        0.09059319802334881,
        0.01839011597428729,
        0.06902443464053098,
        0.0016207992300894356,
        0.008760131426352376,
        0.006589027589320614,
        0.07001675861663634,
        0.14265565402069919,
        0.05381773740117015
    ],
    [
        0.008710018649064337,
        0.026459342690514174,
        0.024067424560653757,
        0.015886987750940218,
        0.05170558548417722,
        0.013372887281394937,
        0.07844465280489685,
        0.03939430784888162,
        0.016130156920484025,
        0.07609334324842278,
        0.10830730664546062,
        0.044094900130231214,
        0.014705500616893354,
        0.08521370777857756,
        0.010341621994732512,
        0.009971105050722563,
        0.09341130839658672,
        0.05139315891574406,
        0.034967055538944525,
        0.19732962769267695
    ],
    [
        0.0025374194133389928,
        0.005809920283371332,
        0.0034833451189213898,
        0.09572622118381287,
        0.32343484740101797,
        0.04304729293832343,
        0.008235257203990001,
        0.03173590095826881,
        0.010782197092938131,
        0.0507348894906276,
        0.009126312083975715,
        0.10799054972552447,
        0.025197368985752654,
        0.021513531535791705,
        0.002302372069491693,
        0.013303148256848536,
        0.009531518987995919,
        0.12522078351581847,
        0.08541836060204479,
        0.024868763152145555
    ],
    [
        0.003415497302724961,
        0.009833701972980967,
        0.002772178534896781,
        0.01637052758676864,
        0.08830976943762779,
        0.026851094747161453,
        0.01463053232414444,
        0.21313545116868987,
        0.010431547432819729,
        0.025600762740671978,
        0.022833612914135368,
        0.11170824449973851,
        0.031341519305441816,
        0.042874521889817226,
        0.0024849942530131516,
        0.021134794849602886,
        0.008539165709068819,
        0.09822967115093795,
        0.21252582021194824,
        0.03697659196780951
    ],
    [
        0.004286791934556205,
        0.024871665236346714,
        0.007039490099672775,
        0.04582351424660669,
        0.04728675336443898,
        0.012310130053495133,
        0.02234128435331972,
        0.018479822007415197,
        0.021316525834290563,
        0.14282722879763743,
        0.04952349723738559,
        0.041789175207975766,
        0.02010048564173943,
        0.05913443870999412,
        0.009482685657922159,
        0.008862238802789375,
        0.37064289049709387,
        0.02429173904911837,
        0.01542107081320785,
        0.054168572454994006
    ],
    [
        0.009514936035940929,
        0.001961023780010626,
        0.010651937475110895,
        0.002246042880135866,
        0.0014135807705488875,
        0.0009051470606016734,
        0.0013769427542243081,
        0.0017122647797886707,
        0.0017864990351024147,
        0.002642717883154269,
        0.003097048502084625,
        0.0016461547499997352,
        0.002632758292880299,
        0.00376463368389691,
        0.9481147264070919,
        0.000991175590011347,
        0.001573389578127432,
        0.0009642289700157432,
        0.0011033083809040515,
        0.0019014833903691494
    ],
    [
        0.03329970579375457,
        0.008856245855861953,
        0.04818690055366031,
        0.019091211580150626,
        0.008456622500147306,
        0.006056280963100059,
        0.006060708206710111,
        0.008427382990568172,
        0.00916957803551303,
        0.013112375157460079,
        0.009706154445989493,
        0.009307035860057763,
        0.018825096832576067,
        0.012971326114269596,
        0.7548621634327501,
        0.006387346566223345,
        0.00690788665218716,
        0.006075266175885427,
        0.006660781140850145,
        0.007579931142284646
    ],
    [
        0.01152821575598802,
        0.014038505429582251,
        0.012860666920265607,
        0.03465376710548598,
        0.02333443103370812,
        0.015500995778463514,
        0.0104321002747356,
        0.09522049228718038,
        0.023719352876521375,
        0.02976840449208709,
        0.06012817090101388,
        0.05371905283631641,
        0.42204995060954936,
        0.07772934135540331,
        0.010927313007290756,
        0.04404096960442958,
        0.00906596798773485,
        0.009876373106046268,
        0.02187384777995321,
        0.01953208085824431
    ],
    [
        0.08513881135565692,
        0.013854607918008483,
        0.053610923542573734,
        0.035058910931904434,
        0.043567100781507384,
        0.0891000622414353,
        0.02615714821609663,
        0.06141683710625097,
        0.045640127856372274,
        0.027391103883867365,
        0.03547737354315483,
        0.056576660940055035,
        0.05818617305544946,
        0.046232713615275436,
        0.016714434317166387,
        0.18242106769356464,
        0.01785103096695112,
        0.023774503063786284,
        0.05106900319010182,
        0.03076140578082154
    ],
    [
        0.001652483668735426,
        0.0012592419398168209,
        0.0010749939865060294,
        0.005236402059255031,
        0.08144214714779413,
        0.02244763803962622,
        0.0035918557123822956,
        0.03582776278467703,
        0.0024326168993239533,
        0.005407857933086607,
        0.0031826695578101973,
        0.07260924438692572,
        0.010709309862975339,
        0.008740016120978774,
        0.0008132912989990168,
        0.013733132919224492,
        0.0024413242959245435,
        0.06455737015434489,
        0.6565927466356875,
        0.0062478945959261
    ],
    [
        0.0017989767943006427,
        0.0084108865209996,
        0.0024477246709215294,
        0.010456286350284488,
        0.02311036381231993,
        0.007448573926953429,
        0.013607682725767192,
        0.009224955647240062,
        0.012140441498597611,
        0.04494834372907623,
        0.034881357256983665,
        0.019619388221743573,
        0.0056147936787687425,
        0.03396471927371372,
        0.002120437854343822,
        0.004963458929722361,
        0.6992054972241718,
        0.01020177575527827,
        0.007507292035538277,
        0.048327044093274915
    ],
    [
        0.009322266987544577,
        0.002446742064730877,
        0.002633364821247376,
        0.006554674983839787,
        0.013572507447516534,
        0.025472223729660706,
        0.003691859490747046,
        0.04610818101385842,
        0.007991280690033574,
        0.005493220572341472,
        0.008601949103400511,
        0.028118076833119156,
        0.050093873631775136,
        0.016991060833514912,
        0.0023383036058198877,
        0.7326271408967115,
        0.0037186242988760214,
        0.006062646741765259,
        0.02217219754226479,
        0.00598980471123247
    ],
    [
        0.00609237615820119,
        0.03171798514479822,
        0.01042930029166003,
        0.3869235811662624,
        0.01584133593133743,
        0.0378768503234513,
        0.0075103073868623355,
        0.012667039043468073,
        0.32885525665015874,
        0.03761865894717192,
        0.014437056437253026,
        0.012857766292992222,
        0.014191754251998319,
        0.01745532613851266,
        0.00471534801291766,
        0.014398942515075812,
        0.005668882063359527,
        0.008488539926795841,
        0.009803735408777013,
        0.022449957908946244
    ],
    [
        0.9294161275180679,
        0.0015740227369200918,
        0.004970957018395442,
        0.0029709515938722425,
        0.0030350207038624152,
        0.006675068530918995,
        0.0022423601787267557,
        0.004454233308729798,
        0.0041318315317775585,
        0.0020927113884786955,
        0.002509850374911086,
        0.003444376302948112,
        0.004201235258678221,
        0.004041062774062827,
        0.005886400422670294,
        0.008172850527962542,
        0.0012509389688808833,
        0.0022372384761988407,
        0.00427284847121091,
        0.002419913912726696
    ],
    [
        0.0069530537900979895,
        0.1261063583677735,
        0.012545083326349786,
        0.014987518598767513,
        0.020756860597774242,
        0.008581426859163728,
        0.026112882233422476,
        0.020314457016900815,
        0.026893595214523225,
        0.08964123719254359,
        0.15154010426464878,
        0.01724381135378028,
        0.009979255492002527,
        0.08227893434875819,
        0.012356921329609683,
        0.006460639570137322,
        0.1164676914422495,
        0.01969529301497046,
        0.012856344809069314,
        0.2182285311774572
    ],
    [
        0.0010883411027410046,
        0.0009659812313794433,
        0.000502060417889856,
        0.00525972381277697,
        0.005264217772767865,
        0.9305465161403728,
        0.0015834806280925198,
        0.0028922761470646986,
        0.01204741000626889,
        0.002202315676313603,
        0.0014851015836651509,
        0.0042262718456698425,
        0.0017543423022979322,
        0.0025905255202467036,
        0.0003390306922278544,
        0.01700515199269593,
        0.001098722379715953,
        0.0022933099904453138,
        0.004194276083410001,
        0.002660944673957971
    ],
    [
        0.006512500230228,
        0.006560614469701369,
        0.004561391930092981,
        0.008640087993266503,
        0.10511940923744295,
        0.011631953266107421,
        0.015062135503170364,
        0.13835952237086316,
        0.006111681175635613,
        0.02999260008879193,
        0.03677925840412964,
        0.1481878511817235,
        0.032939563756660774,
        0.11733699471754351,
        0.0060306130536979955,
        0.01383499948711776,
        0.04191515700308086,
        0.10051361431668675,
        0.12415668472243414,
        0.045753367091624766
    ],
    [
        0.0006895399805795123,
        0.004862989119003452,
        0.0012327836851860241,
        0.0044808837551031004,
        0.025341745111582777,
        0.0041305095933746065,
        0.006990373828537424,
        0.009426265228370296,
        0.004541533095353977,
        0.04050228898640767,
        0.018090299580501346,
        0.012087757293136395,
        0.0021439756918011825,
        0.021740332293458422,
        0.0006106724847676022,
        0.0017675314774352408,
        0.013008274781244797,
        0.017471569852068942,
        0.008881579617749179,
        0.801999094544338
    ],
    [
        0.0055055897321762024,
        0.014413173962296685,
        0.004535603516853349,
        0.01137434744939349,
        0.08461441920132375,
        0.018466444390932316,
        0.10003254103429059,
        0.04804337330202764,
        0.011413953033556187,
        0.03764497193613153,
        0.036234532769319386,
        0.055597547062987224,
        0.009382188831486202,
        0.07262510265634865,
        0.0044227058651125,
        0.00866619931935246,
        0.023463595981734586,
        0.20352371398438598,
        0.10230274115098578,
        0.1477372548193055
    ],
    [
        0.001189649499383092,
        0.0055364656050892035,
        0.00150907887834529,
        0.003942941262547903,
        0.006721054324382211,
        0.00352445417364765,
        0.8992542267053086,
        0.00410113875392035,
        0.004878955923783317,
        0.007746973370760741,
        0.011147446505215637,
        0.006531981429968345,
        0.0017436863908234014,
        0.008688434390393306,
        0.0012894355361592455,
        0.0017279171472546124,
        0.0056867919009319584,
        0.005384126056914673,
        0.004540281494051383,
        0.014854960651118784
    ],
    [
        0.0014289016181351943,
        0.003742778998527341,
        0.0012345794228229361,
        0.010288822255628638,
        0.002700672702369622,
        0.015698269173090192,
        0.0018279606711210077,
        0.001997618217530102,
        0.9313956940720745,
        0.0044895178371048925,
        0.0031849193404815323,
        0.002200854272932406,
        0.0015153945474865077,
        0.0035184058506055917,
        0.0006253069453818964,
        0.004494650294253358,
        0.001692425403848715,
        0.0013276970237895728,
        0.0016476616674890475,
        0.004987869685326968
    ],
    [
        0.007071759207861672,
        0.006613817458467735,
        0.004590821315790273,
        0.021894243683529272,
        0.0654332653221112,
        0.09959377173369031,
        0.015303305244614231,
        0.09095483736479276,
        0.022020937215759352,
        0.01934707667233384,
        0.021126010759139967,
        0.11501707808911876,
        0.05024018275252442,
        0.042118795783387286,
        0.0031054969608548546,
        0.26674866691018806,
        0.011177652707309705,
        0.026399961286508053,
        0.08899977307958412,
        0.02224254645243408
    ],
    [
        0.0012293482126491493,
        0.00408631585445587,
        0.00194980659561916,
        0.011773727192963589,
        0.3861545852822816,
        0.008008599034819855,
        0.034703589971955225,
        0.016991449674471006,
        0.004536381475888736,
        0.07243067225874629,
        0.017916525306850936,
        0.11752060706264192,
        0.005712225435540843,
        0.03869806516234438,
        0.0014269327722082445,
        0.0032898474269573296,
        0.04425358324500863,
        0.11004509100854336,
        0.03321379110619077,
        0.08605885591986312
    ],
    [
        0.0008221892165572663,
        0.8974311956954237,
        0.0017739143839684696,
        0.004061429960399511,
        0.002114947643900228,
        0.0014274435718492258,
        0.00444782276544432,
        0.00228659071700058,
        0.012073814670530503,
        0.012584697031435667,
        0.02150536192068434,
        0.0019170420039658787,
        0.0014213334574703401,
        0.007004685027267114,
        0.0014999836864645513,
        0.0009828168415079855,
        0.005469083355642486,
        0.0017132359096975452,
        0.0013178359899066448,
        0.018144576150883364
    ],
    [
        0.0022748364020255484,
        0.005648693329358537,
        0.004454298838918571,
        0.8111338535935796,
        0.022831496693819207,
        0.019047670316890756,
        0.00433531177096527,
        0.005840273896515919,
        0.016808194956540675,
        0.03104835717276563,
        0.005123270581266497,
        0.013203546317280017,
        0.00871837504076638,
        0.007875011256364988,
        0.0026932900393012533,
        0.005507660491987334,
        0.006530521769134132,
        0.009466844534749023,
        0.0072938165181333,
        0.010164676479637409
    ],
    [
        0.003977914200161191,
        0.0015492439313685687,
        0.0012357565346236125,
        0.008275652117610784,
        0.014060340143064148,
        0.8670961887938975,
        0.002558530962449471,
        0.006692615507220008,
        0.00920872988428649,
        0.003941411776748871,
        0.0022269822574504826,
        0.009251194688367648,
        0.0040866617040627206,
        0.004940217391383037,
        0.0009440381152871535,
        0.02849531683762809,
        0.0019744742381366614,
        0.008458604685844029,
        0.01638306883015114,
        0.004643057400258254
    ],
    [
        0.002264985962978831,
        0.001312909838438823,
        0.0009885059554334706,
        0.003492493498508795,
        0.05932955884403234,
        0.00984047320436072,
        0.004197086114802674,
        0.19765051964108674,
        0.002256157119792821,
        0.005716402440627052,
        0.0063502162191785595,
        0.20438119290680906,
        0.01833116591017062,
        0.028723933652783917,
        0.0010873656907374402,
        0.013060895242388185,
        0.0029736411847406494,
        0.02591168651824453,
        0.40416954765848195,
        0.007961262396402847
    ],
    [
        0.003813001525694508,
        0.614492915627351,
        0.014236582682886485,
        0.02182387255055117,
        0.01236093119561211,
        0.005397019871624986,
        0.018885973251696386,
        0.013011376535335316,
        0.017751848719042795,
        0.06671305832579787,
        0.05149378259942573,
        0.010731277211880571,
        0.009108614971104307,
        0.02549593403807842,
        0.011480503740571843,
        0.0037714740993505477,
        0.01802558979029139,
        0.013344047807411634,
        0.008313963789876868,
        0.05974823166641604
    ],
    [
        0.1263112480527836,
        0.014575263425960027,
        0.07412757811949146,
        0.08366495199595693,
        0.07000240119218208,
        0.050858183933899584,
        0.021670257196538634,
        0.03326167837676914,
        0.026855568032502858,
        0.04601204370162933,
        0.02096267316770784,
        0.05481494566925929,
        0.048725600721651614,
        0.039608004206057604,
        0.11118587362391533,
        0.02864962264756135,
        0.02462535416125041,
        0.04645878428673442,
        0.0476294542249894,
        0.030000513263159105
    ],
    [
        0.0007289411692409261,
        0.0008555936116643331,
        0.0005516953178123814,
        0.0032300887254591805,
        0.5285372023002031,
        0.007280950740629267,
        0.0019463421498976952,
        0.02509238882317567,
        0.0014563670686377798,
        0.007498654297866391,
        0.0030780237606252273,
        0.12602010641201536,
        0.005651699472052871,
        0.012770727164150978,
        0.00048488322093719,
        0.0040075358079050705,
        0.004228129093477403,
        0.10520224363536632,
        0.1523604995372344,
        0.009017927691648572
    ],
    [
        0.0007681498047570771,
        0.001535897999400458,
        0.0008116178704449821,
        0.003440227611577241,
        0.07500063629537422,
        0.0028596495107928,
        0.003656495300833135,
        0.009001473003767616,
        0.001293420649352078,
        0.012284005191667594,
        0.0034072522812495384,
        0.02262992970395452,
        0.0031193928512849613,
        0.011104440016335593,
        0.0009373924062801301,
        0.0013839075058141872,
        0.005769213012705699,
        0.7941355129254305,
        0.03352353247665417,
        0.013337853582323384
    ],
    [
        0.0010960439338742137,
        0.008982901212289085,
        0.0019545175389589398,
        0.005432622199614862,
        0.016528807015874395,
        0.00368303553573838,
        0.012423381591236746,
        0.007163231289285897,
        0.007053583972185394,
        0.060277802958528644,
        0.05241438909373132,
        0.011435614106367724,
        0.002807209001249552,
        0.03619702212663035,
        0.0013363717039374637,
        0.002142639988420074,
        0.49475930918355426,
        0.009383041565404553,
        0.005439204072592689,
        0.2594892719105254
    ],
    [
        0.00018993057769725092,
        0.00024604649229858437,
        0.00019452652828433247,
        0.0010583984431543117,
        0.03429542931715116,
        0.0012610384830345504,
        0.0008893574716315306,
        0.014392611766668202,
        0.0003822699083231052,
        0.001998361657545361,
        0.0014281863270716203,
        0.9087709709217384,
        0.004550009044244202,
        0.0043620768965019745,
        0.00015574451850048715,
        0.0013681634007101276,
        0.0009707955957515757,
        0.004861771051943769,
        0.016933087163932863,
        0.0016912244338166172
    ],
    [
        0.0007269824184058675,
        0.004471211365812279,
        0.0012718145954992298,
        0.002683578669445371,
        0.011669388797251035,
        0.0015950299520460477,
        0.007638777042329999,
        0.022941633766078228,
        0.0024688926283206653,
        0.028415697824995242,
        0.576509841803297,
        0.018954207892833277,
        0.004677818929223191,
        0.2020378136724031,
        0.0009718051536894077,
        0.0015976887837350529,
        0.013473378235578494,
        0.005677295749958578,
        0.006082946987212064,
        0.08613419573188573
    ],
    [
        0.003048408196011297,
        0.0028493932363460924,
        0.0024822268670968567,
        0.007223411295060206,
        0.010603783991929374,
        0.004335408519134506,
        0.0015717936427495775,
        0.06955417794453474,
        0.0032340960276608034,
        0.007899781424635976,
        0.007258750036659416,
        0.019267535046615585,
        0.800694882228866,
        0.017189290801389916,
        0.002859684323849933,
        0.011054424881134785,
        0.002334813576603248,
        0.006320793211966236,
        0.01493770327541875,
        0.0052796414723368405
    ],
    [
        0.019730254790884583,
        0.051672610396136145,
        0.01389749118858652,
        0.05030062715623383,
        0.02149550259742471,
        0.10922349618938541,
        0.02161035121755192,
        0.026793659751272604,
        0.42997974042584114,
        0.026997941239414007,
        0.026817298926302448,
        0.018967850677648442,
        0.01573091549518214,
        0.02768471377915897,
        0.007120436941998102,
        0.04397899026090315,
        0.008993178050176897,
        0.016372457150981276,
        0.02276786895367219,
        0.039864614811245626
    ],
    [
        0.0020717599090160584,
        0.013622955397228482,
        0.004293512024496148,
        0.00630291382414378,
        0.007881438933632927,
        0.004195688308006587,
        0.8158601790509046,
        0.005825627191426319,
        0.009245817223521757,
        0.015133969937447452,
        0.033125460066486735,
        0.008250831023942628,
        0.002872499778279974,
        0.015060871155750952,
        0.0026957442384483907,
        0.0025528765264470673,
        0.012904801840565368,
        0.005748454431837431,
        0.004981528681855355,
        0.027373070456562048
    ],
    [
        0.0285421558522229,
        0.011750918328381236,
        0.07502442458554613,
        0.042797301931115334,
        0.08074124225392104,
        0.033446429230502686,
        0.02685785368768366,
        0.07682674270462476,
        0.018328285855920806,
        0.04494475742535723,
        0.036609652122875945,
        0.11411680302008624,
        0.11296148848083525,
        0.0567816811955706,
        0.02259260657433879,
        0.04537691027895913,
        0.024492490189471937,
        0.042161528096967486,
        0.07208176657725798,
        0.03356496160836079
    ],
    [
        0.002407663210425005,
        0.007235308431856908,
        0.004158811404993243,
        0.005032565200889731,
        0.014470046778622856,
        0.004477481989071407,
        0.7616404071982875,
        0.007764132237687747,
        0.005597059465921479,
        0.01768355479228036,
        0.03119271152248729,
        0.013591415833864364,
        0.0031483196288014594,
        0.02196818508680017,
        0.0029696630687132118,
        0.0026565657732602614,
        0.032261800102040473,
        0.011408542110154669,
        0.008265138115784968,
        0.04207062804805685
    ],
    [
        0.05619139367531984,
        0.04445835616887017,
        0.151825647351241,
        0.05093417897932486,
        0.019705296109667314,
        0.017114022595843676,
        0.03236906029182366,
        0.018049176146797675,
        0.033997444328196215,
        0.03516045589026141,
        0.028320225017529635,
        0.019558284718057362,
        0.024001696381591612,
        0.028394071788057158,
        0.35161569984085156,
        0.013190620945188195,
        0.017047685528231483,
        0.016760738085163266,
        0.01609640947216048,
        0.025209536685823514
    ],
    [
        0.09454745399464644,
        0.03441256093291943,
        0.0357771813360994,
        0.042606764028656194,
        0.05788314603353916,
        0.039519413762325595,
        0.01974910506670635,
        0.05213845201402647,
        0.03771239247945328,
        0.059131370715944334,
        0.03736369975391874,
        0.0438895124544828,
        0.04333611122250913,
        0.07492935925866472,
        0.08165454816423037,
        0.02962300046381144,
        0.03783049213325307,
        0.0614646221811184,
        0.05444019111069833,
        0.061990622892996304
    ],
    [
        0.00040161602361508665,
        0.0008211612321859552,
        0.0006095786675760345,
        0.00487736934688826,
        0.7559174498325967,
        0.0030741622746390546,
        0.003078090538219097,
        0.007177668832152679,
        0.0010647745911051439,
        0.0134234384895907,
        0.002706922961385784,
        0.08978554643190174,
        0.0033096979190618786,
        0.007235490616917246,
        0.00044119342305107176,
        0.0013536102143954806,
        0.0050102312975690766,
        0.06955673871938159,
        0.021794686365190753,
        0.008360572222576714
    ],
    [
        0.002478987722622993,
        0.0006448501672165018,
        0.0005054533463610085,
        0.001943756529630916,
        0.002711786823136776,
        0.016526038057897628,
        0.0007031573937924462,
        0.006745837529097752,
        0.003516879514473375,
        0.0012221488835585275,
        0.0014854284026276274,
        0.004003997955639426,
        0.0057952903433188445,
        0.0032026762536143632,
        0.00045185582584769744,
        0.9402284230339999,
        0.0006408333729556467,
        0.001329112362957562,
        0.00448044721355704,
        0.0013830392676940334
    ],
    [
        0.007892760596322315,
        0.015462860271569068,
        0.008806582770291638,
        0.03330154838210534,
        0.07692685745622563,
        0.05258860768234658,
        0.3399661382220466,
        0.036338708607724715,
        0.022691241220035834,
        0.032965798630565805,
        0.02614354937152551,
        0.06710836653061904,
        0.014767899814636177,
        0.03280176730021207,
        0.005689250554267981,
        0.017962861830574904,
        0.014899029936436338,
        0.07039894432759217,
        0.07506652411332475,
        0.048220702381577586
    ],
    [
        0.00836963182630493,
        0.027014543424451625,
        0.00806386996786557,
        0.3683583730661391,
        0.06128917699303742,
        0.05169217645561765,
        0.01644005062457624,
        0.02273248301007643,
        0.0629542074163114,
        0.08407615278137802,
        0.020644586069665745,
        0.0439903653749783,
        0.03248888113977144,
        0.03875835489002387,
        0.011325248177197425,
        0.021307370741765207,
        0.025568105546751135,
        0.03420188877559286,
        0.02713415948164773,
        0.03359037423684783
    ],
    [
        0.012532347955012723,
        0.009480647037594011,
        0.0074480649999180415,
        0.062249045360541946,
        0.07575272733720279,
        0.032288745459714434,
        0.015335727616484341,
        0.07372044712420935,
        0.01792274168608379,
        0.03638325525883605,
        0.02412329759011909,
        0.1544762645315852,
        0.22780688261348275,
        0.06987183486810451,
        0.013417092640319244,
        0.04321070186132206,
        0.013683044763337099,
        0.029790051796960135,
        0.060761400594937856,
        0.019745678904234603
    ],
    [
        0.0035472556604403856,
        0.6459439040395581,
        0.007554891840188997,
        0.010501996084846296,
        0.008117017790897591,
        0.0051391124429251145,
        0.012976811401597082,
        0.01161204706073811,
        0.026167904434968057,
        0.03542720087293006,
        0.08068296949647298,
        0.007486209883995435,
        0.005956062454353792,
        0.02723892900337563,
        0.0054872554135374264,
        0.004005115543776169,
        0.015852664186461966,
        0.007587368867183858,
        0.00606331810954168,
        0.07265196541221142
    ],
    [
        0.000844937158404015,
        0.0006915670795912682,
        0.0005418230670639158,
        0.002156672599526015,
        0.025855034266899665,
        0.0048963966438534765,
        0.0011389700748922335,
        0.6965342202131994,
        0.0012336940049809603,
        0.00333744279436645,
        0.003414341585844626,
        0.09977225819441525,
        0.029648304642654614,
        0.01212416483818343,
        0.00043331978908886016,
        0.011288723776152587,
        0.0013508837397182972,
        0.008499827099996051,
        0.09237193639165894,
        0.003865482039509834
    ],
    [
        0.005407914732324166,
        0.004352695605349168,
        0.002358073526055616,
        0.012686056841568441,
        0.015201138544962451,
        0.08701908749629692,
        0.0057278240254458705,
        0.02708365661458077,
        0.02645079591810447,
        0.007786657034110808,
        0.010611347184801227,
        0.023575479025732943,
        0.02152537754926496,
        0.01518595266145949,
        0.0017886470500213844,
        0.6956404232566721,
        0.004807151275269446,
        0.006657007756857424,
        0.017357107781655008,
        0.008777606119467561
    ],
    [
        0.0010181490161062998,
        0.8987936116447677,
        0.0040326360918232565,
        0.010523548874696632,
        0.0025311636056196394,
        0.0016265482495062351,
        0.0033788371889113605,
        0.002724692771378001,
        0.011654071839114858,
        0.01826031407659266,
        0.012371299088556213,
        0.0022931235998595455,
        0.002464362375774071,
        0.006200099511782869,
        0.002619430035084588,
        0.0011424814376310522,
        0.0032696407214714896,
        0.0020671298553204807,
        0.0016009835922905892,
        0.011427876423712418
    ],
    [
        8.489358745490899e-05,
        0.0004942967154636179,
        0.00017263435871739069,
        0.0003887547339751346,
        0.0009519346675029178,
        0.00019041018525299615,
        0.0007810254575598374,
        0.00041528701548585026,
        0.00031862974665564607,
        0.0030565830720564666,
        0.0023507989833120866,
        0.0007971423572684188,
        0.0002520201553926334,
        0.001735771097161626,
        0.00015712620736523593,
        0.00013700116838209642,
        0.9837895769337844,
        0.0005594492982990859,
        0.0003214745555659667,
        0.0030451897033437485
    ],
    [
        0.001785569257378371,
        0.0032936774136437356,
        0.002414332048922741,
        0.009811750111675148,
        0.16200013265547752,
        0.008266030161780383,
        0.007587377328762885,
        0.02071982409936196,
        0.003077617066754619,
        0.02340607367430854,
        0.007020527500255933,
        0.05928771719187771,
        0.009898052780832788,
        0.015346756943020196,
        0.002068747241157525,
        0.004354045258585233,
        0.014163824782355922,
        0.5551688965086714,
        0.07028198303979967,
        0.020047064935377727
    ],
    [
        0.001608348507346892,
        0.7928026810687261,
        0.0033317282378461785,
        0.030323591816385918,
        0.005953650977079655,
        0.0038345596505149912,
        0.005698770151514386,
        0.00560885304227633,
        0.02701266034750892,
        0.04081525412494559,
        0.017763380397120786,
        0.00510104608610171,
        0.0049974313867656404,
        0.013047723803436218,
        0.003607957296888615,
        0.0023450803352368394,
        0.005995816895648372,
        0.0048160182277826565,
        0.0035411048807333853,
        0.021794342766140944
    ],
    [
        0.0006526864747219505,
        0.0005212319026246409,
        0.0004024361195148276,
        0.0013667386000311673,
        0.03471672750232089,
        0.005575006076200932,
        0.001645970997216723,
        0.029642860676286846,
        0.0008413965598965533,
        0.0021778930626125937,
        0.0017326760597907696,
        0.03731670692199576,
        0.0037142954522942635,
        0.004793957489564686,
        0.0003153814216923795,
        0.0043967944888407785,
        0.00124402110144225,
        0.03564703315647842,
        0.8298261662894172,
        0.003470019647056369
    ],
    [
        0.028099956451048187,
        0.019590426858676194,
        0.1631334611952606,
        0.10307358027595263,
        0.053961613849798716,
        0.03242007109144916,
        0.02206511207741969,
        0.0436437394316376,
        0.02865871894230372,
        0.058414805979260694,
        0.03296187049874642,
        0.06154621080968334,
        0.11123968103876157,
        0.04156757693854352,
        0.03996286932015194,
        0.0361413966122093,
        0.024534595805878655,
        0.03070113433563482,
        0.03794274693979314,
        0.030340431547790064
    ],
    [
        0.000973620002238918,
        0.02004377872379136,
        0.002417961485726416,
        0.00380416034184037,
        0.006457028655071013,
        0.0021342247365996876,
        0.01641787620681438,
        0.008782332000085344,
        0.006362131696207894,
        0.027777096913379477,
        0.7297381433615031,
        0.0075615961286727386,
        0.003196266067599926,
        0.035079143378814105,
        0.0013366446925405407,
        0.00190845050641174,
        0.022017330191044432,
        0.004152393386053151,
        0.0037210780794813933,
        0.09611874344612384
    ],
    [
        0.002206112319861629,
        0.01117474184662217,
        0.00300633819164415,
        0.14454649738939704,
        0.23568858580851196,
        0.043712490811058546,
        0.010507833127882981,
        0.03435285493923538,
        0.02066321816412598,
        0.11078619266283106,
        0.014649707349906844,
        0.08173089580717327,
        0.018533819960918893,
        0.03381238867179398,
        0.0020786066537553643,
        0.011413182873305098,
        0.011390752102250028,
        0.09517913743833649,
        0.058155668635019135,
        0.05641097524637004
    ],
    [
        0.0036287058039231076,
        0.009583727457569307,
        0.0023870560868244402,
        0.011126709072369559,
        0.029473855774080248,
        0.01950994211194507,
        0.006651008173810385,
        0.5340675862662291,
        0.013130210919827022,
        0.016918183283283355,
        0.02905447194304971,
        0.05206997310456049,
        0.052031856034584635,
        0.058986442016966796,
        0.002106402359533892,
        0.04079290125839336,
        0.005286351247397334,
        0.02013681747520986,
        0.06730905669719593,
        0.025748742913246452
    ],
    [
        0.00010276235803868896,
        0.0018253481202573963,
        0.00023869227243698246,
        0.00042662329483178984,
        0.0005073974561925917,
        0.00017409011314111424,
        0.0007318975436997011,
        0.0009133189414817816,
        0.0006555650809426022,
        0.0028926931203394433,
        0.9781529150709143,
        0.0007205458245616015,
        0.0004725854593479662,
        0.005648336395081741,
        0.00017027754410945406,
        0.00019345316760446666,
        0.0015462596985821291,
        0.00026535831363543494,
        0.0002825561586755457,
        0.004079324066125224
    ],
    [
        0.0028979777655701957,
        0.004520346011380258,
        0.0016446049451511408,
        0.012840128398719668,
        0.1749386963618661,
        0.03358908317973772,
        0.010770022284117347,
        0.05019101444684752,
        0.00709787236465814,
        0.018559170541933432,
        0.009558644550585017,
        0.10389613573730169,
        0.013963662534083912,
        0.030397106633082857,
        0.001977701937982187,
        0.013890796538728689,
        0.009130397390178551,
        0.2226653295968898,
        0.25356362914328817,
        0.023907679637897687
    ],
    [
        0.06909507788667908,
        0.026676851178061046,
        0.11330621376487161,
        0.03733996926870766,
        0.02542428218536332,
        0.017523924353784776,
        0.059531920480569676,
        0.017562915980055986,
        0.02700785317696364,
        0.037887949306415654,
        0.03170979697993924,
        0.024298665830805127,
        0.018432496977984852,
        0.03660238694399983,
        0.34958691851130713,
        0.011778234618347608,
        0.026955375226343618,
        0.020000863821865125,
        0.018208707145042333,
        0.031069596362892624
    ],
    [
        0.011008753550542762,
        0.028051722295835142,
        0.02599812524722016,
        0.1901658163794443,
        0.06087794090559113,
        0.030786035712310485,
        0.02595545819837611,
        0.024805040614740603,
        0.0468229235474666,
        0.123489744221847,
        0.04182318808893451,
        0.05587301525429066,
        0.045629104814211695,
        0.04700458194890676,
        0.021648489650267694,
        0.021906456628330493,
        0.10652119993208506,
        0.02670119801166026,
        0.022059025414932647,
        0.04287217958300595
    ],
    [
        0.00046567234624955435,
        0.0020765379214302687,
        0.0008348335178663983,
        0.0016873763746685566,
        0.0066073039493184495,
        0.0010538707833554143,
        0.007034427506013278,
        0.0026558233025103318,
        0.001522223632855864,
        0.015600300321330068,
        0.01667172384150271,
        0.005539053887634298,
        0.0012082597911542848,
        0.015041913300549973,
        0.0007263075852159841,
        0.0007213779326259196,
        0.8868936512894294,
        0.003760704455216305,
        0.00219036619307301,
        0.027708272067999678
    ],
    [
        0.0009469681074005924,
        0.008974708192685091,
        0.001592070375740024,
        0.8661064866623877,
        0.008990447922380346,
        0.007876944733722364,
        0.0023560912631539763,
        0.004254008822823637,
        0.023449369695718248,
        0.029404441048502754,
        0.004639259957944338,
        0.00617290824366484,
        0.00493332675119709,
        0.006627861341100535,
        0.0011649264488408613,
        0.0027120884411468878,
        0.0026594359362815435,
        0.0042948502508005845,
        0.00363934141949498,
        0.00920446438501378
    ],
    [
        0.00887840076820525,
        0.014027296536944435,
        0.003369841618550742,
        0.025782932416588477,
        0.011936815416785216,
        0.053289254272138,
        0.00946355097910957,
        0.011539402467542668,
        0.7154893715908879,
        0.01595518691305814,
        0.016598633329473037,
        0.01153094172856993,
        0.007615715304943389,
        0.027352393108712396,
        0.0033499438879174164,
        0.02253720021398426,
        0.006273538514619484,
        0.005936693824080684,
        0.008855679878731695,
        0.02021720722915736
    ],
    [
        0.000814015908873333,
        0.0013268911122803267,
        0.0008244655868611866,
        0.0040318437124015494,
        0.10310930515827686,
        0.007454249551867356,
        0.003376902322939353,
        0.01206323465799133,
        0.001670192978991266,
        0.007554764121078586,
        0.002742917353991583,
        0.028521988120729008,
        0.003633425224260142,
        0.006479295120877186,
        0.0006167341181308337,
        0.002872435650673942,
        0.0037420688054241556,
        0.7082782047857962,
        0.09121110343951971,
        0.009675962269036109
    ],
    [
        0.0010874192569202707,
        0.002859314502931484,
        0.0012048988739901249,
        0.005376572403493208,
        0.0522426505506312,
        0.005975970140310559,
        0.006059176703782405,
        0.01365109173790402,
        0.0023874764432044323,
        0.012455219797659609,
        0.004281275503136269,
        0.018753474572623705,
        0.0035295082232622956,
        0.010025956873471997,
        0.00099362122945425,
        0.0022268679925297346,
        0.0035400056368786914,
        0.771630038589113,
        0.06150525432736537,
        0.02021420664133739
    ],
    [
        0.0019788180904286106,
        0.005027670547312307,
        0.0017552333985934106,
        0.007162655352821684,
        0.13469515659737216,
        0.01468150983544847,
        0.013739358338091574,
        0.030459044162430608,
        0.0053213131052790175,
        0.023325447989206965,
        0.012486135913410436,
        0.05105987346914225,
        0.006306711945594583,
        0.027012166902895634,
        0.0015251712108228482,
        0.006143824249446624,
        0.020414246774363366,
        0.4785060567239604,
        0.09601097587409044,
        0.06238862951928877
    ],
    [
        0.005309914368005104,
        0.024469600400782113,
        0.006795264604290573,
        0.00937230757713845,
        0.014320690859563997,
        0.006619005476367068,
        0.018937573925877936,
        0.04584117613982897,
        0.01523434958778136,
        0.028193653602555144,
        0.566152523550793,
        0.025979930310173354,
        0.025146099909137975,
        0.10266634109122344,
        0.006660337641747957,
        0.01154534598123938,
        0.02699715531041259,
        0.008177357586582073,
        0.011695289712463072,
        0.03988608236403642
    ],
    [
        0.03693823494157387,
        0.04233614211846146,
        0.25569488490948167,
        0.059513782328528365,
        0.03391826607647921,
        0.03871255995228546,
        0.029925602200187577,
        0.029921487941950476,
        0.08017910201788707,
        0.061290684179956915,
        0.04697110413097384,
        0.028398971894817524,
        0.02401001277895973,
        0.04446090182416452,
        0.023505414033212116,
        0.02494453820177348,
        0.023706782639559956,
        0.023668743107520124,
        0.025343193053189998,
        0.06655959166903672
    ],
    [
        0.0012089231895702447,
        0.0006638496047385921,
        0.0005041729511878609,
        0.003494878070603886,
        0.0033947242194686113,
        0.9450909355689856,
        0.0011699629557029969,
        0.0022326478875520843,
        0.008035458103129238,
        0.0014307167849125031,
        0.0010824070198770471,
        0.0029197888006095496,
        0.0013899475406474637,
        0.0017695410918784832,
        0.00028667986140121254,
        0.018222431834090166,
        0.0007105471790722391,
        0.0015124148765781626,
        0.003098893806641171,
        0.0017810786533531103
    ],
    [
        0.0017504730181782725,
        0.01593080876901106,
        0.0019501959100293985,
        0.007087971827926528,
        0.017708921016918726,
        0.004927070230144172,
        0.009832147359241847,
        0.009696911969838441,
        0.011787448947610246,
        0.07066509249924748,
        0.039372005094839936,
        0.010728996549911862,
        0.0031526934241410446,
        0.08935492106169064,
        0.0019336033880177296,
        0.002402420411312078,
        0.027361842986575406,
        0.013368349093428319,
        0.007844179008489275,
        0.6531439474334476
    ],
    [
        0.001078088040064477,
        0.011003940427824738,
        0.0021888367703807535,
        0.010769960461882581,
        0.023346003692758452,
        0.0041366143410821645,
        0.020283378356225533,
        0.008427411166108283,
        0.009847957845048338,
        0.20249799940772706,
        0.10095997092391469,
        0.018248024022702855,
        0.003813967677944164,
        0.06680447712733979,
        0.0015310472568549585,
        0.0022762236680799125,
        0.1827911813653976,
        0.00876674818306952,
        0.005754789062435191,
        0.3154733802031589
    ],
    [
        0.021914968835446406,
        0.023057269967231307,
        0.05956135772993505,
        0.023798128070790056,
        0.05042955925688019,
        0.024030779400918825,
        0.2728924202514684,
        0.03408996201951667,
        0.022465746951961855,
        0.046811074667057556,
        0.05918341181312243,
        0.04784192337330121,
        0.017757715820295804,
        0.05219670582414989,
        0.0207972339284912,
        0.01603252284875205,
        0.04664143755545984,
        0.04515362628447044,
        0.040841968369804006,
        0.07450218703094681
    ],
    [
        0.00728102947055379,
        0.015240892192189487,
        0.011037153065199846,
        0.0579935962393915,
        0.1335609838258452,
        0.028904176815677803,
        0.15725146624897812,
        0.03442910877576372,
        0.016341166841638048,
        0.06276955643539765,
        0.028906724732296742,
        0.1166922889416052,
        0.025084059947539743,
        0.042329573769225665,
        0.010496062286870677,
        0.013660975869835959,
        0.03297485172284747,
        0.09616114588597025,
        0.06398783726564976,
        0.044897349667523415
    ],
    [
        6.570335633637283e-05,
        0.9902977863251324,
        0.00013151824803084303,
        0.0005286900403887248,
        0.00021231231811237833,
        0.00014999547205397202,
        0.0003183632239941665,
        0.00023689937112216723,
        0.0015284891851901098,
        0.0014112128765791517,
        0.001560423142046051,
        0.00018725549901952145,
        0.00014604399817211413,
        0.0006630478777874096,
        0.00010867313607341848,
        9.607253230631486e-05,
        0.0003275281980942083,
        0.00017144341383796733,
        0.0001335996931505652,
        0.0017249420925721645
    ],
    [
        0.00938810007393126,
        0.01744205805880705,
        0.008512867625575463,
        0.04238824116553693,
        0.145149853133697,
        0.04641610087854375,
        0.013600524431578359,
        0.03876737950405052,
        0.025564975952625645,
        0.09113914651341076,
        0.0243433886550913,
        0.05888963577261106,
        0.023031195269369906,
        0.05717673712618549,
        0.008121626409317339,
        0.01981721224775851,
        0.06798311319066157,
        0.149880221220869,
        0.06462656532396951,
        0.08776105744640958
    ],
    [
        0.006682244026087895,
        0.004716552684377355,
        0.004138616240995586,
        0.011398762203364166,
        0.03136123719869186,
        0.02068801094787028,
        0.006201060925073484,
        0.25980775267036893,
        0.011514806897792424,
        0.015080796473943106,
        0.033427667023969806,
        0.09804647084776086,
        0.19592144444996362,
        0.06641964890931314,
        0.003076499478699012,
        0.1587366637517973,
        0.00859131973201855,
        0.010599388082208073,
        0.037593786059718484,
        0.01599727139598613
    ],
    [
        0.012800516428823993,
        0.014117013574449623,
        0.007029184945759195,
        0.024855148787751667,
        0.052601275977221626,
        0.023283463578219147,
        0.01194164521585756,
        0.10778372439126113,
        0.02236912592446575,
        0.043183969338131484,
        0.06689815715037273,
        0.09873942237598898,
        0.15669967796779372,
        0.14645220214061808,
        0.011923608887362405,
        0.05590978850037761,
        0.04703295900905359,
        0.02287552606790218,
        0.038715766258251,
        0.03478782348033853
    ],
    [
        0.0006555573987405129,
        0.00023122359190754166,
        0.00020558960783907278,
        0.0009738508872381945,
        0.0019354320571533744,
        0.02164726432658657,
        0.000316248501632429,
        0.003224610265623795,
        0.0012851391969368763,
        0.0005871571146252781,
        0.0005680873834786284,
        0.0025849226394306984,
        0.0022039162175058673,
        0.0012172352504149755,
        0.00014257290479770786,
        0.9573858425931038,
        0.0003079284544574131,
        0.0008049382468302032,
        0.003048471713967264,
        0.000674011647729846
    ],
    [
        0.002715901433880739,
        0.029925942167321647,
        0.0038704436635857782,
        0.01490463800159642,
        0.003528221964396315,
        0.0077356434211806905,
        0.004432385763109373,
        0.003523079885595414,
        0.8666415561817217,
        0.010523583877011144,
        0.011794132746219496,
        0.003283682894744856,
        0.003007705928181991,
        0.007469431726557505,
        0.0020368621184935357,
        0.004744323627975771,
        0.004460303521068008,
        0.0020510990976806286,
        0.002253150769626946,
        0.011097911210052139
    ],
    [
        0.008565055608524523,
        0.011571288613694783,
        0.017167095031014868,
        0.1163838731066259,
        0.09486501441071643,
        0.024462011622033444,
        0.021620393270848373,
        0.057044635286987166,
        0.01481713236715566,
        0.05652116776559885,
        0.02498981635494127,
        0.15223781062224487,
        0.183752024055515,
        0.04219845157076244,
        0.013926716437402177,
        0.023570940527392437,
        0.01642940063177774,
        0.04096188106992878,
        0.05552047512722598,
        0.023394816519609344
    ],
    [
        0.0023421042341671672,
        0.0023849945113033517,
        0.00172008260220749,
        0.005257035751485733,
        0.05860948498141315,
        0.011500397572149918,
        0.005759679170652613,
        0.2975709952417899,
        0.003601340684997651,
        0.010103939709731278,
        0.010105476643974614,
        0.08898796258744279,
        0.014759825911007345,
        0.03766360498434128,
        0.0011710213678850423,
        0.010217423642281037,
        0.0028745530489385847,
        0.03881754151032997,
        0.3780809974022099,
        0.018471538441691165
    ],
    [
        0.008307629898094585,
        0.006251317418076983,
        0.8849441921382767,
        0.010245693242450159,
        0.004222847109651858,
        0.0033653132157322376,
        0.00437009252431679,
        0.004902487468251431,
        0.006136492719911615,
        0.007751115830474358,
        0.007014224227497959,
        0.004578505809044641,
        0.007339090566388357,
        0.006006831864763442,
        0.016427720424764574,
        0.003314935241242167,
        0.0029551739369296755,
        0.0029464207407340352,
        0.003421165777551494,
        0.005498749845846713
    ],
    [
        0.003987932661412991,
        0.0029558038132124747,
        0.0020908070283783783,
        0.014747842656121243,
        0.04919028354473886,
        0.6525125037637588,
        0.006469702780807514,
        0.02454076258865989,
        0.011201145029558776,
        0.008476386787576272,
        0.004969027863776239,
        0.031182860679998623,
        0.008650901685362915,
        0.010175926486822423,
        0.0012785827022228833,
        0.03487977440224468,
        0.0031602753075229088,
        0.030683152991277017,
        0.08691668920114223,
        0.011929638025404848
    ],
    [
        0.00020023428322480597,
        0.00026628719288053227,
        0.0001585995924122754,
        0.0004218214203385057,
        0.002885891415451143,
        0.0006008653719839848,
        0.0003595014519301752,
        0.9579094361052307,
        0.000309250552236354,
        0.0009587924884815323,
        0.0018558847752809548,
        0.009806845909721792,
        0.006876694068694651,
        0.005147628535345143,
        0.00013352019949260105,
        0.0014767451802507573,
        0.00041260357086120617,
        0.0015315725243191796,
        0.007371803498901547,
        0.0013160218629619305
    ],
    [
        0.04897584776458707,
        0.06904045077099019,
        0.11304345250336818,
        0.04995341618960977,
        0.023533613231618417,
        0.01682542562036234,
        0.017143238465544875,
        0.019730102513698018,
        0.04131698619930976,
        0.06147897038024194,
        0.035256230922600995,
        0.019180747866035602,
        0.02370441361159905,
        0.03996082278806343,
        0.2935574116122387,
        0.012462371214422317,
        0.03430802820260968,
        0.021347241092288288,
        0.01636948407291168,
        0.04281174497789971
    ],
    [
        0.001345598219222332,
        0.0010619716063588179,
        0.0012744335928201696,
        0.004399858318849322,
        0.00633259313815817,
        0.0029414984089736504,
        0.0008314887720989886,
        0.021042944662810786,
        0.0017703934661374757,
        0.0038110697820552385,
        0.0033569235670426094,
        0.013599783791204892,
        0.9068748797153912,
        0.006746905407927827,
        0.00110063769357977,
        0.010667906816437487,
        0.0015460628086805027,
        0.002648568799967765,
        0.006372116482851155,
        0.0022743649494319754
    ],
    [
        0.002871186288094218,
        0.029319192799600963,
        0.0025693826677065756,
        0.024680902272331166,
        0.005257943114743161,
        0.012373957905330562,
        0.005059579491509544,
        0.004860561493737286,
        0.8344245443918736,
        0.013525261699106584,
        0.011737615774928616,
        0.00493129604567904,
        0.00450964986125132,
        0.010611257780018618,
        0.002334707865516776,
        0.007214765675981815,
        0.005514655769712777,
        0.003034655528593795,
        0.0033413711273717816,
        0.011827512446911928
    ],
    [
        0.0008190873706068798,
        0.0004558968341374913,
        0.001708368772452857,
        0.0005019523492447755,
        0.00031545396348155126,
        0.00015315336971672203,
        0.0002632859609984154,
        0.00031795141042630315,
        0.0002954872040070361,
        0.0007152067483918857,
        0.0006029053074792739,
        0.0003348931706860974,
        0.0004907690283157498,
        0.0007635352887361885,
        0.990821169036976,
        0.00014749827353023078,
        0.0004074606169984474,
        0.00023278413757621644,
        0.00021958971150948925,
        0.00043355144472831755
    ],
    [
        0.0012579281165140126,
        0.0022946365299717974,
        0.0019301322622987495,
        0.003569049912598268,
        0.011514308579740853,
        0.004379356108844041,
        0.8978823660311113,
        0.004581060423904603,
        0.0029879839101889707,
        0.0066940484783500395,
        0.007209763305828905,
        0.010571987657750494,
        0.001854405381400008,
        0.0072916571291081565,
        0.0010794752210299453,
        0.0019715614318059124,
        0.005752403843141306,
        0.008017852447340091,
        0.007121421229937105,
        0.01203860199913564
    ],
    [
        0.009178216463592005,
        0.014496341747472176,
        0.009026168788748621,
        0.025763961444869653,
        0.09858156191741468,
        0.04503367010385371,
        0.1318157248534206,
        0.04983030480697853,
        0.016097834236912228,
        0.03195664842106656,
        0.022908294643333268,
        0.07337873395797463,
        0.01667481231945445,
        0.03476322433972147,
        0.006532509580014755,
        0.017156479480729434,
        0.014439715706040766,
        0.17778074150882192,
        0.1529762779484857,
        0.05160877773109491
    ],
    [
        0.003422809821193775,
        0.006182193641082847,
        0.0029336925437099025,
        0.005103086757042905,
        0.013856382230331865,
        0.0035760605223204285,
        0.004657655540774259,
        0.09138696554978214,
        0.005266254231129795,
        0.020701640031600993,
        0.10927215422796317,
        0.028066272368271705,
        0.031547270012683794,
        0.609422004706991,
        0.0038116391977283666,
        0.0063303302194883775,
        0.008753277620244826,
        0.007062227085692692,
        0.012796390910745095,
        0.02585169278122198
    ],
    [
        0.004198296823254338,
        0.00414510845198128,
        0.0033608513860694826,
        0.01730087795345427,
        0.16163035889950736,
        0.06316656794946696,
        0.021918921671287533,
        0.03379244936644969,
        0.007702355363802706,
        0.016063098930535962,
        0.008067380284399017,
        0.08535113151781419,
        0.011822474419100747,
        0.017385277186321213,
        0.0023087154277115097,
        0.015820612639181362,
        0.006846073959560201,
        0.20394537325486192,
        0.29476666611922536,
        0.020407408396014914
    ],
    [
        0.0014584142804315802,
        0.002970857647529652,
        0.0016382811354951512,
        0.008017528012769904,
        0.2682384865039565,
        0.009536468330535912,
        0.014045082013653107,
        0.03614158686129675,
        0.004159566152462299,
        0.030240612748524902,
        0.02000786223498109,
        0.35450113539209116,
        0.011384706289544117,
        0.04828994361835019,
        0.0013682561100748698,
        0.006848445564106502,
        0.047799250694290765,
        0.05100634320119879,
        0.04733272368937202,
        0.03501444951933477
    ],
    [
        0.001430333120804103,
        0.014544698135765624,
        0.001794939699796468,
        0.005598425671290268,
        0.009008546848621592,
        0.0031243662056910557,
        0.010538027156630042,
        0.025424907265036698,
        0.008002731587817771,
        0.023111309600085943,
        0.7027881041623021,
        0.016569443506722244,
        0.01005346900483014,
        0.10581379666741496,
        0.0018995888777624157,
        0.0040378927514758715,
        0.011867837621279503,
        0.004588009605080915,
        0.006112454411566665,
        0.03369111810002571
    ],
    [
        0.000788232859645327,
        0.030590903695803418,
        0.0017021211920911507,
        0.0067127545895513,
        0.00865453914164994,
        0.002874286643657966,
        0.011771283805518295,
        0.00649065758037809,
        0.010122892128029724,
        0.06335265278899117,
        0.04821081787386453,
        0.006267631259475383,
        0.002066349464644988,
        0.026912627613592647,
        0.000947734633443963,
        0.0013927598186023193,
        0.007496471093396984,
        0.006277345442759917,
        0.004187604875521688,
        0.7531803334993813
    ],
    [
        0.0021379363707670785,
        0.008134745439093424,
        0.004144736102296932,
        0.007846819723711712,
        0.018127009801246662,
        0.0036477602605811013,
        0.009164814822016412,
        0.008166295706303535,
        0.005046844924374958,
        0.042981359665293255,
        0.02400751838131101,
        0.014585438516202736,
        0.006165898876135051,
        0.024938387518678645,
        0.0048561979823070565,
        0.0027854058717109212,
        0.7617619871106087,
        0.012637565869923066,
        0.006817863238656138,
        0.03204541381878155
    ],
    [
        5.774091586848381e-05,
        0.0002659839994202242,
        5.445661874991222e-05,
        0.00023398980709384232,
        0.0009574389651543717,
        0.00016037836444302928,
        0.00030012568284848754,
        0.0020848507692627716,
        0.0002564578364482063,
        0.0017207186625807158,
        0.007420522565448321,
        0.0017102290527284385,
        0.00045822405348411023,
        0.979529564824245,
        6.39075532620761e-05,
        0.00017549963754121315,
        0.0006047096776061223,
        0.00037819335199561227,
        0.0005281859306470366,
        0.003038821731172038
    ],
    [
        0.012466594777762829,
        0.008906159094707438,
        0.821120939361286,
        0.012213738168922746,
        0.0069611194400869035,
        0.004633786056697791,
        0.007744093625644479,
        0.005496295638815861,
        0.00802311325603247,
        0.013840007841372503,
        0.010691551832794504,
        0.00634135467727284,
        0.006321464715990064,
        0.008687462113023141,
        0.03412018305079391,
        0.0034928879107107005,
        0.008799935061369245,
        0.0050504000400894275,
        0.0045125308294948025,
        0.010576382507132526
    ],
    [
        0.0030912357554706694,
        0.012397508427699632,
        0.006461473261771924,
        0.7326780599160901,
        0.014830667427311317,
        0.024272201445097195,
        0.006168358912938627,
        0.008969843684846894,
        0.07232814801299642,
        0.030958662162664883,
        0.009197400047901141,
        0.012064572471855268,
        0.010434309548712217,
        0.012274437403632104,
        0.0026952021580525652,
        0.008260075867877718,
        0.0037715413905039553,
        0.006680400633356002,
        0.007759350369279467,
        0.014706551101942054
    ],
    [
        0.0015579176428834561,
        0.012886942481198309,
        0.0051000987839676494,
        0.8584902304715538,
        0.008389819004473921,
        0.00619491923133892,
        0.0030709561685487276,
        0.004944597127224724,
        0.016627028810160815,
        0.030545226041052455,
        0.005434535882335642,
        0.006320762216265558,
        0.00739942688450823,
        0.006849132887920668,
        0.002553372078892835,
        0.002843697435188756,
        0.002700505053271987,
        0.004936548743577239,
        0.004182780514334495,
        0.00897150254130195
    ],
    [
        0.0008682016731096704,
        0.0013330224709109141,
        0.0008770389859969766,
        0.003875478068941723,
        0.13111854005631274,
        0.0061065076792450575,
        0.003985453703360222,
        0.08495565295590177,
        0.002185310994802832,
        0.011313432282197139,
        0.0095491006734125,
        0.5617356283782182,
        0.013450576113939872,
        0.040510276699035036,
        0.0006344748549982989,
        0.007178899987820623,
        0.006321484049909881,
        0.02344264853740727,
        0.07660199171222569,
        0.01395628012225353
    ],
    [
        0.019842906799623798,
        0.009084497720629815,
        0.021879708946777005,
        0.022354312651561146,
        0.11855053831969845,
        0.051371679114916934,
        0.028023712910101885,
        0.07102887809905177,
        0.013785313156913347,
        0.030620117470468177,
        0.021401886951614026,
        0.08961744465437427,
        0.030540069116455147,
        0.038286323929103895,
        0.009028562617117866,
        0.033567805949688494,
        0.018989936439338898,
        0.13555011852868035,
        0.19434444088173597,
        0.04213174574214881
    ],
    [
        0.00023820332156701887,
        0.001568594956540828,
        0.0004203069174142164,
        0.0014251898516324743,
        0.0025820445236986777,
        0.000953780807050489,
        0.9632938485589542,
        0.0011959315786684184,
        0.0014184539426471063,
        0.003741852999237627,
        0.004173096149042558,
        0.002298685124935709,
        0.0004728946986584399,
        0.0029985880810888747,
        0.00027071155133898947,
        0.00041344736057932947,
        0.0018751318011285976,
        0.001712151028847252,
        0.001299184172621588,
        0.007647902574347845
    ],
    [
        0.0006851980004380536,
        0.013798161515090404,
        0.0012139797453183227,
        0.008289985174632903,
        0.013737736196152263,
        0.00365037360909837,
        0.007238929710305389,
        0.009680125025766602,
        0.010903728185496729,
        0.09760471188912134,
        0.06711077618242518,
        0.01067036519405195,
        0.0029108175969916775,
        0.04495413765741076,
        0.0007416898353031649,
        0.0018873644627102394,
        0.010536651838242567,
        0.0062863413939250315,
        0.004980688747143823,
        0.6831182380403753
    ],
    [
        0.9893577487291264,
        0.00022138975407626546,
        0.0007309528994616558,
        0.00046414874104145953,
        0.00046565009021904693,
        0.0010727350335306611,
        0.000293493932862916,
        0.0006054408745535522,
        0.0006751675088377658,
        0.0003279059553365613,
        0.0003684150430089733,
        0.0005081600851524738,
        0.0006076797326274421,
        0.000630341296915913,
        0.0009238633965533687,
        0.0012690031013257326,
        0.00021015734685107012,
        0.0003186426559596359,
        0.0005820380078211254,
        0.0003670658147378902
    ],
    [
        0.046089457256244755,
        0.024755039911962814,
        0.05381570343412362,
        0.05100426027984787,
        0.026377501974346004,
        0.0137526843764209,
        0.011289909706967563,
        0.01791242196241625,
        0.022270435199483282,
        0.05544860541020256,
        0.02230966051285137,
        0.020681058620293194,
        0.0246220306729534,
        0.039720753922665095,
        0.471251364732585,
        0.009247915988499293,
        0.022296440762441683,
        0.02072866920446561,
        0.01621082943109482,
        0.03021525664013512
    ],
    [
        0.0002558096780253901,
        0.0058933737356230255,
        0.0008247210997954528,
        0.02154032835957815,
        0.006247539059319085,
        0.0010238068619267437,
        0.001779652596430043,
        0.002326000208812831,
        0.002615034393276916,
        0.9090817660787314,
        0.00661292105356877,
        0.004107189322838166,
        0.0018452167358262341,
        0.0075974751894506655,
        0.0005323276662012136,
        0.0005217266078904231,
        0.003430444824565581,
        0.0029013771831997138,
        0.0016009054754532802,
        0.01926238386948705
    ],
    [
        0.0005987895117542598,
        0.0015516698815549387,
        0.0013322663612862341,
        0.9602506898319257,
        0.002795841017059572,
        0.002767923501685388,
        0.000970605228176239,
        0.0012673554870841848,
        0.006332212812696076,
        0.00650036233295657,
        0.0014697533999066125,
        0.0023875004446165657,
        0.0024663251764671995,
        0.0022056912467251165,
        0.0007988637145842158,
        0.001233686344638664,
        0.0009613362144421573,
        0.0010709015890150871,
        0.0011304737630676528,
        0.0019077521403576573
    ],
    [
        0.04211910734685261,
        0.013341026426005528,
        0.04901361841902792,
        0.009918785669446933,
        0.008660887693103978,
        0.004878610664049346,
        0.008833426430302434,
        0.011949625118804959,
        0.008139787065257361,
        0.014707706968042612,
        0.017640530701302386,
        0.009477988763638789,
        0.013213236637667524,
        0.021835439508707404,
        0.7243906140302785,
        0.005035632568075727,
        0.007965624807199655,
        0.0076636751400372995,
        0.008155463635118413,
        0.013059212407080656
    ],
    [
        0.002991169777285813,
        0.6499882472726143,
        0.005613287178201174,
        0.03691481521622785,
        0.0071478520467656735,
        0.007368590353156544,
        0.009158999013705703,
        0.007460536243203768,
        0.12226318333806226,
        0.035616132695997484,
        0.030294022092150884,
        0.006767216103813135,
        0.007039781469697228,
        0.01698536430518652,
        0.004913800915821032,
        0.005056134907772324,
        0.009807103189162529,
        0.0049734382281130165,
        0.004446709631469435,
        0.025193616021593306
    ],
    [
        0.00530872498581525,
        0.08697846478091409,
        0.01482891543080131,
        0.041813663828342944,
        0.020700525223456064,
        0.005980302645291188,
        0.011894076333315722,
        0.022698213968680138,
        0.021990327986716417,
        0.2662512875927056,
        0.14129557483684435,
        0.022773382525841206,
        0.02985606212858676,
        0.14828091780663744,
        0.025481663916328914,
        0.005745083601260269,
        0.03949708182721341,
        0.01228699046715833,
        0.010180384426770757,
        0.06615835568731987
    ],
    [
        0.0006592389784535775,
        0.0012849082242055014,
        0.0006344123940509848,
        0.0018956249608671376,
        0.01066080990653399,
        0.0025232511504177653,
        0.0014221008434421871,
        0.8516199374984708,
        0.0014837104986481437,
        0.004532835337891413,
        0.009182276068582393,
        0.03127866060901528,
        0.02420522481578974,
        0.018756991794112467,
        0.00046314571655652005,
        0.006363729020952497,
        0.0019036191778300758,
        0.005427130873991801,
        0.01952596616691431,
        0.006176425963273419
    ],
    [
        0.008620257661511328,
        0.028024198584311842,
        0.017887568183463837,
        0.04328236955311091,
        0.029881459914273354,
        0.009787857668984785,
        0.008282992592782378,
        0.07904848677659619,
        0.014530362154957422,
        0.0625357201566426,
        0.04929341349793863,
        0.044506282843523606,
        0.41269827948321397,
        0.0655573104498275,
        0.023730000560971368,
        0.015261395153913266,
        0.014984037507672354,
        0.019882947761089596,
        0.024726407935938728,
        0.02747865155927637
    ],
    [
        0.0221883197454398,
        0.003980642842406739,
        0.006293745953019721,
        0.016384402160561033,
        0.0669163188541498,
        0.16564999745109454,
        0.008565924969422113,
        0.07728901335608061,
        0.011904504425872644,
        0.01200835344739096,
        0.009385088575942164,
        0.07193225520890788,
        0.0374922681284055,
        0.023934841367720765,
        0.0041884750122895345,
        0.16676170051200317,
        0.005741449229095967,
        0.04040852720407629,
        0.23441826361729093,
        0.014555907938829849
    ],
    [
        0.0033970819784378556,
        0.0025969874369813576,
        0.0020512824036969537,
        0.006381130965377119,
        0.07814245912702504,
        0.011860310844156619,
        0.003839494681102273,
        0.33218060169630487,
        0.004253318837305238,
        0.014276611567845397,
        0.015249195123204952,
        0.20083790221082895,
        0.07037089326297985,
        0.06648675795434493,
        0.0019980986059852652,
        0.026792572842208952,
        0.010077103897265578,
        0.027365310553535124,
        0.10550174401286627,
        0.016341141998547387
    ],
    [
        0.006175099182668226,
        0.0028568262996395044,
        0.003092004240385327,
        0.009328638763656947,
        0.026086161879053126,
        0.010738020550306374,
        0.003954742399490054,
        0.10366919360308881,
        0.004911611639986928,
        0.009803895896221175,
        0.011626024139699803,
        0.07939858384050286,
        0.5893151355307218,
        0.031895070745613735,
        0.004116565792556507,
        0.04296294884102806,
        0.005452690654939904,
        0.010901717308753379,
        0.03625680535054001,
        0.00745826334114741
    ],
    [
        0.0004607449446873563,
        0.0003740651724277323,
        0.00023636421181927282,
        0.0010958716507008534,
        0.044466883283122434,
        0.003391153504580055,
        0.001042396626789636,
        0.03766806706366659,
        0.0006511238718710578,
        0.0020385245457740678,
        0.0015198063376865418,
        0.07179553528525787,
        0.0036589425495649505,
        0.008279622295775018,
        0.0002440005925535873,
        0.0029673558476247803,
        0.0009734736478543167,
        0.020531609688563764,
        0.7956753980680876,
        0.002929060811592416
    ],
    [
        0.0006199021995096131,
        0.000725232524490505,
        0.0004911128519727002,
        0.003798342796300322,
        0.747710263337196,
        0.009663778859964679,
        0.0020345295038342263,
        0.011990948600777903,
        0.0017302896018563656,
        0.008224703528014927,
        0.0027542134921993994,
        0.09409542844171641,
        0.0034563078599064824,
        0.012887125971763964,
        0.00038156181010430285,
        0.003436374052828843,
        0.003834491156292791,
        0.03436780704843173,
        0.04823624751116383,
        0.00956133885167499
    ],
    [
        0.003223391383535464,
        0.004434454109551383,
        0.0034088056888211854,
        0.01398697178127621,
        0.13916897493433183,
        0.00791601464144154,
        0.007588133570785253,
        0.09481915039529314,
        0.004228975713521058,
        0.03543199016552892,
        0.01808163970613388,
        0.29592981211087876,
        0.09908342502942613,
        0.06853852397087096,
        0.004838651102057229,
        0.009275252893178302,
        0.017726403230991443,
        0.06889315211692941,
        0.08340550513179204,
        0.020020772323655886
    ],
    [
        0.004793866947358912,
        0.011050792232855282,
        0.004128267536719509,
        0.008250105274727462,
        0.07880001864008798,
        0.010175511158293151,
        0.028265676569200825,
        0.1206682256910034,
        0.006979966558493239,
        0.03611042133795988,
        0.05399669318644481,
        0.08629071432457612,
        0.018124404849901715,
        0.13376976095126902,
        0.004901217733265804,
        0.009277306358038024,
        0.032345009704006125,
        0.1442607018656795,
        0.11352905451053635,
        0.09428228456958292
    ],
    [
        0.004092695319587973,
        0.009499598071760144,
        0.002944015258644546,
        0.009813460280878669,
        0.06183187181211955,
        0.011509596925585567,
        0.015100889554726802,
        0.26333308541200495,
        0.007802865855026222,
        0.028838031540453606,
        0.03566440616677696,
        0.078066943363312,
        0.020920180777337757,
        0.15190616921771735,
        0.0032394614382164864,
        0.009517187996905789,
        0.007487924465873023,
        0.06980801586292823,
        0.14491513349631882,
        0.06370846718382557
    ]
]