[
    [
        0.012292203360998885,
        0.01244556046342791,
        0.03243438698954116,
        0.04321661897352851,
        0.057696744378942094,
        0.03472626787275982,
        0.04389643103823595,
        0.019701061476121013,
        0.025290848645725426,
        0.048907900051025355,
        0.017111551383042857,
        0.02243039148094423,
        0.051205169752914566,
        0.044631198857547495,
        0.06788619384550304,
        0.032724876964432235,
        0.027111203216121493,
        0.3404211121215303,
        0.06587027912765767
    ],
    [
        0.009670231705562362,
        0.014168824045493451,
        0.013549674651744696,
        0.4424677135150652,
        0.023374879218388548,
        0.017470281048534833,
        0.01873920020302951,
        0.01487891579466195,
        0.018302026964380467,
        0.03147041530322797,
        0.01254200804068383,
        0.027173416116968788,
        0.019209661979289614,
        0.08222016330358246,
        0.029616349928285962,
        0.03075794833070651,
        0.009206548684230953,
        0.03403863800031821,
        0.15114310316584462
    ],
    [
        0.006560458194906917,
        0.023805373088823526,
        0.01033018289902168,
        0.00969745751568931,
        0.6578901357567655,
        0.0159584628234415,
        0.01516692384147476,
        0.021030423988391105,
        0.008382098224650003,
        0.0066947475517755645,
        0.009307295979566909,
        0.004702603306831781,
        0.010696740699412377,
        0.005871547878541163,
        0.14339118494605554,
        0.005334805924442441,
        0.014494485838037197,
        0.012257924046674496,
        0.01842714749549826
    ],
    [
        0.016264008356332585,
        0.056467303104845455,
        0.032370893159802315,
        0.030193998710644886,
        0.12607043644091948,
        0.05526803144078927,
        0.0388029107631786,
        0.041573860212230376,
        0.031504119664141815,
        0.02971931401095165,
        0.025595854913796016,
        0.02209004227101321,
        0.05174733129180288,
        0.03491245187476516,
        0.0939266559750403,
        0.062448945796386865,
        0.06781519407096648,
        0.07707714198123213,
        0.1061515059611605
    ],
    [
        0.025123982126908247,
        0.005919961321752917,
        0.07298384883659112,
        0.010750934113995293,
        0.012710243381595673,
        0.053164033903448475,
        0.04624186323130349,
        0.036098618754737716,
        0.15760512430724274,
        0.13851521137603878,
        0.04030961623358151,
        0.19037924512034407,
        0.02643401813933142,
        0.08073322131807496,
        0.00718150876811149,
        0.022880366970143343,
        0.023937839809105632,
        0.03759546859557773,
        0.011434893692115346
    ],
    [
        0.007646886492748711,
        0.01002594893828612,
        0.010301757892486088,
        0.010517493142948033,
        0.5905991073171759,
        0.011034276566186451,
        0.020681884463871272,
        0.01454327662711951,
        0.006775648966846797,
        0.007031906301101443,
        0.006590894987286327,
        0.004011412297786707,
        0.009035032011216635,
        0.004713144435135971,
        0.2512200565426065,
        0.00299839226456942,
        0.007163309203907374,
        0.0120622590552489,
        0.013047312493471984
    ],
    [
        0.346395529364591,
        0.00523345328598148,
        0.15430706096863678,
        0.0031377313470928796,
        0.008429570584218138,
        0.057123166639024864,
        0.11249064351311122,
        0.09754854615696323,
        0.04958478971564383,
        0.04847792545271799,
        0.01589653982367378,
        0.020671044918084417,
        0.03418375157261695,
        0.009542905297667022,
        0.005507101329767801,
        0.0054802406956791306,
        0.014154785108638865,
        0.004237860314880785,
        0.007597353911009822
    ],
    [
        0.07905441034903746,
        0.007754413460593502,
        0.035809891846953594,
        0.011500639178705755,
        0.010914223061683246,
        0.06514269062752329,
        0.07523608706570288,
        0.05152579518013416,
        0.05962078877351257,
        0.026159444833985183,
        0.44141514042431185,
        0.039587763352425774,
        0.016581019279073673,
        0.020379469298397256,
        0.009135351767594311,
        0.013554177968263538,
        0.016546956800377984,
        0.009155836974508901,
        0.010925899757215023
    ],
    [
        0.02487028797127278,
        0.011157013564738447,
        0.04327560529432855,
        0.049643123876643026,
        0.10714339281466351,
        0.03796322829636984,
        0.06852511512573069,
        0.032894613942522404,
        0.038262835516958395,
        0.07869701666521019,
        0.01992510882386934,
        0.02962545440695704,
        0.05364680767467526,
        0.053907730414774445,
        0.10610951636679308,
        0.02648294865446278,
        0.02100663453373638,
        0.1552378526151938,
        0.041625713441100054
    ],
    [
        0.020425210258574623,
        0.005160713489107002,
        0.03215584554411554,
        0.05168646064434743,
        0.028510787570202718,
        0.03309940015742757,
        0.05027773959885638,
        0.021823808741332443,
        0.04099571847180688,
        0.1592364454836531,
        0.014071410571584292,
        0.05055391770293539,
        0.04497822483904893,
        0.18615479685392902,
        0.028566925187877523,
        0.05260527967250497,
        0.011388425957101489,
        0.12582861880589435,
        0.04248027044970035
    ],
    [
        0.004092209955959339,
        0.003747976799221819,
        0.003928132827137753,
        0.003830098045941296,
        0.8673864330603195,
        0.004932946172407517,
        0.008072193195105486,
        0.008718876746480317,
        0.003821649116901567,
        0.0037208072876376112,
        0.0020619350880661646,
        0.0021609775522388464,
        0.004073688205840984,
        0.0028885437265743713,
        0.061003123388457946,
        0.002084118458224043,
        0.0025406247912318344,
        0.004788342352853745,
        0.006147323229399999
    ],
    [
        0.006867232494326719,
        0.003975040683059596,
        0.018393536760947186,
        0.010745953138895783,
        0.006401939662032407,
        0.03839793625870554,
        0.01616749891460019,
        0.021887531585084972,
        0.09675965580466069,
        0.06843507639652222,
        0.02979330513740024,
        0.1399745020510239,
        0.015838204112852798,
        0.4228895678319866,
        0.004116764512515098,
        0.06013907730507241,
        0.01215148632651113,
        0.013556223431208577,
        0.01350946759259388
    ],
    [
        0.0008070104588681352,
        0.00026963190591126006,
        0.0014176255125446676,
        0.0003149194914602124,
        0.0003061376698001941,
        0.0037065733322879093,
        0.0012268273912350743,
        0.0023807816213297405,
        0.0024186020500694696,
        0.0010051372664699773,
        0.9807536346382284,
        0.0012254169726283503,
        0.0007975397741200968,
        0.0008423496533210064,
        0.00024963035352875107,
        0.000533979976180217,
        0.001165023789713114,
        0.00022906471167278756,
        0.0003501134306304488
    ],
    [
        0.20449090938729692,
        0.007865927194824932,
        0.09298343139774992,
        0.007031646878026084,
        0.019271694169341397,
        0.06433358602073928,
        0.1454464351948359,
        0.050529627346495326,
        0.08188804173084359,
        0.07250175321547425,
        0.022423319642965477,
        0.04996008749012896,
        0.044832971869712655,
        0.026057299658204854,
        0.01237325189025743,
        0.02824409986826399,
        0.02647067465763536,
        0.029377718344113138,
        0.013917524043090424
    ],
    [
        0.014130466567770077,
        0.0026285864849822094,
        0.16562698681353036,
        0.0013281337201938455,
        0.003718169816392736,
        0.39185398883036315,
        0.07842264284807572,
        0.03209776095671703,
        0.054245507641499185,
        0.03681350357436087,
        0.016604194166665334,
        0.014344571265689289,
        0.07671415360889627,
        0.008406458935414581,
        0.002464227016562833,
        0.013251903642744646,
        0.07613008573736393,
        0.005345982130472778,
        0.005872676242305055
    ],
    [
        0.0042865747904716365,
        0.0007239335158574034,
        0.0492417984330308,
        0.0010476027538138105,
        0.001077138604859124,
        0.020714829748375966,
        0.019675636246295047,
        0.00702611447961865,
        0.023478712137468594,
        0.8020824282143432,
        0.0031226145131623886,
        0.019429954596983563,
        0.022188317666841824,
        0.01291513037639079,
        0.000819321379455944,
        0.0030161275265256486,
        0.0033374046542005665,
        0.001881187617560178,
        0.003935172744744814
    ],
    [
        0.004740975663401156,
        0.0008116771169660821,
        0.013720142963903253,
        0.0026796831157319136,
        0.0016789159545765424,
        0.011923498086844281,
        0.009500929472458595,
        0.006944993539396516,
        0.0198741591288834,
        0.7776395542305501,
        0.0037574733985501763,
        0.022708499135906765,
        0.02465315976682964,
        0.07662483719695397,
        0.0015633498761090043,
        0.010644079301230252,
        0.002858600793588729,
        0.0027866100720276604,
        0.004888861186091996
    ],
    [
        0.01533368529519053,
        0.004329674701478627,
        0.026119882290245117,
        0.0047894362546592175,
        0.0056487659100813116,
        0.042333982285836354,
        0.02291133627324663,
        0.029045177453816743,
        0.061581609847328564,
        0.01720614195793486,
        0.6678997063277946,
        0.03991414265579879,
        0.008396109573548631,
        0.014707327477919384,
        0.0034270720903362482,
        0.007653100385555069,
        0.0171859003747594,
        0.00690511023753966,
        0.00461183860693033
    ],
    [
        0.01838249691550125,
        0.00130075660992289,
        0.04065488742852163,
        0.0022695510705463186,
        0.002097998518466537,
        0.026206234302833906,
        0.028062757500146123,
        0.013943447568248576,
        0.1467304999641508,
        0.26671804872327715,
        0.010507409950498292,
        0.3654914499551418,
        0.011835554816142985,
        0.04165450353533108,
        0.0013930689099220155,
        0.009076446953307853,
        0.005098975474162644,
        0.004843559392258754,
        0.003732352411619427
    ],
    [
        0.010011650172174648,
        0.002645551307950988,
        0.022377955951790266,
        0.004083465603115403,
        0.0031521849213694453,
        0.021149760880641983,
        0.01624040938788367,
        0.013184434718845405,
        0.09197465253894671,
        0.05250507026917276,
        0.013570473675643221,
        0.6465795024902288,
        0.007794627866270064,
        0.05702575464651856,
        0.001817768625199862,
        0.012788363293035183,
        0.00718301386871396,
        0.009825805279941173,
        0.00608955450255785
    ],
    [
        0.015124810066445204,
        0.004238614457880634,
        0.03147681912336055,
        0.012743683870999011,
        0.009744747187053975,
        0.043696520696151195,
        0.039473054593076755,
        0.024014891836905132,
        0.03133946745599239,
        0.23179382879223573,
        0.009768783861345538,
        0.024585342602395956,
        0.24318543081818556,
        0.10396157657782447,
        0.012871237897829933,
        0.08082491002872169,
        0.011472214127420442,
        0.011080287419808125,
        0.058603778586367714
    ],
    [
        0.1779390487260688,
        0.007483551049611556,
        0.06643264967406456,
        0.006489851094282213,
        0.00950436811521723,
        0.08014045338832745,
        0.07930008220222498,
        0.06308264222929046,
        0.09487394661376605,
        0.031120816413814964,
        0.2238555594717879,
        0.060721882308793794,
        0.017705608330274587,
        0.017981561124835854,
        0.006326833886489611,
        0.013546242176205951,
        0.024974935381555534,
        0.010253444720461026,
        0.008266523092927606
    ],
    [
        0.1003885782011953,
        0.008692923082189866,
        0.10723703111980801,
        0.007392860510311993,
        0.012843333918500623,
        0.09260450552487971,
        0.11947526003933943,
        0.05496139338380956,
        0.13205334985092862,
        0.05991577676052283,
        0.050446486868686864,
        0.11611956507634431,
        0.02385493902104475,
        0.028451143343695154,
        0.007083348784499357,
        0.017187132456869782,
        0.02736261554645828,
        0.021074193417947223,
        0.01285556309296828
    ],
    [
        0.0051101290004536715,
        0.8639840424969576,
        0.006348292421019923,
        0.0033754290596578617,
        0.013460650659360918,
        0.009966841012569115,
        0.006533545266351053,
        0.01739965195381792,
        0.006151836590229983,
        0.003935085851013656,
        0.005379464992737373,
        0.003917807746680675,
        0.006731920308312163,
        0.003705896799820352,
        0.007904028316541089,
        0.004643258538950004,
        0.012303668159235635,
        0.0026212348677106465,
        0.01652721595858032
    ],
    [
        0.12188871133418656,
        0.026778348551540012,
        0.0719595995731104,
        0.029144431862241565,
        0.021486087973802824,
        0.07267335652899747,
        0.14748115383487875,
        0.05972921661124092,
        0.05453067780121268,
        0.05385660467013555,
        0.08123476205819563,
        0.04824465843714846,
        0.045677375898629,
        0.03128458511441329,
        0.02383209570383469,
        0.019490800856171858,
        0.027890177244684608,
        0.017398609552940168,
        0.04541874639263557
    ],
    [
        0.009881801762030495,
        0.003170695264482423,
        0.01280245584288702,
        0.0064716050562779156,
        0.00369907287034745,
        0.02049621952227535,
        0.013057759585956993,
        0.016333334953562574,
        0.09480378000789955,
        0.0395636717522166,
        0.017005602434543583,
        0.5404382933315238,
        0.007476795413399102,
        0.15846284357407003,
        0.0022567720062537412,
        0.03263451122694282,
        0.006023264089633435,
        0.0075062563279886885,
        0.007915264977708343
    ],
    [
        0.0013694213089535724,
        0.0015821053714389396,
        0.0013198814900131299,
        0.0057603503054259615,
        0.061680807316811616,
        0.001970344013634602,
        0.002543634996789174,
        0.0026078997929909267,
        0.0012932464209710962,
        0.001477062071635961,
        0.001361607673926356,
        0.0008501352834693444,
        0.0020363561666612373,
        0.0015489513835690134,
        0.9042981644695546,
        0.0012618071764643889,
        0.001118838849025104,
        0.002088250822868679,
        0.003831135085796491
    ],
    [
        0.017487739526704012,
        0.015778732228570368,
        0.11423381478954132,
        0.0034533263661547437,
        0.00830490980157428,
        0.11987884355409381,
        0.03303920325818664,
        0.05725372258530391,
        0.06927886240990176,
        0.024784825534115904,
        0.07679863542268404,
        0.03286003166961174,
        0.02613700489266902,
        0.012529219716958919,
        0.004454656779394041,
        0.011512083948064484,
        0.35317301657238526,
        0.009476846589135918,
        0.009564524354949798
    ],
    [
        0.01967937608424757,
        0.007794578022445491,
        0.023904436064128644,
        0.0023046913540438925,
        0.00935108250391323,
        0.1037552460484762,
        0.022512688076709194,
        0.6153599892689563,
        0.03456571641183874,
        0.01062332729321483,
        0.07076192181992155,
        0.008257772687947473,
        0.017489999820634795,
        0.006416789685790968,
        0.005376899827281607,
        0.006885534810368155,
        0.027301953948045944,
        0.0020882485763286866,
        0.005569747695706745
    ],
    [
        0.010543040777139906,
        0.0025290124881156084,
        0.06871243531728062,
        0.0033440584893908313,
        0.003154755236796836,
        0.030819630297212977,
        0.03181879019788454,
        0.012591001012767344,
        0.030650539708922963,
        0.5853637339630948,
        0.005569536557258795,
        0.03424106661842802,
        0.09753518202086243,
        0.03408321353930103,
        0.002757955904081967,
        0.013322248848287617,
        0.009962807483792805,
        0.006696319653690431,
        0.01630467188569036
    ],
    [
        0.2503080213794478,
        0.007567168265105684,
        0.12430360331719241,
        0.004474264584034467,
        0.010110425292175644,
        0.0650337827684955,
        0.17538547386250009,
        0.043366066461862064,
        0.08631757122409622,
        0.037472871074025846,
        0.036720247925525085,
        0.05807391864460779,
        0.019204492481935263,
        0.013727513765164125,
        0.005686320832943473,
        0.010389289571680754,
        0.02581567948256156,
        0.017448043421193382,
        0.008595245645452774
    ],
    [
        0.020987791221584222,
        0.0020923581464588445,
        0.05566157131860985,
        0.0017498874591859212,
        0.0032403562694041472,
        0.07206755853226726,
        0.034680163031467925,
        0.03045044236151108,
        0.4825502855872751,
        0.053469694638969,
        0.024617142599366298,
        0.14160748450603197,
        0.012604775582257527,
        0.021270635698183965,
        0.0017027538278409353,
        0.015470054412458696,
        0.015607882951502923,
        0.006646954096786491,
        0.003522207758837712
    ],
    [
        0.044981835775072546,
        0.003987333805564126,
        0.029617146656633297,
        0.004032553706150163,
        0.00893386454889402,
        0.060537996484589504,
        0.04509156464157922,
        0.09114517959372871,
        0.4305213930087296,
        0.041322973799452836,
        0.03490857944340319,
        0.1111160188526318,
        0.011533719318968343,
        0.03466577914052288,
        0.003933851147748061,
        0.019595786829436686,
        0.01072661686838367,
        0.0074230428113839465,
        0.005924763567127273
    ],
    [
        0.01897598742102814,
        0.0401200151294029,
        0.023690184976566112,
        0.04349626310652266,
        0.20140086011064798,
        0.04306064870749348,
        0.04136842381007384,
        0.04380602979334399,
        0.03691163752568684,
        0.028175052223791273,
        0.025281004572227934,
        0.02619837821036585,
        0.029863038703863073,
        0.04355357833498535,
        0.10472241915007577,
        0.06189048521699419,
        0.03046931079648061,
        0.0830391757319053,
        0.07397750647854466
    ],
    [
        0.003953315100867874,
        0.00250380228575096,
        0.06317480972411083,
        0.001329789811770827,
        0.002942148210667858,
        0.06926287005621225,
        0.0185778130330797,
        0.016226192141456756,
        0.016764256457133166,
        0.04904147406445421,
        0.004930500956878791,
        0.007015468947823713,
        0.6743986882299435,
        0.008668562296946293,
        0.002351057155320321,
        0.008618325259483268,
        0.036024191691713725,
        0.0030668508863310544,
        0.011149883690054988
    ],
    [
        0.01199353273699843,
        0.007617154387245929,
        0.022857050520832152,
        0.00974188065785451,
        0.009705085605969901,
        0.03512815173854538,
        0.024743348510509435,
        0.018282304678515274,
        0.03395958000281877,
        0.057999210964962924,
        0.009453785765476874,
        0.03843537919133187,
        0.04797860370207441,
        0.08332209459817665,
        0.008294505525767845,
        0.4791829601304263,
        0.018141684233041373,
        0.0260968522258411,
        0.057066834823610864
    ],
    [
        0.022217109729135223,
        0.042349894561096245,
        0.038855683728511364,
        0.006430132401689902,
        0.02237014994382897,
        0.13681083410648356,
        0.028660522603976134,
        0.18376584362362583,
        0.050929803682557354,
        0.02547932527382574,
        0.040264174899867174,
        0.019550786659565784,
        0.07535761839629385,
        0.022075376994236624,
        0.015089424051013047,
        0.07667710414893869,
        0.1547871823321051,
        0.007457664936681062,
        0.03087136792656838
    ],
    [
        0.001869252255902021,
        0.00021254520343269543,
        0.014414316980777728,
        0.00035294853003813134,
        0.0005023421618300172,
        0.008473204347935224,
        0.011333535678696258,
        0.0026335421896448866,
        0.011009295927415511,
        0.9207854814762194,
        0.0010369585103215057,
        0.005834850410922364,
        0.010609664579147929,
        0.005466641954520096,
        0.0003692202985292518,
        0.0017453187350823577,
        0.0011887992032876972,
        0.001041086242443032,
        0.0011209953138538308
    ],
    [
        0.007038317002490046,
        0.0007081209829681356,
        0.012990016121511133,
        0.0008087163079637381,
        0.0007258854842642,
        0.012253731729428494,
        0.010195359663782185,
        0.005909224417823171,
        0.0745105707850361,
        0.03458592994583075,
        0.0043438000060865905,
        0.8068176773828244,
        0.003566047641098822,
        0.014544655434515868,
        0.00045613172386420184,
        0.004661501549117946,
        0.002281987263355564,
        0.001684901596739677,
        0.0019174249612988637
    ],
    [
        0.009800841464778727,
        0.005118398926937352,
        0.030636221854103765,
        0.0021504407785164653,
        0.0035399028498928624,
        0.031371559219053914,
        0.016513662403616635,
        0.018222621094290185,
        0.009896209923591845,
        0.02261526698175537,
        0.0058778295109718735,
        0.005431449065113643,
        0.7758476293813278,
        0.006728092272847223,
        0.0045565953167193765,
        0.010432160794412386,
        0.022023422321936055,
        0.002211768180426317,
        0.01702592765970813
    ],
    [
        0.006906194659667412,
        0.0006295331928274081,
        0.016039821147193024,
        0.0022777762675538753,
        0.0014667214167844464,
        0.01039170576988445,
        0.015442105428646694,
        0.005913747119430066,
        0.02956558271262433,
        0.7868638310765255,
        0.004216498323477443,
        0.05149240941848146,
        0.009268136100597586,
        0.045116466702436846,
        0.0011676437851182004,
        0.004811573783845522,
        0.0020626040786725745,
        0.0034534654073522467,
        0.0029141836088807183
    ],
    [
        0.011356210885238709,
        0.0010056092359267698,
        0.02476789551393884,
        0.00048347797904564193,
        0.0015969209169617688,
        0.12385945700035306,
        0.029327828838050726,
        0.10723346053647227,
        0.6391946220175039,
        0.014343280208154225,
        0.005972601072580779,
        0.017817459995481826,
        0.005394226084059049,
        0.004845762441705444,
        0.0006708374571732593,
        0.003950630962479552,
        0.005259393416945038,
        0.001199029245831104,
        0.0017212961920981267
    ],
    [
        0.060546462104475424,
        0.0036575143666021078,
        0.07798331469737235,
        0.009059114367523994,
        0.0058498298483917145,
        0.041180965415171675,
        0.12265406403208041,
        0.021039372471276546,
        0.05482290857005124,
        0.3445175852825178,
        0.014506083217455022,
        0.08314902279091177,
        0.047119288082817276,
        0.050070449626947844,
        0.0056082477617901355,
        0.016281929294181204,
        0.009282044939921066,
        0.013100167570965819,
        0.01957163555954658
    ],
    [
        0.021749090740062708,
        0.01860856842864999,
        0.019497412796735548,
        0.007428292636563155,
        0.012184059646167316,
        0.07320952335174574,
        0.022705167243455573,
        0.09177553503094864,
        0.05627864802120025,
        0.026022742093721997,
        0.025250785539203957,
        0.030007039865407058,
        0.03470302766315067,
        0.042405353463426484,
        0.008900376265078076,
        0.4426789220794455,
        0.02612273753723858,
        0.006086340435359123,
        0.034386377162439634
    ],
    [
        0.0030085963690909263,
        0.0008135757544001957,
        0.004477435374041633,
        0.000769412604934276,
        0.0007958471644416091,
        0.011234962032480502,
        0.00339342599960081,
        0.0075583039067187675,
        0.008946796323862229,
        0.002982675857498668,
        0.9386345464361467,
        0.0047480576063703974,
        0.0022046331376755816,
        0.0025447416985071524,
        0.0006046693440638428,
        0.0018811018935650605,
        0.003796913035338051,
        0.0006628845579121343,
        0.000941420903351558
    ],
    [
        0.017948712127720666,
        0.013282601700172307,
        0.01856082084975802,
        0.008938665553785469,
        0.012237016297483368,
        0.05863624947963386,
        0.018574625727027977,
        0.07907940876936928,
        0.06532173678943264,
        0.03163559394087456,
        0.027509549688128052,
        0.03810929272706393,
        0.0309681255353395,
        0.06786860103753879,
        0.008665149558592475,
        0.44834487742549534,
        0.02254136755416953,
        0.006665961233937813,
        0.02511164400447636
    ],
    [
        0.052392424736866464,
        0.007432526801670081,
        0.07403906928387625,
        0.025040309813120974,
        0.02258583077624009,
        0.0436421258266611,
        0.0832518653147237,
        0.03448392592052701,
        0.04035779779330936,
        0.2152751454387125,
        0.01989103124156765,
        0.03292613853333636,
        0.161962319849519,
        0.05260834366161816,
        0.03432500683888827,
        0.025320022232255195,
        0.018680459118364575,
        0.024609889457512156,
        0.03117576736123117
    ],
    [
        0.01739343364806172,
        0.018575308769694734,
        0.01698930726960122,
        0.0238342590631868,
        0.5483171862537259,
        0.02656676122184811,
        0.04374449000583623,
        0.033523363137381926,
        0.02432099550481858,
        0.013970516972362672,
        0.0211395641795926,
        0.015569772552521934,
        0.010623833316538956,
        0.015279168115549933,
        0.06939576876881973,
        0.010206343390728817,
        0.01329883031712958,
        0.055897616109116297,
        0.021353481403484097
    ],
    [
        0.000647049104827687,
        5.491499310285909e-05,
        0.9853678009213555,
        2.9485735208729735e-05,
        6.733527556794648e-05,
        0.0033243753935483407,
        0.003378579058441827,
        0.0007631078813627405,
        0.0015806266988724626,
        0.0018300625407666365,
        0.00028906784181886283,
        0.0005355541476933748,
        0.0009977259630819144,
        0.0001632727276983433,
        4.1678583733079075e-05,
        9.472595044542976e-05,
        0.0006331770265759006,
        9.293944999172975e-05,
        0.00010852070590661749
    ],
    [
        0.005779908301865319,
        0.0007985121876590272,
        0.017380003629358206,
        0.0006022291591399735,
        0.0012009910075461562,
        0.07260285329943984,
        0.02015116077290172,
        0.019699073661395592,
        0.7652755254117031,
        0.016723433200743796,
        0.01315396540874798,
        0.040267923130827374,
        0.0043773272631919035,
        0.007831607451489605,
        0.0005988703892438056,
        0.005176867740842207,
        0.005155976980889841,
        0.0017077459145267205,
        0.0015160250884879664
    ],
    [
        0.0009967785043474074,
        0.0021899754160898295,
        0.007397182406974041,
        0.00021048223149844884,
        0.0006961679883591964,
        0.011422943975153614,
        0.0023687991552365263,
        0.004478831876326332,
        0.002778548333319207,
        0.0015979760578624176,
        0.00210179956494657,
        0.0011225984178255908,
        0.005443184045293249,
        0.0007274792133821618,
        0.00043261660071721136,
        0.0012042105861283022,
        0.9530872658705407,
        0.000537992261872104,
        0.0012051674941270366
    ],
    [
        0.011995593502462905,
        0.004112001192227066,
        0.021378360479433395,
        0.0134606752506351,
        0.007026855357250712,
        0.03202343030808334,
        0.018484102773374957,
        0.020827841181676663,
        0.04731482870587525,
        0.12868142122574242,
        0.016404851720368707,
        0.05501904939398982,
        0.048895642661482386,
        0.30469407895224365,
        0.0070454193194339045,
        0.21912870356102893,
        0.012222091345981139,
        0.011499608277647655,
        0.019785444791061986
    ],
    [
        0.01360309764321586,
        0.0017364079504378297,
        0.010971590461731698,
        0.00036609585229586603,
        0.001414857189372665,
        0.03027365957339674,
        0.008208666960954533,
        0.8888238979595458,
        0.018689508795706772,
        0.0034113371211032455,
        0.005422278102724141,
        0.0035449914269145163,
        0.0034205842109093477,
        0.0015140078206552902,
        0.0006483023351052126,
        0.0014151425379431946,
        0.00481358583161561,
        0.0004620676060020502,
        0.0012599206203697875
    ],
    [
        0.01578653770200835,
        0.0024308439418784036,
        0.027875995525580833,
        0.004426585058425077,
        0.004148456296276907,
        0.034448986569664546,
        0.03939326279145136,
        0.015229100508589003,
        0.0992643797347213,
        0.16532988052020825,
        0.007512633207141505,
        0.32468176940813026,
        0.01708192114780636,
        0.14266845838793113,
        0.002614864007536042,
        0.058029331721344085,
        0.006866165543038605,
        0.017609575238601634,
        0.014601252689666331
    ],
    [
        0.009313932851694247,
        0.006399007992681028,
        0.025441885923146723,
        0.003515247226443782,
        0.006569973966515944,
        0.071889940782704,
        0.018888963994512082,
        0.03946444235933179,
        0.02130476431373708,
        0.010228607888594953,
        0.6858114047312109,
        0.00898669337922499,
        0.0157017144608345,
        0.006938834277343751,
        0.005198765902902808,
        0.006262081905205976,
        0.04833483465157978,
        0.0036719047100509713,
        0.006076998682284598
    ],
    [
        0.950654219770095,
        0.0006321366568260758,
        0.004959062499884918,
        0.0004488236478939206,
        0.0009318971243223941,
        0.0046577055768979875,
        0.011439504585848465,
        0.0070934534466869665,
        0.004471574439368095,
        0.002772173277302924,
        0.002308074293631659,
        0.0024124512006616417,
        0.0020283932342358537,
        0.0010940983479877321,
        0.0006894421126734462,
        0.0009002895987139872,
        0.001100003065177814,
        0.0005148964131672873,
        0.0008918007086229892
    ],
    [
        0.007991185387763201,
        0.00493379056230185,
        0.009814460528021115,
        0.012234189666922891,
        0.007233249316728614,
        0.02017462514779261,
        0.012319919533296525,
        0.01468783010361085,
        0.033164718251314014,
        0.027533549742900204,
        0.012180785102525864,
        0.045791699086602584,
        0.0133411997597476,
        0.14808483550638152,
        0.0055609724939463395,
        0.5831938937934837,
        0.008457922926592063,
        0.013946820692683963,
        0.019354352397384516
    ],
    [
        0.025422974935137586,
        0.0024121417405510263,
        0.03338786701726302,
        0.0006361156316292292,
        0.0017544353712706762,
        0.12542580309382906,
        0.018455146743428776,
        0.6222631210008188,
        0.10364283586623725,
        0.01096409886415404,
        0.011561122992338354,
        0.013246110037592027,
        0.008365819917419368,
        0.004090122028883862,
        0.0008882550471302347,
        0.0038666075469775594,
        0.010324961604301089,
        0.0008918574816988257,
        0.0024006030793391835
    ],
    [
        0.01797007851523558,
        0.0042768996371706424,
        0.0740573649236361,
        0.0017101945384478956,
        0.0034590895822013477,
        0.26294071996998586,
        0.045679589425925184,
        0.06615016016291159,
        0.046253233930955914,
        0.013720517586643149,
        0.37119164806222077,
        0.013707362034413067,
        0.015554863328434082,
        0.005709259269489825,
        0.002281015613127379,
        0.00460402570087067,
        0.0436024152815464,
        0.0025640965395833113,
        0.0045674658972012635
    ],
    [
        0.021875414272659117,
        0.005193243564258787,
        0.06738700640719875,
        0.003444696670119111,
        0.012121396546545241,
        0.09983882719953421,
        0.08089201641466655,
        0.05511353022044405,
        0.28530410479211865,
        0.08456012718474468,
        0.010743216307047027,
        0.11278372746186942,
        0.022500223999417618,
        0.041343843505069595,
        0.004298124007596206,
        0.03159236553961038,
        0.020179125039238632,
        0.02649161956805005,
        0.014337391299811954
    ],
    [
        0.016689039998272273,
        0.0018634286320425646,
        0.016523578018798467,
        0.0020163617351352274,
        0.002049485659321762,
        0.02027524318802381,
        0.018936545326808208,
        0.01730526619516319,
        0.13266766053005144,
        0.030176940847766284,
        0.008395032323128321,
        0.6855376183634035,
        0.004622845452352017,
        0.023943019046477356,
        0.0010852318868542475,
        0.006785179412235581,
        0.003580461994936158,
        0.0032388621385157114,
        0.004308199250713797
    ],
    [
        0.023768589022487678,
        0.004690208146911463,
        0.09336224738367363,
        0.004820984452983099,
        0.009690227827506967,
        0.04512643080920057,
        0.043166421304330856,
        0.029946688812673553,
        0.021710908263380842,
        0.07822032667377404,
        0.01252567168045081,
        0.01131038011857388,
        0.5375357250181779,
        0.013667592674390255,
        0.012221377210177723,
        0.011039319093119303,
        0.027340455403532728,
        0.006848167734065997,
        0.013008278370588593
    ],
    [
        0.07075635105183738,
        0.013949092049353008,
        0.06356431713854256,
        0.023908034393855797,
        0.06354091778982467,
        0.041584265778782936,
        0.17400680626904996,
        0.03056842853905822,
        0.0367425691318159,
        0.05370846997460137,
        0.01947738834221209,
        0.032056858632071944,
        0.03996292818688704,
        0.026171576073028092,
        0.05214540399630031,
        0.018437051025214382,
        0.022325648529242702,
        0.18094060963007855,
        0.036153283468243064
    ],
    [
        0.020958191610795006,
        0.00783237047287855,
        0.033069380147804264,
        0.0051365239777101356,
        0.009992967450435803,
        0.09164069463772728,
        0.03122223914635822,
        0.07472822713101294,
        0.0301975932211374,
        0.016095405017846773,
        0.5530235826636811,
        0.011420201012675626,
        0.02928568432827171,
        0.010044811285846248,
        0.009500285008238267,
        0.01034525466449388,
        0.043076743145339456,
        0.004285993519751338,
        0.008143851557996058
    ],
    [
        0.14446999605397187,
        0.00394956346546059,
        0.12735340111647053,
        0.0034003591504462192,
        0.005459834728893848,
        0.07961196625177916,
        0.15958789439539264,
        0.0404140669687207,
        0.0432521464528968,
        0.11160663022449059,
        0.013446993229366074,
        0.022152268176341052,
        0.17435950236222567,
        0.015639022882336477,
        0.005454729949113575,
        0.015610964545018976,
        0.016067870081825093,
        0.005187234054655699,
        0.012975555910594527
    ],
    [
        0.0007996871171330349,
        0.0017272448192037935,
        0.007613182866678873,
        0.0001430178301479448,
        0.0005411878384034175,
        0.011656745876879827,
        0.0024508985396535948,
        0.003541589156848237,
        0.0018639655447485201,
        0.0011116606165005218,
        0.0013396920790301184,
        0.0007285701609055002,
        0.004311331613497286,
        0.00045118654257446427,
        0.00032561213637523123,
        0.0006875028853308677,
        0.959255330933494,
        0.0003988691868789404,
        0.0010527242557157102
    ],
    [
        0.00012129264489404792,
        0.00013946162268430317,
        0.00013115248668674269,
        0.0005557092605212803,
        0.003655965233955961,
        0.00016485692822260496,
        0.0002502866992073442,
        0.00021776329221609049,
        0.00010472125037343072,
        0.0001538192268630464,
        9.61306813375279e-05,
        7.035408697661284e-05,
        0.000231318303790848,
        0.00013121155953344017,
        0.9931679619117453,
        8.826091977544003e-05,
        9.089666977251672e-05,
        0.00015626131211822535,
        0.000472575909325335
    ],
    [
        0.008002620985979769,
        0.001874153132548096,
        0.02932615472195369,
        0.0013189423474512364,
        0.0018807817433447707,
        0.06105772177492992,
        0.015194431571526251,
        0.022773504049020267,
        0.4607599759551532,
        0.027047398166119462,
        0.024164835417410564,
        0.2916230963244142,
        0.00651543174591834,
        0.019076697827092377,
        0.0009578807106336337,
        0.010178576637201132,
        0.011600351856001865,
        0.0035317976674114873,
        0.0031156473658898493
    ],
    [
        0.0053508966560369105,
        0.009528295860686679,
        0.007113266357478113,
        0.02557499603466846,
        0.6053223349876105,
        0.00970030610104035,
        0.013091187942978049,
        0.012890973021141028,
        0.008198597083288973,
        0.010327721735570476,
        0.004126398699352445,
        0.005947655180479164,
        0.00998145881846842,
        0.01233468754690519,
        0.1860755349592153,
        0.007758921323279232,
        0.005227243625484974,
        0.020260141441027384,
        0.041189382625288214
    ],
    [
        0.0031995383592685013,
        0.002404006296009149,
        0.007337035751131904,
        0.002248579636260755,
        0.002395266162978219,
        0.019509863957464527,
        0.006558369456379013,
        0.009414683525255792,
        0.013087129631149866,
        0.019049921444288607,
        0.004008662993278499,
        0.00974465872194464,
        0.02867520643574244,
        0.02889354908281623,
        0.0021558350140999695,
        0.8127517448811606,
        0.007684815057302679,
        0.0028321731804902325,
        0.018048960412978446
    ],
    [
        0.038978441311990165,
        0.052110034843360575,
        0.02818393161723675,
        0.025631260388566453,
        0.15565230500265326,
        0.06774058219132208,
        0.044222202824999314,
        0.11511242427405555,
        0.0425854781469271,
        0.025954607204298166,
        0.0334104377080072,
        0.024274067798710428,
        0.037114029992090576,
        0.033208761882592586,
        0.08636602359777194,
        0.06638986022206225,
        0.0355952924680744,
        0.021288868762979276,
        0.06618138976230187
    ],
    [
        0.01598923290693835,
        0.01806738040302979,
        0.03573476553799366,
        0.0037527783689801876,
        0.01309835777118762,
        0.11302623066207447,
        0.024723525308456857,
        0.42259630278238425,
        0.12448525033742498,
        0.033185525980291335,
        0.015617885285638206,
        0.03620270381854524,
        0.026883228574324052,
        0.027782471213083144,
        0.005125590900703998,
        0.027272116251613313,
        0.030672674441426784,
        0.0047309835665421355,
        0.021052995889361614
    ],
    [
        0.0036563588501642434,
        0.0006809183566706614,
        0.006324499929318523,
        0.0016173702227627437,
        0.0010275200758638784,
        0.011035950937442343,
        0.0065618006111491396,
        0.005634929389721043,
        0.06025241406075814,
        0.050928504557887194,
        0.004462719324811368,
        0.5578931453554193,
        0.004251471685428578,
        0.25222674683580376,
        0.0006806620168683632,
        0.02506653809250577,
        0.0020286548975068804,
        0.0026769950563153974,
        0.0029927997436026968
    ],
    [
        0.008215293381387836,
        0.0035650945898726425,
        0.01659160482398415,
        0.0273661615187281,
        0.009256328514764043,
        0.025639884588209153,
        0.019296754199321,
        0.018000044122557207,
        0.0320956815083019,
        0.14775532206262582,
        0.012062904787646943,
        0.03261778158334594,
        0.04661721800534802,
        0.47116126887265797,
        0.01077459940141053,
        0.06764374646491284,
        0.007824178881844435,
        0.01169725851343696,
        0.03181887417964444
    ],
    [
        0.03836532283621463,
        0.13563170516323403,
        0.04896147849181217,
        0.015019545192100948,
        0.024093813484904938,
        0.06968508369802995,
        0.07737830128711859,
        0.0649982741721667,
        0.07011324452131769,
        0.041128905821401086,
        0.02250981494094034,
        0.07052834267423673,
        0.03097718870839204,
        0.038203342971865166,
        0.013218326108254887,
        0.03466016114942646,
        0.03416790658052612,
        0.02161757002609938,
        0.14874167217195816
    ],
    [
        0.006490241390274242,
        0.7494721878023559,
        0.01707905565680306,
        0.0031725354169541186,
        0.011291031722965443,
        0.02384199626574803,
        0.014017636832621064,
        0.02145870283741553,
        0.0113542910076916,
        0.007169973267386349,
        0.008327648871208782,
        0.007227562818363498,
        0.013279773241947837,
        0.005289178179278231,
        0.006104304534243841,
        0.0066069516392476685,
        0.052848356525121945,
        0.005520999291728204,
        0.029447572698644647
    ],
    [
        0.01841691423672924,
        0.0034890151701484386,
        0.5016712465929115,
        0.001182094501699546,
        0.003404398176137763,
        0.11718882123311829,
        0.039404859963147014,
        0.03669258097130872,
        0.057109196422497135,
        0.024995413915402973,
        0.020159223946904704,
        0.018016455898008033,
        0.024787820927534027,
        0.005723972966996459,
        0.0018650092721957453,
        0.0049645171069678294,
        0.11293236948137822,
        0.0043201132397907155,
        0.0036759759771234682
    ],
    [
        0.007566514352913245,
        0.0025159565261083745,
        0.7163369257469242,
        0.000940615203326247,
        0.0024700842320964835,
        0.046636817750746073,
        0.03137706473439022,
        0.014602594872089484,
        0.015557871092480012,
        0.027455291784709162,
        0.005540395658501194,
        0.006978367771984675,
        0.06168416572440722,
        0.003751321443496638,
        0.001686107255427987,
        0.002669644771702093,
        0.04478612538812207,
        0.002972907553089683,
        0.004471228137485069
    ],
    [
        0.005744515724493958,
        0.0013971431610807206,
        0.034547061291772235,
        0.00044330237733277756,
        0.001078195984978824,
        0.7866179537643175,
        0.013363264274159495,
        0.036591047746015605,
        0.022354775777834082,
        0.006656028975056755,
        0.018423483682718345,
        0.004842659504262936,
        0.014517905665585851,
        0.0024670996765812094,
        0.0007105989734555077,
        0.003975107774550727,
        0.04343247044466162,
        0.000837164967226456,
        0.0020002202339157666
    ],
    [
        0.004136344805386121,
        0.0014562564470352315,
        0.007451157497359489,
        0.014002951081383528,
        0.004198507073267282,
        0.010300486704798857,
        0.008993308795210547,
        0.007497119598275866,
        0.02844395775132757,
        0.05026618543807547,
        0.007675260384946016,
        0.07031338445220937,
        0.006352329485669345,
        0.7365169930181871,
        0.0029088289303784137,
        0.01686554850521708,
        0.0030006272595318297,
        0.012484933036702995,
        0.007135819735038065
    ],
    [
        0.10842073213019529,
        0.02757704720984688,
        0.05277125817680822,
        0.02113009201481039,
        0.11773576190826399,
        0.05156557238662658,
        0.14357792999799826,
        0.06050182805813166,
        0.06006285346305137,
        0.033676114342783225,
        0.032487864376282406,
        0.046257204135687666,
        0.0210077681393661,
        0.024813012424529903,
        0.03822891324925352,
        0.017620135837309075,
        0.02509631699698678,
        0.08948924352790241,
        0.027980351624166278
    ],
    [
        0.7971080786362322,
        0.001489868489786443,
        0.024612613563060107,
        0.001071283762041011,
        0.00196836817256603,
        0.024119529401155887,
        0.04297844042203381,
        0.024354120532231217,
        0.018845594248583925,
        0.01572887700956167,
        0.006697808244640198,
        0.008416184344727138,
        0.013933253662004095,
        0.004212143418927204,
        0.0016469912129112834,
        0.004288296137721754,
        0.004289976397038222,
        0.0013471522048092923,
        0.00289142013996848
    ],
    [
        0.043537042497455054,
        0.010717131089830245,
        0.11247461392671991,
        0.007633101561918235,
        0.015525263951699035,
        0.1266608452548223,
        0.06585412487427698,
        0.15594967454829364,
        0.04508222531288145,
        0.057452629152626174,
        0.0702684623691386,
        0.017130549323702216,
        0.16064209315853525,
        0.017033838569659166,
        0.01666401747919228,
        0.011103649033734776,
        0.04474249926205731,
        0.005259721622359957,
        0.01626851701109743
    ],
    [
        0.00588219731238827,
        0.010595345831946497,
        0.006195994302434542,
        0.008506799214794681,
        0.7802980745517483,
        0.00849440656446875,
        0.009660813787418005,
        0.017142752181870894,
        0.006651487301972713,
        0.0056771932325995166,
        0.004695693945686578,
        0.0038590902826886606,
        0.00654927819125471,
        0.005304414369140343,
        0.09386955880402764,
        0.0038700366511581975,
        0.005340601108926339,
        0.006536202677392963,
        0.01087005968808268
    ],
    [
        0.01422555494216625,
        0.006248685505051792,
        0.02827598917234744,
        0.010916780436105696,
        0.012265128719733467,
        0.0328289809579897,
        0.036563482987302845,
        0.02424202137104295,
        0.13006206554066996,
        0.06347787357505125,
        0.015818467924195168,
        0.3897497835164221,
        0.011251314633320362,
        0.1097465356576026,
        0.005116515320270165,
        0.022774169626771392,
        0.010931981916172992,
        0.05883371694538131,
        0.01667095125240257
    ],
    [
        0.015434297933005664,
        0.019054871013013185,
        0.017012710367939284,
        0.2046566489638459,
        0.18384428575930906,
        0.02366717813091191,
        0.025550201021884864,
        0.03312931528657625,
        0.028327546726637523,
        0.03383219172560897,
        0.01667240896144198,
        0.025830519772552584,
        0.02227863384111602,
        0.06945275702990938,
        0.13489854557294967,
        0.031558032845340526,
        0.012432941118703288,
        0.043250123030990684,
        0.05911679089826325
    ],
    [
        0.3544065905479615,
        0.016400211437591947,
        0.0686942719339005,
        0.008836789944774897,
        0.032736410906130387,
        0.04456885460895355,
        0.11661743605942942,
        0.07791788434470893,
        0.056109953066623836,
        0.041944435804927925,
        0.01803422931554716,
        0.03585064191110309,
        0.0275499797884184,
        0.01792664387201802,
        0.01679465861448767,
        0.012746079606595339,
        0.01872651217441395,
        0.016174251432765192,
        0.01796416462964835
    ],
    [
        0.005153368734203518,
        0.0010277063302265494,
        0.008179753838308646,
        0.0014578711720726971,
        0.001725882788816967,
        0.02521623448448926,
        0.010024360423351846,
        0.01347723366231516,
        0.03423304990176375,
        0.0072023531755851565,
        0.8552857878268993,
        0.014179949051999041,
        0.003289810256140061,
        0.006722531527272061,
        0.0010961620702949492,
        0.003635883368050386,
        0.004661575601169449,
        0.0018420678978514203,
        0.0015884178891894616
    ],
    [
        0.00023164331866948052,
        0.0003745678275856046,
        0.0002955623825960227,
        0.0011006944407491975,
        0.023377038169198432,
        0.0004206040442551031,
        0.0005395176023557245,
        0.000560744700732056,
        0.00026158648663089575,
        0.00034249198347630934,
        0.00022557361461329113,
        0.00016707475274271524,
        0.0005127227179858387,
        0.0003275891911305706,
        0.9691311755262664,
        0.000233176672348992,
        0.00024059672510507617,
        0.0004200022804189584,
        0.0012376375631391614
    ],
    [
        0.004590392719302408,
        0.001021868690304448,
        0.005231268407047965,
        0.006097346232326086,
        0.0019192316801298123,
        0.008386343529549003,
        0.007057101595992515,
        0.0071643827103568545,
        0.02418345359026839,
        0.04746764908070318,
        0.004317377346901671,
        0.07319994122161695,
        0.00508561111670702,
        0.7757466427266302,
        0.0014709626751619991,
        0.01579914796010412,
        0.001664433961108476,
        0.002814818078404952,
        0.006782026677383969
    ],
    [
        0.028233536520288916,
        0.019633771952987714,
        0.12728153739529105,
        0.00945666952009308,
        0.03228647225337348,
        0.08308925577436858,
        0.11015731987691563,
        0.036368263072617125,
        0.05513275101480883,
        0.04214592213408994,
        0.03521957188730879,
        0.03941222543278,
        0.037692598175340125,
        0.020609835863624415,
        0.01593422841121454,
        0.017078941471633618,
        0.10716009478809191,
        0.1588474416338743,
        0.024259562821297934
    ],
    [
        0.01240246741139702,
        0.009818409424853089,
        0.017578587345131846,
        0.07963915441311234,
        0.042603879852598,
        0.024515013595164847,
        0.03360933817128113,
        0.0167353017738586,
        0.027546212348070434,
        0.040045726280340956,
        0.013372742032164738,
        0.03419834379326608,
        0.022071827494517644,
        0.09058981604488782,
        0.03694760577765728,
        0.06147169565479073,
        0.012076184131029252,
        0.3535338408867798,
        0.07124385356909842
    ],
    [
        0.00224149565184305,
        0.001938534557702942,
        0.020545427486568752,
        0.0003757465097825333,
        0.0010887051142396012,
        0.042217724755026505,
        0.004846413115411136,
        0.01136749848202557,
        0.00584196146497421,
        0.0038246821710310954,
        0.005549770416955099,
        0.002069071760083097,
        0.020078201964093,
        0.00146566248932671,
        0.000774036348010388,
        0.002464799140784462,
        0.8706077319420472,
        0.0007887419031382439,
        0.0019137947269564383
    ],
    [
        0.017250495759063893,
        0.010181527798120862,
        0.014344221043017143,
        0.09363257464506061,
        0.0981612621159573,
        0.014446274789764554,
        0.027633528010929803,
        0.01780080421684884,
        0.011949936457396063,
        0.0210407427411833,
        0.009997372750933955,
        0.009726630615622536,
        0.021836648405037202,
        0.01750229396442105,
        0.5423561221691054,
        0.0096285958016694,
        0.007590321971474721,
        0.01991086217173969,
        0.0350097845726536
    ],
    [
        0.006594355038800033,
        0.0019084188689449267,
        0.10141271355078907,
        0.0005415420600525148,
        0.001253821190143327,
        0.6494650384566576,
        0.023100088381236915,
        0.02789788668512837,
        0.05835387793861557,
        0.018100021141545457,
        0.007543115917473628,
        0.013104728164573962,
        0.02436978865009664,
        0.004653836529316064,
        0.0007426298641837406,
        0.0070571195317266485,
        0.04888879948910467,
        0.0014956811766234682,
        0.00351653736498757
    ],
    [
        0.021438192448935654,
        0.014833366264253198,
        0.024033277538229553,
        0.08559866881444414,
        0.07906138778755617,
        0.04622753550081584,
        0.03322721710185926,
        0.05647797439987277,
        0.06758526082052407,
        0.04870443050258416,
        0.03494614129477923,
        0.06793906958159825,
        0.022808558782022977,
        0.1721371902341871,
        0.03732131538446364,
        0.0739072597933207,
        0.017334487572401844,
        0.05007567114119669,
        0.04634299503695482
    ],
    [
        3.908901995862783e-05,
        4.471035232627632e-05,
        4.33301753417041e-05,
        0.00015084712484747206,
        0.0022041113220949192,
        6.006543261359377e-05,
        8.900419781879508e-05,
        7.552208669388325e-05,
        3.692151877703762e-05,
        4.8832346257666083e-05,
        3.384951538213402e-05,
        2.369094282892602e-05,
        7.337246918036985e-05,
        4.401749884524185e-05,
        0.9967546636019093,
        3.305704727012128e-05,
        3.279540738518758e-05,
        6.435850540038518e-05,
        0.0001477614350681853
    ],
    [
        0.0058254601780751555,
        0.0026984216475947694,
        0.013298882727296974,
        0.00497353869980566,
        0.012275441009216948,
        0.010210444690245646,
        0.02031179444115098,
        0.005986554006079215,
        0.011378838022049781,
        0.012593232985605093,
        0.005409310925141115,
        0.011444198988740481,
        0.006350036812061241,
        0.008714475334144725,
        0.005990619400673671,
        0.0049133433295893815,
        0.006684856186031085,
        0.8446079284089871,
        0.006332622207510932
    ],
    [
        0.014172462800872766,
        0.002089972498249308,
        0.44066027434464494,
        0.000898140634912567,
        0.0025953458810902973,
        0.11112276248732872,
        0.2564202272737493,
        0.02234846717955978,
        0.040007225248738475,
        0.029742526954455478,
        0.008279860011744003,
        0.011251364767829569,
        0.02464900858148057,
        0.004310767965188402,
        0.001518041991832336,
        0.003009040506821623,
        0.01975400775532088,
        0.0032914390438666436,
        0.003879064072314384
    ],
    [
        0.0030525997452030863,
        0.003946719431693507,
        0.004069766390523711,
        0.009172838686340506,
        0.057793363607256745,
        0.004774130396349665,
        0.006344574855754669,
        0.005233844856669678,
        0.0028363763769261173,
        0.004318155891049986,
        0.0026318133740214126,
        0.0019115910039892718,
        0.008217124449738673,
        0.0034387119589005307,
        0.8589033499625635,
        0.0029348685229270543,
        0.0035221397018359436,
        0.005692601224331001,
        0.011205429563925078
    ],
    [
        0.016598678827228337,
        0.02246992608389335,
        0.019716460086047726,
        0.040887974179346295,
        0.30667301922376655,
        0.041706403653728644,
        0.03477068939886916,
        0.04513712883909727,
        0.033393001768191474,
        0.024153522043453547,
        0.02387666057454845,
        0.02221701190782638,
        0.023791426040653513,
        0.04106235041768087,
        0.11258482428554578,
        0.05210944362714641,
        0.0226158647093738,
        0.06329602643155154,
        0.0529395879020509
    ],
    [
        0.00252223511225498,
        0.0007651429634717126,
        0.026933333611162503,
        0.0007735957252117251,
        0.0009720397484401499,
        0.019636496508225725,
        0.007715126187123121,
        0.0057576593676356615,
        0.007042457274501705,
        0.05194783190249372,
        0.0026568772124990598,
        0.003906224889864154,
        0.8467373248672967,
        0.005452221441159641,
        0.0010093968193049625,
        0.004146447642388325,
        0.0068650641871054645,
        0.0011356390840239618,
        0.004024885455836761
    ],
    [
        0.030862242373563057,
        0.2761141675351409,
        0.0235839340306572,
        0.018486145647650894,
        0.046527624838939664,
        0.047330240942093184,
        0.038108338983227345,
        0.06409449122321854,
        0.031361675462116774,
        0.02093250959182353,
        0.01913440387403838,
        0.022724911473543656,
        0.03201104535057859,
        0.025109685217754734,
        0.03383974071843274,
        0.055169037592676384,
        0.03092690802030361,
        0.014396197644011425,
        0.16928669948022937
    ],
    [
        0.008275362991322754,
        0.001415830217609379,
        0.7409851737577589,
        0.0004690796829594041,
        0.001378307620419417,
        0.06977828527842542,
        0.0217763806804926,
        0.01666602174221583,
        0.014146502256663291,
        0.012827523749261223,
        0.005724766135131873,
        0.00444763474392019,
        0.03626833023928813,
        0.0020828504724162158,
        0.0009135661857000199,
        0.002028798949902416,
        0.057524633014010076,
        0.0013455842817984842,
        0.001945368000704524
    ],
    [
        0.011386577268613056,
        0.012456399643811192,
        0.07430869427116576,
        0.0019484241479368278,
        0.010323683968625121,
        0.23817239563995957,
        0.034093047783302646,
        0.20841188838618155,
        0.03854277167180782,
        0.017565302683217678,
        0.02516642704973188,
        0.009013715255692622,
        0.05452875483282264,
        0.006851997637099862,
        0.005314920296317738,
        0.007663672707450421,
        0.23168864602842654,
        0.0034175088957379626,
        0.009145171832099156
    ],
    [
        0.0035610799326695588,
        0.0026108545131744336,
        0.003885647878444413,
        0.8526963742340976,
        0.011672202423279958,
        0.005554415508588909,
        0.006398224985606697,
        0.005309638601605481,
        0.006311751629157158,
        0.00877673490027649,
        0.007449922303632417,
        0.007345572802936445,
        0.004926404241048693,
        0.022848035351683945,
        0.01847557612797711,
        0.007467135261559744,
        0.0025691037582853135,
        0.011134707894836893,
        0.0110066176511387
    ],
    [
        0.02230126258674985,
        0.039369261225793976,
        0.0316350941014293,
        0.06349263301268539,
        0.07382322464117451,
        0.03765379448710569,
        0.040548965697212745,
        0.03885977051444331,
        0.017913448767438563,
        0.027635246481652956,
        0.025372690381787844,
        0.012992843961516275,
        0.0650286503685787,
        0.020404050134439224,
        0.30408566589984976,
        0.0156829701467248,
        0.026706554082213743,
        0.01644979310209665,
        0.1200440804071067
    ],
    [
        0.010829796887973012,
        0.04475926728979741,
        0.017904360357900502,
        0.22756659364356288,
        0.04754744709897997,
        0.026040841218298708,
        0.02166601688423983,
        0.02642794672178654,
        0.02094731110953895,
        0.027141681574850418,
        0.018537535128400538,
        0.02263494601984154,
        0.02534970028954406,
        0.050180265555573374,
        0.05464550534376044,
        0.0251109650229926,
        0.016411445061760822,
        0.02418624283499719,
        0.2921121319562012
    ],
    [
        0.024481884175762372,
        0.08529115395888147,
        0.02418347230003684,
        0.07683456347196363,
        0.11078311786638738,
        0.03243406137593396,
        0.036805265582811476,
        0.04418106196091275,
        0.019026640947181962,
        0.02170209874909426,
        0.022007356578839215,
        0.014722627142373186,
        0.033710997255704575,
        0.020714555711049524,
        0.2257047035034777,
        0.01583802409529859,
        0.020533944598562115,
        0.016231113658460375,
        0.15481335706726865
    ],
    [
        0.0035252243454636273,
        0.0019851920895178885,
        0.0031571349108228384,
        0.8531065223830776,
        0.017449368490396057,
        0.004266497617304112,
        0.0065227179533319446,
        0.004591420513668675,
        0.00452491256479508,
        0.0072790949002242145,
        0.004059096716243594,
        0.004610384640460437,
        0.0043249746649800655,
        0.013810171315525198,
        0.04068239542455931,
        0.0047752003867997045,
        0.0017348156241204218,
        0.008817122283698577,
        0.01077775317501066
    ],
    [
        0.004237645320537587,
        0.004323916635394739,
        0.004979983194714759,
        0.8352019625865328,
        0.009151308483476204,
        0.006470873066073052,
        0.0068242554748264555,
        0.0063191565826127725,
        0.006624797192640905,
        0.010884230531226557,
        0.007184072244157437,
        0.008606640160225094,
        0.006907142292755519,
        0.024380066265669777,
        0.015304678268335207,
        0.007890459052386181,
        0.003194831256655028,
        0.007613067131471441,
        0.02390091426030845
    ],
    [
        0.009261478873871883,
        0.010238990144047302,
        0.013067689893925758,
        0.035276347712285536,
        0.06844848508969863,
        0.016078211783923116,
        0.019316622745023625,
        0.01640178671915122,
        0.008557998879144855,
        0.012285631134339855,
        0.014805509438383482,
        0.005658011603352511,
        0.02353000964259212,
        0.009499767833902547,
        0.6846735500394118,
        0.0068449188278509624,
        0.0114328892917705,
        0.011266612323029907,
        0.02335548802429433
    ],
    [
        0.024645514022369048,
        0.0011396478498681708,
        0.03285554031118165,
        0.0008776583181139833,
        0.00263425938805962,
        0.016844460689327424,
        0.8608979000339269,
        0.007802309791696331,
        0.010419283694848529,
        0.010256340307852932,
        0.003946057575465557,
        0.004889952596187795,
        0.007279521248066629,
        0.002326032062636965,
        0.001746241968626008,
        0.001609875111348761,
        0.003830131166732071,
        0.003477404723583012,
        0.00252186914010869
    ],
    [
        0.02821877534747364,
        0.013062555310217171,
        0.022352348036495436,
        0.45421401534715194,
        0.03753538991432152,
        0.02459567545811204,
        0.037678008658120404,
        0.027177666918498707,
        0.022371668439941865,
        0.03784874229336259,
        0.026469898657215333,
        0.02425851234026991,
        0.02597871220634707,
        0.04205642099718321,
        0.07520470767635287,
        0.015384557813160846,
        0.010196575753922485,
        0.01971937085220057,
        0.05567639797965248
    ],
    [
        0.018609192784599927,
        0.02012678022453426,
        0.027320240683911368,
        0.08485984294375266,
        0.017097902427126964,
        0.035296852955031995,
        0.041500121098226476,
        0.025164187367376006,
        0.042674604303846404,
        0.0702273296520146,
        0.020387442738757287,
        0.0794441497613362,
        0.031713807516915056,
        0.14998652868346035,
        0.01669957538858334,
        0.05238566109006014,
        0.014712519964510418,
        0.033067524503188055,
        0.2187257359127685
    ],
    [
        0.03161229669576473,
        0.016073046207098478,
        0.1421907888599218,
        0.004448977951083438,
        0.010823397524820018,
        0.1190717369489339,
        0.04899402068785446,
        0.07379314689808875,
        0.043989507810320225,
        0.023459907222357107,
        0.1752001264148789,
        0.01940355672596654,
        0.03703540853237839,
        0.009738964075134167,
        0.007500365531242683,
        0.008146246881799522,
        0.21141322761372672,
        0.007435104551220164,
        0.009670172867409961
    ],
    [
        0.03332511900234494,
        0.06254143318925816,
        0.044305234343873824,
        0.07543730474124317,
        0.06322869927072555,
        0.059093309501037264,
        0.055057919064701054,
        0.05109941891322069,
        0.029363880501500364,
        0.032641713091086426,
        0.06811259713237071,
        0.023257980304743114,
        0.05643538192742336,
        0.028700829784119607,
        0.1210757017607268,
        0.024451525028034157,
        0.04797489580918277,
        0.026851922434146257,
        0.0970451342002618
    ],
    [
        0.03056952175583073,
        0.10323299971594556,
        0.07530059012688066,
        0.005812763638059229,
        0.05942470665878548,
        0.1197124141934759,
        0.1491726321539164,
        0.1011637856131625,
        0.040208975627784097,
        0.022329364758456805,
        0.02019502699672939,
        0.01633923409246621,
        0.043798349892588524,
        0.011277237176361081,
        0.02205312481485487,
        0.013467297921131917,
        0.10009320040027307,
        0.017645328810616714,
        0.048203445652680796
    ],
    [
        0.372121193356954,
        0.0022069406316089133,
        0.09346668007746153,
        0.0027004886052315064,
        0.004096505809439877,
        0.048234751206152206,
        0.12803581873257094,
        0.02844534012637065,
        0.0870622651039232,
        0.08742158284836134,
        0.01614685151368879,
        0.05829985310430485,
        0.02189387073411017,
        0.01605305539535566,
        0.0029183847958772413,
        0.010146315662720923,
        0.00897423219132268,
        0.006622697292156177,
        0.005153172812389344
    ],
    [
        0.015268781729341568,
        0.004491501420966834,
        0.06489481916606027,
        0.0020735253898050603,
        0.0031438085572968073,
        0.154806929542233,
        0.03179228851722169,
        0.047115635089008616,
        0.3481070969087236,
        0.046589790439909955,
        0.03427419791213767,
        0.12761623762542787,
        0.019964984987590167,
        0.024750580589735914,
        0.0018218731200804774,
        0.025182290892970763,
        0.035545162524925004,
        0.005059515546533905,
        0.007500980040030829
    ],
    [
        0.00018804536169592548,
        0.0001310593672475086,
        0.00030595014681682837,
        0.00015816044613108386,
        0.0001345784198214871,
        0.0009135938384583538,
        0.0003227699078247234,
        0.0005356620865071142,
        0.0010680179191106915,
        0.0008045737543961537,
        0.00031445392847452845,
        0.0010283637889647234,
        0.0005487363974793584,
        0.0031359401640537778,
        0.00010260305882449259,
        0.9891757339077932,
        0.0003108027603252768,
        0.00018244994078233555,
        0.0006385048052926138
    ],
    [
        0.0010862197324954088,
        0.0004919575920962455,
        0.0016103488280776997,
        0.0033056965575593744,
        0.0008603077128831549,
        0.003153847456534351,
        0.0019237325750140269,
        0.002332403965888584,
        0.005941294982539556,
        0.010568717062451516,
        0.0017117418341301386,
        0.011653366227190785,
        0.0024250123768551207,
        0.9208444361250072,
        0.000739410307158059,
        0.02503030987830262,
        0.0008371044952012115,
        0.0013681013071054602,
        0.004115990983509658
    ],
    [
        0.002870438363381524,
        0.0005304308600644577,
        0.0037139272681818458,
        0.001231678552640372,
        0.0007593825414928222,
        0.005355429161558411,
        0.004986192019650323,
        0.0030924544737100153,
        0.02960690766559883,
        0.014259268988649642,
        0.0031035207995521153,
        0.8777837793578838,
        0.001731347114993775,
        0.0383831897669295,
        0.0004593037753709501,
        0.006551608312632169,
        0.0011876779385999315,
        0.0025902556421289412,
        0.0018032073969804284
    ],
    [
        0.00396885162344747,
        0.0030235237911177405,
        0.05281967871554559,
        0.001009838104358877,
        0.002510192691233327,
        0.042900994039063514,
        0.01202799047602498,
        0.013829679495970809,
        0.009310689331102354,
        0.01858009603103884,
        0.004370785742655539,
        0.004124448237089935,
        0.7369178248503767,
        0.004296282721925004,
        0.0022108960633998396,
        0.005624083124983269,
        0.0726730702561444,
        0.0020641520453136787,
        0.007736922659208127
    ],
    [
        0.04210839989064535,
        0.040444178454400584,
        0.04177091300925174,
        0.006151787492140735,
        0.020473813298044496,
        0.1374803473873287,
        0.040715528502795494,
        0.2048993179373851,
        0.05088577922334333,
        0.027793934239243517,
        0.03018969597318124,
        0.020079025930763696,
        0.08980601919373891,
        0.020699336189303717,
        0.015468505126117504,
        0.08424597441443481,
        0.08338631991642126,
        0.006753354152444721,
        0.03664776966901509
    ],
    [
        0.20799539798258132,
        0.005226465022751379,
        0.03775922283465349,
        0.003258571811396985,
        0.018081522407863298,
        0.09000170018001477,
        0.10272260620366334,
        0.3531829715334362,
        0.05198677472908264,
        0.020785542242310984,
        0.022018645092456983,
        0.013736944286914103,
        0.021020989440306625,
        0.00948427127330563,
        0.009065327268207435,
        0.00929056722947206,
        0.012300080045072364,
        0.004202557626941921,
        0.007879842789568334
    ],
    [
        0.05368098387313809,
        0.012029067642867992,
        0.060170365927064144,
        0.005408648078533954,
        0.017165299929484956,
        0.12539714816436476,
        0.06162659665870328,
        0.3136960372704448,
        0.053233864575790574,
        0.04840602077909737,
        0.022253099432374537,
        0.0177457370816787,
        0.10788581041162477,
        0.018513133964777252,
        0.01320136646729517,
        0.017839346125737933,
        0.02633752665027561,
        0.004360152230224739,
        0.021049794736521306
    ],
    [
        0.0024081463692975764,
        0.00027072728004798113,
        0.0035346191126853104,
        0.00037519350304391887,
        0.00036050832964412585,
        0.0058326614740698245,
        0.004974472974212131,
        0.0024132459896836203,
        0.04692596769861957,
        0.008298072221531045,
        0.0022283069469131328,
        0.9077535190386663,
        0.0010692233834784567,
        0.007868434222339942,
        0.00020449402927617572,
        0.0027506217459809983,
        0.00085091754668544,
        0.0010738407949039818,
        0.0008070273389202743
    ],
    [
        0.001472917998712186,
        0.0008727479417355974,
        0.0028146455117423145,
        0.003554213019834962,
        0.0035779044947737856,
        0.0027869962719346037,
        0.005080550729043805,
        0.001736432924863238,
        0.004015752246050626,
        0.004921155077212729,
        0.0015754791880101854,
        0.005903308804270533,
        0.0017327127674749525,
        0.006343092018345192,
        0.001880788381100005,
        0.00238155951477513,
        0.0014001987869785802,
        0.9445759966618301,
        0.0033735476613115088
    ],
    [
        0.013725520308244152,
        0.012103703489213207,
        0.017627351449234177,
        0.4171742182866564,
        0.08032262747266469,
        0.018361678764741526,
        0.027984099322248865,
        0.02012125907754713,
        0.023533200149523467,
        0.03730381031362393,
        0.014997569109602189,
        0.027334110669530398,
        0.017686877352325433,
        0.05859513604623321,
        0.07347058951357428,
        0.01581696259983599,
        0.009383787225926235,
        0.06964904340960067,
        0.044808455439674065
    ],
    [
        0.018387068963875566,
        0.023683956727600156,
        0.02366552476989812,
        0.00911391314821178,
        0.604139825855393,
        0.02691216904201357,
        0.06038570457659712,
        0.03581356358586836,
        0.019667378042513766,
        0.013197243226940361,
        0.010446035059407225,
        0.01100942728016516,
        0.012208671256748535,
        0.008893564500712109,
        0.04584949801642508,
        0.006135328662039065,
        0.014953549684004901,
        0.03368989298928725,
        0.02184768461229887
    ],
    [
        0.01513026917805426,
        0.025753467696427005,
        0.08465639621994718,
        0.004752393273836308,
        0.019584590626015443,
        0.15269019059536315,
        0.03546650328870525,
        0.1720351793708033,
        0.09668249184291024,
        0.03437657287187435,
        0.04399867195881828,
        0.030162948941434106,
        0.038290953316288276,
        0.019324210954858787,
        0.007915631766688549,
        0.015037677611404728,
        0.17922975575454422,
        0.0092399513953018,
        0.015672143336724783
    ],
    [
        0.00786511168334945,
        0.0006902817437240856,
        0.009140557510562777,
        0.0008142114784796545,
        0.000939521553844407,
        0.01411061465278057,
        0.014327690898168965,
        0.00655037762893494,
        0.15167140659045633,
        0.020078421878752053,
        0.004992707680389004,
        0.736641647019538,
        0.002776138400394595,
        0.015094897840565261,
        0.0005203014555322948,
        0.007221085343698752,
        0.0022040086974707625,
        0.002597887099611768,
        0.0017631308437464402
    ],
    [
        0.010181286027776744,
        0.00323492748410643,
        0.008974249843090105,
        0.006650109540717147,
        0.004029601417911593,
        0.018395774143110253,
        0.011765506376314988,
        0.013672501801114446,
        0.03384549169176138,
        0.029042066691355548,
        0.009498391126368166,
        0.05034852838721592,
        0.012265885940371266,
        0.11425161902458901,
        0.0033053175203659737,
        0.6451904872738338,
        0.0058160696771377175,
        0.006382729139231452,
        0.013149456893628206
    ],
    [
        0.020754876116957723,
        0.015318535523599627,
        0.02699423587751229,
        0.10158311299119815,
        0.11100502654647638,
        0.03211362389170268,
        0.04654013251111208,
        0.03022334387840568,
        0.019693280769059983,
        0.025118973309164242,
        0.04313829702751406,
        0.014179054621038184,
        0.030209816833669606,
        0.02074848969718247,
        0.3644314885133806,
        0.011773486079930182,
        0.018957707521778937,
        0.03249382730102564,
        0.03472269098929153
    ],
    [
        0.010963290795851285,
        0.0005567768860514099,
        0.8664260422704773,
        0.00031907661588037405,
        0.0007089293696350966,
        0.019553731708943478,
        0.04302811085106518,
        0.006418027030123666,
        0.008850130673919392,
        0.015374353397706288,
        0.0023238836341566973,
        0.003702765656927599,
        0.01249366711543156,
        0.001401363475140668,
        0.0004993694833637705,
        0.0008756985636526599,
        0.004482148228846394,
        0.0008548119185551338,
        0.0011678223242721781
    ],
    [
        0.0020373461704841665,
        0.0008315050439088511,
        0.0029318338449379035,
        0.0006731443469509708,
        0.0008535776508800418,
        0.008141670052266492,
        0.003110351768001682,
        0.0042008123158049845,
        0.008270413038591922,
        0.006148028409252136,
        0.001753199442080191,
        0.006607972925295307,
        0.005017268334475315,
        0.009648666301186404,
        0.0006260783396187251,
        0.9318648451869989,
        0.0025440601737130087,
        0.0012141914434876402,
        0.0035250352120652466
    ],
    [
        0.05188318299406216,
        0.18765201578951998,
        0.05132368803054052,
        0.011471732561045417,
        0.029486397869032777,
        0.08977941715564837,
        0.08723094555500935,
        0.14386095362380993,
        0.0599449196701184,
        0.02598840812359423,
        0.0361540755011336,
        0.03693727424319085,
        0.02483922686884918,
        0.01953588637903773,
        0.014505505146079442,
        0.015229385700015538,
        0.03495359259511279,
        0.010718467242677734,
        0.06850492495152205
    ],
    [
        0.000628696134474209,
        0.0011631937774393547,
        0.00486514698123089,
        0.00012975838029113533,
        0.0004969960474097356,
        0.0072221840610089735,
        0.0015547804215946843,
        0.0028050860531676405,
        0.0017515895828220157,
        0.0009369465593676692,
        0.0013903973824141342,
        0.0006850214901440636,
        0.002745377919139928,
        0.0004291049896875715,
        0.000283156564327841,
        0.0006696148222378941,
        0.9711924365391865,
        0.00039251872108275596,
        0.000657993572972977
    ],
    [
        0.013655905160962266,
        0.0008746087464137295,
        0.01672291093292795,
        0.0009530699183673888,
        0.0012117113018384027,
        0.038294038456417524,
        0.014707447579831494,
        0.019458272660992308,
        0.6065124585279629,
        0.037951582807212565,
        0.012908338407751676,
        0.18820137335437226,
        0.006144690043461688,
        0.020688345379825005,
        0.0007287781773800311,
        0.013084864559925552,
        0.0041593386709192935,
        0.001781969011879308,
        0.001960296301558476
    ],
    [
        0.03905856612123624,
        0.0029543059735244173,
        0.021285723580557935,
        0.0023516354672511574,
        0.0035012128855161414,
        0.04341406000202787,
        0.029882559853708288,
        0.07194521463797438,
        0.4593487511206456,
        0.03365536474852024,
        0.01566119591698034,
        0.2162009033119398,
        0.007268168213341802,
        0.02663163321495161,
        0.001726133148470879,
        0.011449143907563419,
        0.005515212936319564,
        0.0029470186548061408,
        0.005203196304664175
    ],
    [
        0.00789679493006871,
        0.002769965351952257,
        0.015064322365429648,
        0.003418732932936198,
        0.003008587985041781,
        0.031189185046925166,
        0.012844873528444205,
        0.027410174172747846,
        0.22402549229770186,
        0.048432434402397875,
        0.01504777441662366,
        0.44316729965521673,
        0.00806100182640679,
        0.11748216241442203,
        0.0016469554168387973,
        0.02158702701238294,
        0.006243037409147675,
        0.003847900727527147,
        0.006856278107788866
    ],
    [
        0.005606901144701655,
        0.0007992544103036809,
        0.027048824156695447,
        0.00048241192563255056,
        0.0007227917366243173,
        0.1155866421744355,
        0.01414726017715816,
        0.02295684371988953,
        0.6945294476414706,
        0.024514412764046752,
        0.009419994985854267,
        0.0584360159374254,
        0.005756239407554978,
        0.007537607196206833,
        0.00041565996955193,
        0.004350509547484886,
        0.005072080252746515,
        0.0008848178626878394,
        0.0017322849895289045
    ],
    [
        0.019266661231764976,
        0.030140657181756556,
        0.0525012666515296,
        0.007956770462523308,
        0.016321584070269183,
        0.09818581822356198,
        0.030096805345816473,
        0.07107960606354126,
        0.03839011481899965,
        0.020810440699292377,
        0.2537767293313037,
        0.01896813055951955,
        0.03969295573877275,
        0.014708241393303335,
        0.01298894048511369,
        0.01665603526333374,
        0.23358158453192018,
        0.009070342338172771,
        0.015807315609504914
    ],
    [
        0.0009152819384165182,
        0.002403593714393645,
        0.001547957545275652,
        0.0020068391996466537,
        0.0016840889701889644,
        0.0024212828699826682,
        0.002185459238815873,
        0.0019722300568965896,
        0.0015847053286806127,
        0.0028542144018135268,
        0.0006674817278962287,
        0.0014852092346371185,
        0.004373291397532304,
        0.003494678408220769,
        0.0019494474844063512,
        0.0042116537036357505,
        0.0012104825210513294,
        0.001141580810267333,
        0.9618905214482422
    ],
    [
        0.016594694954293315,
        0.002814647432247794,
        0.1354671820127004,
        0.0026678063458287094,
        0.005289570684257586,
        0.07645543536360201,
        0.09349109597939739,
        0.021415989552067388,
        0.1936856655582496,
        0.16469247694325023,
        0.01165880611587139,
        0.14571009199062604,
        0.023517235383432547,
        0.031428273811266956,
        0.0026678870666625187,
        0.015619464748088716,
        0.018993520841511544,
        0.029721754594966943,
        0.008108400621678957
    ],
    [
        0.025920673789551818,
        0.0037260984382526817,
        0.022605599204828845,
        0.002596883080978127,
        0.005421256979903,
        0.052231453393667714,
        0.03178647590853173,
        0.08721230687918059,
        0.49912941332091043,
        0.026186730189142905,
        0.017794718306092316,
        0.1609492828866593,
        0.006845489570229763,
        0.02506509037983685,
        0.0021347670917967374,
        0.012164503460113623,
        0.007497872919650783,
        0.004759640340833688,
        0.0059717438598391225
    ],
    [
        0.003975720992040877,
        0.00047874070086555083,
        0.024650407885235995,
        0.000800064772320307,
        0.0009419752149447347,
        0.017034380970696438,
        0.00944331751749628,
        0.0068220337979716834,
        0.033665535346278294,
        0.8298814363357252,
        0.003238745203651975,
        0.02076955151734334,
        0.017724370318149395,
        0.01809121938340771,
        0.0006906981799211882,
        0.0051790288561074475,
        0.0030607138466788837,
        0.0016746790316295305,
        0.0018773801295349157
    ],
    [
        0.03903902643455331,
        0.0476529120384143,
        0.03303042427855972,
        0.004230381360410894,
        0.03366212744296432,
        0.068626823220932,
        0.03268159703881224,
        0.5408033803329985,
        0.03621924763205793,
        0.014024346025170893,
        0.02398212010502457,
        0.012151628008936944,
        0.02299846608420114,
        0.008923253978841968,
        0.013247140916202918,
        0.010338313066579856,
        0.03914385624744948,
        0.0044690177070765,
        0.014775938080812514
    ],
    [
        0.02708384695396298,
        0.002067982633420354,
        0.04286475509691397,
        0.0008890066615598775,
        0.0026117150161690263,
        0.12460490060143928,
        0.025267870333058405,
        0.18294354867628254,
        0.4785691273674848,
        0.02193812364174026,
        0.011259206326832293,
        0.03692822979646479,
        0.009375818743487235,
        0.00850861657713264,
        0.0011523051662240737,
        0.007932961291843997,
        0.011193226090980632,
        0.001933336996044108,
        0.00287542202895866
    ],
    [
        0.011826606300307869,
        0.0012438417169531165,
        0.11759473812170092,
        0.0009511614434235599,
        0.001435334912913981,
        0.0726731671439354,
        0.04363303893018087,
        0.01670117249033401,
        0.3986200020815452,
        0.07574494679758,
        0.010430742617663885,
        0.20725383148375676,
        0.00925416244297931,
        0.012163275106972715,
        0.0007948244969753751,
        0.005079515675985253,
        0.008402466201567932,
        0.0032962553915055356,
        0.0029009166437182895
    ],
    [
        0.00027458567241850335,
        0.00034401191933740484,
        0.0002838898396393789,
        0.0009797668477158747,
        0.012890041144577136,
        0.00040113693122889837,
        0.0006027801332733368,
        0.0005409913800524362,
        0.00024615962050121326,
        0.00032305683773172086,
        0.00021489170142371085,
        0.00015753057466753133,
        0.0004902042759861194,
        0.0002890790967915188,
        0.9800650772705083,
        0.00021440222864575496,
        0.00020748597272198001,
        0.00034234951165147275,
        0.001132559041127439
    ],
    [
        0.002591287147844399,
        0.0011057112034797334,
        0.009419336189352357,
        0.0006787563553990944,
        0.0013031431352808773,
        0.009813596187632204,
        0.005453991176142051,
        0.005394175951721159,
        0.0029227991031753457,
        0.008158009674319231,
        0.001668398189264534,
        0.0014778645133557216,
        0.9318015273400082,
        0.0021446516710902745,
        0.0017795254157321177,
        0.0030590376101246254,
        0.005878606599365836,
        0.0007706586192067794,
        0.004578923917505153
    ],
    [
        0.009737312653187643,
        0.003329442752995904,
        0.01537704619164245,
        0.013776230679569686,
        0.005429296949713154,
        0.01848466594046542,
        0.017451991703282297,
        0.011429645851316658,
        0.03818124037145578,
        0.10514822075089339,
        0.008454496525748936,
        0.10453491486157532,
        0.019197125105151095,
        0.47008802702047486,
        0.004588481315668849,
        0.10626184199935308,
        0.006663606313282862,
        0.020070808154356364,
        0.021795604859866306
    ],
    [
        0.029340577573238914,
        0.004018838477330529,
        0.028664166060691387,
        0.005255713656383853,
        0.0070502731014896874,
        0.05474949463651173,
        0.028795162489589646,
        0.043778266903394605,
        0.06251369880973905,
        0.0228258783418891,
        0.6037856286625665,
        0.028739481821311842,
        0.014872052091701046,
        0.017148172461441853,
        0.0052826723378591066,
        0.013238373637198634,
        0.01891001847880285,
        0.006072060536136008,
        0.004959469922723865
    ],
    [
        0.8428026858778357,
        0.002220315336510038,
        0.01363438944078661,
        0.0011664223288727201,
        0.0030917804548301836,
        0.015675356710392146,
        0.03241469753708514,
        0.024665684354385903,
        0.018936293903737647,
        0.006837077575918209,
        0.008636989407793883,
        0.00881532145966171,
        0.004695716586274552,
        0.003245548095786477,
        0.0018381856738521325,
        0.0031395763050027403,
        0.004081367510459078,
        0.001832644049526107,
        0.0022699473912892137
    ],
    [
        0.025947223234410215,
        0.03958078941133307,
        0.02066009254788666,
        0.08837521996698346,
        0.11519830435674067,
        0.04149895929873951,
        0.040948782745966215,
        0.04508411027122315,
        0.036398200721821955,
        0.028197060988037332,
        0.025504055939699035,
        0.03345831482577922,
        0.025250647807417113,
        0.059075206351444386,
        0.08347606094126979,
        0.08358227072893135,
        0.019667703020821253,
        0.05020808454905929,
        0.13788891229243636
    ],
    [
        0.004305106804400731,
        0.02918517664446967,
        0.011790572490117847,
        0.005862550052813565,
        0.010807264910401236,
        0.014694628448661203,
        0.011620613989109036,
        0.011788903062197806,
        0.008106542655331464,
        0.013233619808720216,
        0.0034326655750603194,
        0.006535320832589751,
        0.02932225597416091,
        0.010438717550949161,
        0.009624675385237884,
        0.011377748607883273,
        0.012407766149208284,
        0.0064625577012893546,
        0.7890033133573983
    ],
    [
        0.038578415460214004,
        0.061054748240871454,
        0.03368502528220142,
        0.021395048909648395,
        0.04552749152424281,
        0.06321275055234137,
        0.03890363637952695,
        0.1722947137342619,
        0.10540078939355577,
        0.04354767213281363,
        0.0276672525990179,
        0.08207097127972363,
        0.025382405563806946,
        0.07178115298345955,
        0.01774211631359021,
        0.04966332614027426,
        0.024520971455528975,
        0.014979162250167202,
        0.06259234980475363
    ],
    [
        0.027312197463216944,
        0.01389881560388775,
        0.03216973977831501,
        0.006859957171281007,
        0.009440548784780678,
        0.11223181103240411,
        0.034962584131639635,
        0.06454660902917063,
        0.04764011638809278,
        0.037950498276291,
        0.02483362348082276,
        0.027904510463568805,
        0.0861584297010425,
        0.036738341660727855,
        0.008863937331700813,
        0.3349286094890719,
        0.03666131855620494,
        0.00695366715011538,
        0.049944684507665454
    ]
]