[
    [
        0.00627370847184599,
        0.9002311604407939,
        0.007915173797362613,
        0.002900942402721936,
        0.004111651003287796,
        0.007210033121744028,
        0.008549615392459596,
        0.0017577535967857247,
        0.008405726950968178,
        0.009865822672958715,
        0.0022320961427532517,
        0.00905327243968073,
        0.0053059996783815415,
        0.004790313223950851,
        0.006885534408049293,
        0.003043055982357888,
        0.0018409271954550755,
        0.002713054762992578,
        0.0040002252626810605,
        0.0029139330527689295
    ],
    [
        0.1449653272710975,
        0.06211249470380642,
        0.029910994858225882,
        0.02129932149581426,
        0.014674382422924888,
        0.04783096997472944,
        0.0328041940048748,
        0.015240134599075373,
        0.07590616037109792,
        0.04208477057143131,
        0.022074528371242012,
        0.18227882138515078,
        0.048130162246011396,
        0.024905465382759683,
        0.10349568892601482,
        0.03848767043339179,
        0.021943188360869482,
        0.023247517862769643,
        0.03076970078677846,
        0.017838505971934118
    ],
    [
        0.01865721202419097,
        0.022365090346334777,
        0.01223247184208468,
        0.012221058220792964,
        0.013594744976510365,
        0.006586225014763134,
        0.5202464416683845,
        0.006876746783590046,
        0.023391300087890272,
        0.2622048411260425,
        0.006932123039302637,
        0.01459816897621668,
        0.005428653320664203,
        0.009371244192906776,
        0.005230349998623759,
        0.004523617721562609,
        0.019353751175565936,
        0.013642852631405857,
        0.008126693410163314,
        0.014416413443004015
    ],
    [
        0.032707772559435716,
        0.164628880168237,
        0.049157121202695976,
        0.06078342129615775,
        0.05779142049005853,
        0.025416749165894172,
        0.1067320456615432,
        0.013925336630405653,
        0.030911181076484617,
        0.10305101653115319,
        0.017174934243274317,
        0.08031036720686524,
        0.05533082520120363,
        0.02550466428444172,
        0.02964487049442903,
        0.017320425945126963,
        0.041817767906618425,
        0.02885225415104453,
        0.027028291372355417,
        0.03191065441257493
    ],
    [
        0.014460246442762047,
        0.020050482228957046,
        0.02831701374232354,
        0.01386122695174491,
        0.02546073412828688,
        0.1398867939389003,
        0.01373502513195229,
        0.025411836975454485,
        0.011566784630202016,
        0.007725442924807264,
        0.04519997689827094,
        0.011871729742864495,
        0.022465886566227188,
        0.0840355152575491,
        0.0864897676261127,
        0.1906268304081883,
        0.006393958126627244,
        0.05664004682662868,
        0.16906920195175415,
        0.02673149950038645
    ],
    [
        0.02131407290047567,
        0.021077117127404284,
        0.009745242984759334,
        0.005447005420715303,
        0.006692633614382592,
        0.006685790152423782,
        0.4838244786142885,
        0.007663448302135594,
        0.03781540425413757,
        0.3303049002099834,
        0.005180613380723326,
        0.010387748053912644,
        0.003030431622715417,
        0.009624330140429575,
        0.004035596253781939,
        0.003855828595933889,
        0.008823142307631439,
        0.009735997377010629,
        0.006498188257076262,
        0.008258030430078864
    ],
    [
        0.004332001006662891,
        0.004960478509726484,
        0.04290539983985692,
        0.013993294501842451,
        0.017809971944974242,
        0.05853671798679962,
        0.011463718974335542,
        0.29326303101203965,
        0.005473536096837844,
        0.007205227985469657,
        0.019765017510621118,
        0.009902691846646732,
        0.007424733107059129,
        0.23096529595990836,
        0.01096185508473904,
        0.030210065322968917,
        0.006443456411598963,
        0.1453420236237744,
        0.058902380390396254,
        0.020139102883741843
    ],
    [
        0.006098266461895999,
        0.007151790457907963,
        0.015208839933101955,
        0.020211539420062433,
        0.015145018011202924,
        0.02421932615425579,
        0.014289672629901464,
        0.09721836011004173,
        0.026412660836077666,
        0.00815609114484155,
        0.44160611460198557,
        0.00947940808370205,
        0.013221346381507024,
        0.03773299313316188,
        0.017453226690400774,
        0.04249059850658563,
        0.006879843022190143,
        0.04439155664392586,
        0.05285135688366022,
        0.09978199089359135
    ],
    [
        0.0695864534569592,
        0.3487528883733688,
        0.04279843680875254,
        0.015843722921316125,
        0.01614973539827051,
        0.05857293887198648,
        0.0630806708553727,
        0.017160792980201775,
        0.05258080218453396,
        0.08030869855172644,
        0.01395276942652284,
        0.02946000374565477,
        0.02094345072671556,
        0.034128137587625416,
        0.04028456772600658,
        0.02095749998500335,
        0.008012736044318635,
        0.023252947156727384,
        0.029224745383311716,
        0.014948001815625243
    ],
    [
        0.03985900654371991,
        0.16674686047181242,
        0.04335907958365052,
        0.017387452534153514,
        0.01207620934508093,
        0.1534346744746343,
        0.025391192911658252,
        0.01847399606683215,
        0.030476122359133512,
        0.028056975689480575,
        0.014978296428696636,
        0.04016089865565232,
        0.05803440955344203,
        0.039904845474277785,
        0.17986393082120103,
        0.04528021695824948,
        0.0049680562218319315,
        0.024691083545362327,
        0.04506778135052706,
        0.01178891101060327
    ],
    [
        0.036746725437558365,
        0.019111110421293886,
        0.011003372033034208,
        0.00911556577502396,
        0.006080845496754014,
        0.008823388877822956,
        0.40455880414775647,
        0.00961609019412963,
        0.013231834913471699,
        0.4022344142150202,
        0.004207726240755388,
        0.0125672448119659,
        0.0050590467282055195,
        0.009606717006745626,
        0.0060848420859476934,
        0.004977856878306611,
        0.00737491983706205,
        0.015114010296355666,
        0.008842262034605985,
        0.00564322256818423
    ],
    [
        0.009498187635478017,
        0.010600444599714792,
        0.01643212211269632,
        0.015119838276459881,
        0.012008371989151384,
        0.06694929695545025,
        0.006258783294090471,
        0.006751646824562799,
        0.006994522759636879,
        0.004239980453534884,
        0.034178149616106754,
        0.012757699688287662,
        0.05045131106373156,
        0.020806590106314093,
        0.47712275812703525,
        0.10284764783863627,
        0.0038244590037453934,
        0.027925032231852654,
        0.09770484238287518,
        0.0175283150406395
    ],
    [
        0.0001282486633231681,
        0.00015409313643981033,
        0.0005511376641935724,
        0.0006798966795857845,
        0.0007050935651256382,
        0.0006757291737205911,
        0.0002495839024505446,
        0.0006201883670033432,
        0.0004471819159163146,
        0.00016170333040115703,
        0.9648549408416977,
        0.00021648860582415102,
        0.00037291829621018314,
        0.000949099547711587,
        0.0005378825424888748,
        0.0009053978587780545,
        0.00017526282800534715,
        0.0013934209645840828,
        0.0015212701498936167,
        0.024700461966646294
    ],
    [
        0.010206688521347651,
        0.027565834961349116,
        0.05264524904543334,
        0.035745372899760874,
        0.03464348446547711,
        0.08778265119425312,
        0.02746051849805897,
        0.1996922215937765,
        0.011262226071627945,
        0.016441933235810516,
        0.023987450959053375,
        0.017834979132785554,
        0.036231198313879644,
        0.119525671220819,
        0.03284048860700046,
        0.06306875287660126,
        0.00893176864676873,
        0.07549927755651291,
        0.0954468120246373,
        0.023187420175046602
    ],
    [
        0.002127487672443333,
        0.011241690232801301,
        0.15537802656810318,
        0.03974208916538643,
        0.1581877426667287,
        0.06847541172880285,
        0.008353601037447677,
        0.022799196602467594,
        0.0036547960477588894,
        0.0046328613734302445,
        0.02001754940633704,
        0.01114670631621601,
        0.028882284615197398,
        0.2140890325902821,
        0.016636477668574377,
        0.02584289634262552,
        0.004424746064682045,
        0.05995382879747008,
        0.09967048864169405,
        0.04474308646155116
    ],
    [
        0.0009456528851615917,
        0.002022155065944821,
        0.024004758107223318,
        0.0022844672046118883,
        0.003912487525643826,
        0.7542455792472575,
        0.0012892227858787072,
        0.004154182003624437,
        0.0011108253085267508,
        0.0009148255741851596,
        0.003920740638851545,
        0.005016268537851991,
        0.003922881323133073,
        0.10618310520280323,
        0.014571805277336142,
        0.022920399850235966,
        0.0008612267611862904,
        0.011442305995552512,
        0.032979140183199,
        0.0032979705217919563
    ],
    [
        0.0022224459423240465,
        0.0035636440734144997,
        0.02343119767247705,
        0.004374585999490549,
        0.003181108715910266,
        0.745668399380517,
        0.0016358182632241918,
        0.004197427611326606,
        0.0018907212121549236,
        0.0016484881814129695,
        0.005058755770556082,
        0.005694520490063625,
        0.013086063184187981,
        0.020483749451079537,
        0.1034093851110288,
        0.02271630968157828,
        0.0008629006641014217,
        0.010027815950264972,
        0.02360552901365391,
        0.003241133631233454
    ],
    [
        0.0036977520873785813,
        0.004275706361585167,
        0.008235059125294665,
        0.008930157015819104,
        0.015479546006906358,
        0.01593766411705921,
        0.006928596991892529,
        0.017539796140203737,
        0.008767494639658329,
        0.003262667814499172,
        0.6183557856519771,
        0.004078984973811322,
        0.00699645263230981,
        0.024810132102454387,
        0.012968799727039551,
        0.04182545356768182,
        0.004193150736198666,
        0.03207387385875219,
        0.05421080546898868,
        0.10743212098048947
    ],
    [
        0.0018660336359817794,
        0.002674186352424552,
        0.010128913431563023,
        0.004058800730232156,
        0.004823052892400189,
        0.22954384576578454,
        0.002051315127108422,
        0.0147727868548491,
        0.0018198630373440275,
        0.0012740753299461235,
        0.011954606390319882,
        0.003589302063799129,
        0.008309682730718823,
        0.059235011374383646,
        0.03964587087665175,
        0.41909650070823845,
        0.0011951959635359514,
        0.023711837351582117,
        0.15489717453575555,
        0.005351944847380705
    ],
    [
        0.004276202288332095,
        0.004637033751878845,
        0.008397714176404586,
        0.005495880080572574,
        0.008080247775107857,
        0.05321531371722866,
        0.00378765295172295,
        0.011006898575064405,
        0.003271343661642212,
        0.002025060941049411,
        0.017488886285555016,
        0.006779930279793048,
        0.012629554936276375,
        0.030997047191426406,
        0.056726037644431106,
        0.6238714744060928,
        0.00305407436971675,
        0.0247694109381415,
        0.110926275786727,
        0.008563960242836477
    ],
    [
        0.008375248390214897,
        0.025182225839979967,
        0.19273957904309594,
        0.03246750283190777,
        0.012046649694725488,
        0.23717928972433444,
        0.008664808040026851,
        0.012515059577810527,
        0.008582107630220659,
        0.01257802050546662,
        0.010571630631565956,
        0.06477644947740605,
        0.11527651827342247,
        0.03927641763027472,
        0.124528698558805,
        0.02318860848729983,
        0.003933665841436514,
        0.02384546455815246,
        0.034072518064712926,
        0.01019953719914089
    ],
    [
        0.004721763006036771,
        0.006458599622273432,
        0.016564601282645555,
        0.019652793472742774,
        0.02388305859095174,
        0.02901519080253214,
        0.012493730891790757,
        0.24132149846332093,
        0.011505559485848343,
        0.006079162266667716,
        0.20374375707585152,
        0.00766229711877315,
        0.013248127103049716,
        0.06772118355210123,
        0.016015303769681372,
        0.07076209858389913,
        0.007039375821564585,
        0.07385637595242477,
        0.08433141740671378,
        0.08392410573113061
    ],
    [
        0.007509275590493806,
        0.011485952474191404,
        0.02503728479790131,
        0.018236435981450392,
        0.03068253253966661,
        0.061978286714002746,
        0.0187253102657326,
        0.12927090423459742,
        0.010265550998403608,
        0.008085236829748106,
        0.052069047201553316,
        0.013744217628956498,
        0.018631009165838052,
        0.13784939927909637,
        0.02787365239055794,
        0.14384237833492472,
        0.009690927880834439,
        0.08728524367546711,
        0.15277569649488154,
        0.03496165752170209
    ],
    [
        0.008548997272618968,
        0.005593815295102721,
        0.013275273636141135,
        0.02333297592499873,
        0.020255806374919853,
        0.006891592080164922,
        0.02324359564919091,
        0.009419421942217223,
        0.006177546383378516,
        0.017262267139786628,
        0.007930087054466692,
        0.0275721409140652,
        0.008113998946743074,
        0.010456878595825463,
        0.005959839689436562,
        0.006787387615028491,
        0.7520669679913303,
        0.021695272419254952,
        0.01031567157745926,
        0.015100463497870413
    ],
    [
        0.016077783132263948,
        0.01802988759927343,
        0.045723118441514644,
        0.02952322715800506,
        0.029395626726891392,
        0.05621847078753032,
        0.030103552640971743,
        0.14175864347910538,
        0.05339881279287197,
        0.022826808842709403,
        0.09483427851715123,
        0.0473182562480751,
        0.02274719994018926,
        0.08949976420781934,
        0.030553133981227824,
        0.05770712837294031,
        0.029250154185159992,
        0.05746619446876369,
        0.05968775614872186,
        0.06788020232881414
    ],
    [
        0.007286072903468304,
        0.005187846428178275,
        0.009176839972538233,
        0.011140293628741466,
        0.007600189368970265,
        0.0467722193182087,
        0.004789024309894562,
        0.01241589050042882,
        0.00460800191238193,
        0.0029154486789925256,
        0.02704769188758761,
        0.00974986741616515,
        0.03263637693860072,
        0.019733217980260682,
        0.17181108629908137,
        0.46619539366182994,
        0.0038456477558502103,
        0.031825286595016114,
        0.114771581993297,
        0.010492022450508117
    ],
    [
        0.008944525021830008,
        0.005714736938488366,
        0.002275193664613047,
        0.002322453895465902,
        0.001144861576869373,
        0.001549450290650905,
        0.026598696844381983,
        0.001434140246489674,
        0.012732280798349963,
        0.9216315018779969,
        0.001259811194092569,
        0.0030708692508688118,
        0.001384813917360844,
        0.001417555337866758,
        0.0014584048334872336,
        0.0008685308788629924,
        0.0013215261632163278,
        0.0018916234368551068,
        0.0013436617036419313,
        0.001635362128611256
    ],
    [
        0.0036561630854721567,
        0.007246527568401426,
        0.03007369888833283,
        0.01995501025537683,
        0.3472087555719298,
        0.024917457345415405,
        0.010832591253792654,
        0.0194221783601021,
        0.005383650657529427,
        0.004858966630182849,
        0.05333012185052304,
        0.009953291962016175,
        0.011934929443579333,
        0.08357316775159226,
        0.012631349159109429,
        0.03562116070991488,
        0.01913881563997887,
        0.07093437206996997,
        0.06955811839064338,
        0.15976967340613724
    ],
    [
        0.004427915541443782,
        0.004543746879166736,
        0.035524076711342494,
        0.1111443776855918,
        0.0416254472982838,
        0.01880974874811672,
        0.0174447248852391,
        0.03622579959824211,
        0.0071023909685460065,
        0.010701244809904744,
        0.07822829672326996,
        0.009063520383008847,
        0.01243295949327086,
        0.03690109160853662,
        0.010571915839513588,
        0.015198680038653352,
        0.010908506649312559,
        0.2744274869540297,
        0.04931155375840225,
        0.215406515426125
    ],
    [
        0.002843802255958238,
        0.007577307613531468,
        0.0870318885242867,
        0.007075368785862976,
        0.01109199844051001,
        0.5788744689733881,
        0.003351815163347658,
        0.009086648871578583,
        0.002726054159755311,
        0.0028693703570688554,
        0.006329738717239666,
        0.0216568650508525,
        0.016826616858175707,
        0.10259418531843655,
        0.040203368474707284,
        0.03528930569697727,
        0.0028212431625597974,
        0.017610351586221228,
        0.03809120023198062,
        0.006048401757561444
    ],
    [
        0.004907119542988289,
        0.00986498186753477,
        0.02072765897473332,
        0.013893898589751697,
        0.030219977807830086,
        0.03961197701336928,
        0.016258490059526575,
        0.36008663324189544,
        0.00809624463235188,
        0.006508713548529573,
        0.03406996244904367,
        0.009687885215523925,
        0.011674610840012048,
        0.14656932484956423,
        0.014280754836316568,
        0.07599153198760424,
        0.00865725209932994,
        0.06542719760930074,
        0.09347517234860274,
        0.02999061248619115
    ],
    [
        0.0020497213808760226,
        0.00416254220222251,
        0.013805858847724721,
        0.011582646633041913,
        0.017884920420899206,
        0.05804757466203717,
        0.0040196800823912564,
        0.022037240716247124,
        0.00216295886733758,
        0.001932067513947177,
        0.023527361436343024,
        0.003832612512011487,
        0.01577546572514599,
        0.0657488329988731,
        0.025077296171455175,
        0.1654497108018343,
        0.0021499414513447604,
        0.0650042391392422,
        0.4803802551025677,
        0.015369073334457658
    ],
    [
        0.006635110293257968,
        0.005701640509771047,
        0.01384937544537809,
        0.023761550732528728,
        0.012469508867098758,
        0.047057397235332386,
        0.011216084706689378,
        0.05460307536483348,
        0.005021783504296891,
        0.005132104528889367,
        0.038549048176676814,
        0.00656826848120532,
        0.01975394519546993,
        0.03988421609269473,
        0.037189536438344696,
        0.12669105106195208,
        0.004067371789264763,
        0.18325337315270518,
        0.3395714430299227,
        0.019024115393687695
    ],
    [
        0.07663253320309964,
        0.13103137931254996,
        0.028296817290689193,
        0.05201190176818489,
        0.026505715153264102,
        0.024250748653898212,
        0.1626320434608201,
        0.01665722314881365,
        0.04127499441901809,
        0.12860759574603142,
        0.017689704113410504,
        0.0551535804749076,
        0.05005640401980948,
        0.020279910669571636,
        0.036008235541652896,
        0.020285108436677322,
        0.027954339869257026,
        0.03074704962180762,
        0.030561793670371935,
        0.023362921426164706
    ],
    [
        0.0007378232777656723,
        0.0032474683407438514,
        0.8490489225898045,
        0.0064546865851574965,
        0.0214539226240291,
        0.03027659134919003,
        0.0017206572186572694,
        0.001998854877840188,
        0.0008874663396942703,
        0.001441020183858129,
        0.0024369794859742905,
        0.007736410481589931,
        0.006369002827394083,
        0.03035658555073492,
        0.005726166878184436,
        0.003933810290733327,
        0.0014645054210848738,
        0.009020912256990483,
        0.010563402997185986,
        0.005124810423386839
    ],
    [
        0.006999052425222156,
        0.029052984101190196,
        0.03963611296212825,
        0.033703528452742236,
        0.016827430502753433,
        0.05005147907456688,
        0.00829147136834331,
        0.009199161380979443,
        0.005166737987472302,
        0.0076664690829365886,
        0.007708229585133755,
        0.05853656102127393,
        0.5263154774958266,
        0.02148490991194413,
        0.08876274764044033,
        0.027932038058883998,
        0.0060460435945272305,
        0.01762045486658834,
        0.030668215897876546,
        0.008330894589170385
    ],
    [
        0.0021699209962930993,
        0.0033868727166069374,
        0.0270861251764559,
        0.748610383701792,
        0.04247434530608358,
        0.007905047428879796,
        0.006424726482169755,
        0.0064385411005296045,
        0.0022371367360027165,
        0.005497779472128767,
        0.009080485540911405,
        0.009357470873976875,
        0.024478439060034232,
        0.010117271096167373,
        0.006924257180575254,
        0.005733131260289274,
        0.009367296431624227,
        0.03438964656279826,
        0.013716559689406051,
        0.02460456318727465
    ],
    [
        0.0002294613003722147,
        0.0007914374706428202,
        0.007220087561453237,
        0.0006996778232836386,
        0.0008736814249686852,
        0.9480517261626621,
        0.000360915992565285,
        0.0010470608740457922,
        0.00025267178935391583,
        0.00026051739579225323,
        0.0007223321648931681,
        0.0008600021563692904,
        0.0014276120308977455,
        0.016376744666874776,
        0.004470797479178676,
        0.003952170754496133,
        0.00014457090046861046,
        0.0025137578257056386,
        0.00911291391623413,
        0.0006318603097417976
    ],
    [
        0.00040782190354649413,
        0.0005619798729697125,
        0.002070473069566814,
        0.001240734291106039,
        0.0014684661270309635,
        0.019813076358485858,
        0.0005107840694509002,
        0.004167649517665895,
        0.0004036539298753772,
        0.0002836431551709535,
        0.003183346486809867,
        0.0012679395780441083,
        0.0027995687842600108,
        0.01242638232791948,
        0.008570068613205925,
        0.8769554241205171,
        0.0004444987075433925,
        0.007176075344013485,
        0.054728720320528106,
        0.0015196934222892829
    ],
    [
        0.002358075867284431,
        0.005975832297919505,
        0.69067850586732,
        0.037395108147858104,
        0.030355123905039322,
        0.03339375085873936,
        0.004951956216754421,
        0.011361801685659952,
        0.0034218743314515083,
        0.006395675306469223,
        0.008008476820118134,
        0.029685231510265413,
        0.019827211290238057,
        0.04004603004602936,
        0.010562181112519069,
        0.008105967578435517,
        0.006879179158717488,
        0.021028994019477727,
        0.014652283178499986,
        0.014916740801203296
    ],
    [
        0.00215554889786103,
        0.0032074487899188997,
        0.010149684600815893,
        0.002607837096425391,
        0.002547809959680211,
        0.7487398359543666,
        0.0017541287423679932,
        0.006944191737762773,
        0.0021594141154858853,
        0.0013528048868046974,
        0.006467572906651703,
        0.0036283901136446874,
        0.00612160529287938,
        0.030879557273521967,
        0.054803474369022914,
        0.06162249298567653,
        0.0007550441566917674,
        0.010546200973500532,
        0.040409784846941854,
        0.0031471722999793727
    ],
    [
        0.0006661278391246187,
        0.0010508291377645516,
        0.006903182696668339,
        0.007803193754387803,
        0.006224455558587241,
        0.016213363754661193,
        0.002114865730835326,
        0.012575286264241824,
        0.0006404756585858314,
        0.00085549499584239,
        0.00517337172850296,
        0.0019465219246667768,
        0.004358704438823795,
        0.033401043995131434,
        0.005118140194401553,
        0.02066244391916904,
        0.0010013712842006175,
        0.46316105144821607,
        0.40466984143594764,
        0.005460234240241053
    ],
    [
        0.0061315657992042924,
        0.012289564779497001,
        0.04470259713797943,
        0.010765140715354289,
        0.011100268487337788,
        0.345654630743085,
        0.007539410266259864,
        0.055279738457501996,
        0.009400699273102301,
        0.0059667111117893655,
        0.019644046239277586,
        0.02465368123290148,
        0.021388902152060775,
        0.1468490960857492,
        0.054936355830835705,
        0.10485102386903952,
        0.004278662880893996,
        0.03104740378984319,
        0.07121349880318212,
        0.012307002345105124
    ],
    [
        0.0023850609683689784,
        0.0026414382910313135,
        0.012452533191897638,
        0.7065285740612046,
        0.008985888610045184,
        0.009135688492353097,
        0.004062018037782732,
        0.00712971778573291,
        0.0019678673957214217,
        0.0035686003536621867,
        0.007919228164806108,
        0.01189305457418974,
        0.13277201830099752,
        0.007030254035678393,
        0.014911168815603941,
        0.009511244734170005,
        0.004708744968346441,
        0.02634464763827969,
        0.01708432876147338,
        0.008967922818654673
    ],
    [
        0.0003019933363247068,
        0.00036075341341965746,
        0.0013555329742077845,
        0.002067586543147322,
        0.0021009261834730895,
        0.0017979490126583926,
        0.0005833790552549624,
        0.002100168663201233,
        0.0008173206469678516,
        0.0003609055220290021,
        0.9263657595283675,
        0.0005354928215736619,
        0.0011598368459485287,
        0.002688339022430014,
        0.0014737991045549665,
        0.003213022512215181,
        0.00047613346727905687,
        0.004554971619716733,
        0.004949451208881735,
        0.042736678518348524
    ],
    [
        0.0069728759899093965,
        0.006090406618729745,
        0.02452799972981935,
        0.37850890282063304,
        0.01687123973887509,
        0.024366194908941333,
        0.008222955652911512,
        0.012816257367855579,
        0.0046443105323324,
        0.007545985931758374,
        0.02048885254105954,
        0.018696162290438113,
        0.24967874869490458,
        0.014784048011088607,
        0.053527454395685625,
        0.025753961509203085,
        0.007833636339736475,
        0.05692428120741587,
        0.04294315008896947,
        0.01880257562973294
    ],
    [
        0.022056958118060632,
        0.04678961597749834,
        0.14536058109286817,
        0.024131027645889078,
        0.020432856264877414,
        0.22654294404167458,
        0.021089101282422168,
        0.043386011699665106,
        0.028325220421657447,
        0.03206891014717832,
        0.023622007564301748,
        0.03525568056902582,
        0.031512573143074415,
        0.09194372104042789,
        0.06013946895715106,
        0.03627217164325953,
        0.007802286897415256,
        0.03741211201755946,
        0.04538625102958118,
        0.02047050044641235
    ],
    [
        0.02717388981471901,
        0.019219965547895786,
        0.005142141873271013,
        0.006294300449184587,
        0.005854479512649473,
        0.006020802968634598,
        0.7701473714118133,
        0.008847107004668361,
        0.02883172867820084,
        0.04550773895900781,
        0.007158382999715545,
        0.007723251814830933,
        0.0043270047679898555,
        0.007644014319179151,
        0.005739902377836182,
        0.0065302707728522955,
        0.007239484102908954,
        0.0118104722855984,
        0.01029791186958896,
        0.008489778469454852
    ],
    [
        2.316781226308877e-05,
        6.275355936017522e-05,
        0.0008814588667171653,
        0.0001066631572339311,
        0.0005658109731758525,
        0.0014949536635150806,
        6.912014491705064e-05,
        0.0004803493179346179,
        3.567899779485465e-05,
        3.523348048408288e-05,
        0.00020599215383042895,
        9.826166079852901e-05,
        8.764066583800108e-05,
        0.9923822548305216,
        0.00013381360895140966,
        0.0005246324448641292,
        4.902381509219633e-05,
        0.0009705510266259527,
        0.0014958320052346804,
        0.0002968078148472106
    ],
    [
        0.0007946908093777581,
        0.0014989191722302826,
        0.005930607110293839,
        0.0060812278365831975,
        0.0068029157081572755,
        0.021653200948512707,
        0.0018716146998297115,
        0.007637838113284304,
        0.000944687034305815,
        0.0008154698027560709,
        0.013354314816608728,
        0.0019096595995734818,
        0.006309146054088013,
        0.026013302413024495,
        0.010277362368512295,
        0.0527134001375972,
        0.0009421841802007083,
        0.04525180823833402,
        0.7803524317129459,
        0.00884521924378425
    ],
    [
        0.00026506962579860087,
        0.0007746156400748078,
        0.008168569876671038,
        0.004333461689616367,
        0.9501584021446933,
        0.0019207525863575488,
        0.0009950137428816374,
        0.001168586857226986,
        0.0003582941783039202,
        0.0005723102751189842,
        0.0016803474115266869,
        0.0015809604035213803,
        0.0015792942034169963,
        0.005670105945958769,
        0.0009053474247464774,
        0.0013398103119698517,
        0.002892015169881385,
        0.004658147500692862,
        0.0032367312833746762,
        0.007742163728168151
    ],
    [
        0.00825710227737372,
        0.012754027898762252,
        0.03747858377349107,
        0.026770756863857083,
        0.010374876175390305,
        0.10910199153778402,
        0.005154231321738516,
        0.008744453263823022,
        0.006209602755110198,
        0.005854595900488094,
        0.01624180537605719,
        0.017231962977011028,
        0.18416103391195865,
        0.020536573536724684,
        0.41738997459642585,
        0.03955106842701454,
        0.0031893314983222547,
        0.02035033686220238,
        0.03999920214790888,
        0.010648488898556322
    ],
    [
        0.0006087644189943969,
        0.0005956715126271654,
        0.005387958970870561,
        0.009356577746428169,
        0.0064456917315012215,
        0.004644130609117885,
        0.002208190009723485,
        0.019766870440076755,
        0.0006626608604616555,
        0.0010344818821037478,
        0.0059142190147756235,
        0.0017306717168125729,
        0.00197715887041045,
        0.01472663209665641,
        0.0018746916952029889,
        0.005370880892518832,
        0.0020712557196168155,
        0.8867473687882826,
        0.019666818520069636,
        0.009209304503748886
    ],
    [
        0.004193304536103696,
        0.01036384920261221,
        0.018075564529768193,
        0.010690804711450345,
        0.008285911261569686,
        0.17583800473323188,
        0.005150117404584836,
        0.015786500580044004,
        0.0033197122812734076,
        0.0030526350494353557,
        0.00855372526532176,
        0.018018631454569434,
        0.06753842749429864,
        0.04478925173267745,
        0.16934053845898953,
        0.2700082149170363,
        0.0026101917513013965,
        0.02673616595705721,
        0.13162976090115464,
        0.0060186877775199425
    ],
    [
        0.00020701952342279224,
        0.0003672361679704875,
        0.0014378807595221011,
        0.0015765867062181582,
        0.0033230913430706073,
        0.0008652293205782109,
        0.0007134444125307821,
        0.000884318059516127,
        0.0008101154821554646,
        0.000428824251825688,
        0.0195693667010764,
        0.000463956552737688,
        0.0005686383671070046,
        0.001793501956670007,
        0.0005649175103512377,
        0.0008084037498448792,
        0.0005169006779133807,
        0.002292323836889012,
        0.0017133585679139493,
        0.9610948860526859
    ],
    [
        0.0006863698838279884,
        0.0007769098930633327,
        0.0033127949304024976,
        0.0031993487257367015,
        0.0019344020113528514,
        0.004660653470707371,
        0.0019726567735620275,
        0.9332149458710073,
        0.0011163989664439136,
        0.0012287704607386795,
        0.003944050804306124,
        0.0015546869645768097,
        0.0016670619849717247,
        0.010321426450549174,
        0.0017254070663637851,
        0.004843973095003232,
        0.0009908701346586332,
        0.012688094054684467,
        0.007104602196928054,
        0.0030565762611151834
    ],
    [
        0.012755518602314206,
        0.01642269569052809,
        0.016414511034922176,
        0.03738581031012228,
        0.010833357382900389,
        0.03414424368008688,
        0.00865925298584281,
        0.009547127398970633,
        0.0076336408969585575,
        0.007448844548852614,
        0.01574408079868946,
        0.02369413934405154,
        0.44406272197230234,
        0.013651114362030247,
        0.21915974940872368,
        0.04515312606566397,
        0.005416257995139474,
        0.020732597178404956,
        0.040215784348822496,
        0.010925425994673126
    ],
    [
        0.00018738829677983457,
        0.00021029173059772152,
        0.0024940654221516463,
        0.0037014739363532977,
        0.0027668361591144334,
        0.0029277043927386052,
        0.0005356814544059202,
        0.006892204124403733,
        0.00019911403053670925,
        0.000267662690397004,
        0.0026532850168737568,
        0.0006671279727366547,
        0.001056044162585832,
        0.00959615152046135,
        0.0010140844277430569,
        0.004037895725526024,
        0.0005877694962811325,
        0.9367964087362632,
        0.020220645533361056,
        0.003188165170689088
    ],
    [
        0.0009742045256234527,
        0.0018161499289891926,
        0.012588182878491458,
        0.009346256438782733,
        0.02952233355180774,
        0.01029201440518894,
        0.0036749296891934796,
        0.016219858538210695,
        0.0027244157491979216,
        0.001746901599029932,
        0.12044432539086594,
        0.0033421176464552495,
        0.003793697084546514,
        0.04721235732932672,
        0.004102680821917728,
        0.011946167536641891,
        0.003268880156490368,
        0.04205665659956219,
        0.03342245552971097,
        0.6415054145999669
    ],
    [
        0.005830539353542472,
        0.015366069785661117,
        0.028130637441851056,
        0.01951347865736659,
        0.02521023338625012,
        0.09326885776461107,
        0.0158183680542086,
        0.022900183467306757,
        0.00359072265976535,
        0.005685598827349543,
        0.009659547338288603,
        0.016782257886921906,
        0.03378858350349959,
        0.08897528764516766,
        0.04441316464163799,
        0.10524670726805854,
        0.005416317875328581,
        0.11198226778066687,
        0.3376940549821523,
        0.010727121680365222
    ],
    [
        0.0016013312599942263,
        0.001377933519124875,
        0.003835873278336164,
        0.0032892570604529845,
        0.003108063991021581,
        0.023251095244714227,
        0.00199911703325257,
        0.014976112038175,
        0.0013021983300361894,
        0.0009565865765241825,
        0.008227502313196302,
        0.003677539664307267,
        0.005277679964985493,
        0.020684613462182505,
        0.015674241491717124,
        0.7392088482464138,
        0.0015707048739349147,
        0.030886781400318884,
        0.11518546314710403,
        0.003909057104207809
    ],
    [
        0.005274515100809036,
        0.015791239274388694,
        0.5159194032684025,
        0.02249363973984058,
        0.03162724223319776,
        0.094649773750463,
        0.010368115425885626,
        0.021675650734480835,
        0.008069814495606007,
        0.01362091201614918,
        0.01431648441139167,
        0.01669438388143174,
        0.015904649191253988,
        0.09669558718759687,
        0.01770161009087881,
        0.014059614877165234,
        0.005417214905478332,
        0.031885291071966464,
        0.026412086081750528,
        0.021422772261863204
    ],
    [
        0.031017544027708534,
        0.16025466682230666,
        0.04606659214628975,
        0.020153617569396064,
        0.027737877597833378,
        0.06140389681563459,
        0.10530543704496698,
        0.0801725514853471,
        0.05125992663968788,
        0.06259626772309694,
        0.02031928179649784,
        0.042354446243219386,
        0.02341649618561287,
        0.08081370680360571,
        0.029299526395812726,
        0.03799316002289685,
        0.016503015911624952,
        0.03602938203049017,
        0.04519465534015366,
        0.022107951397817956
    ],
    [
        0.0019529193766023337,
        0.0031365743929234803,
        0.01638505176045022,
        0.02389240274042786,
        0.019367088431921996,
        0.008681794943708031,
        0.006257160371279078,
        0.011869505803028013,
        0.007427703813107728,
        0.004845452199293325,
        0.14046531914954777,
        0.003988368587898468,
        0.006006490755173774,
        0.01521390469304103,
        0.005304395128494631,
        0.006524384066916078,
        0.0036810888116062604,
        0.023391242999476838,
        0.014621435433889574,
        0.6769877165412135
    ],
    [
        0.0035218244652498896,
        0.008753976110789142,
        0.1732656793431052,
        0.031076959660868726,
        0.022415516805074507,
        0.15094979417561938,
        0.00810436160902025,
        0.11587214785212482,
        0.00563968484752897,
        0.007191887280629561,
        0.017873067177373084,
        0.01986612504460253,
        0.026173194744515203,
        0.21481138450781787,
        0.022233473100059447,
        0.032825622827190155,
        0.004990983328649763,
        0.0566801030762721,
        0.05920053324036084,
        0.018553680803148554
    ],
    [
        0.00013550702470317355,
        0.0004535574751332536,
        0.005231016173706264,
        0.002016441511366561,
        0.9703992017744788,
        0.0010469725317521373,
        0.0006671243172731944,
        0.0007522303181750342,
        0.000207562482085705,
        0.00034064264323555314,
        0.0008189097699051439,
        0.0010945215913302324,
        0.000730839030727556,
        0.004354537786909467,
        0.0004290567438274513,
        0.0006944726200431899,
        0.0018512789110896786,
        0.002732365058684518,
        0.0017530596421740322,
        0.004290702593398854
    ],
    [
        0.006964310819453268,
        0.0041140401225105315,
        0.0022279376218381237,
        0.0013599783621144875,
        0.0008076378529839386,
        0.0013934603239331266,
        0.013389766562300849,
        0.0010635504660882222,
        0.00905426597241075,
        0.947312168285812,
        0.0008073340327401789,
        0.003257507116690757,
        0.0008657699612683083,
        0.001244089901572886,
        0.0010658123187794132,
        0.0006309245010993772,
        0.001051408182744605,
        0.0013726944903302046,
        0.0009602027342626487,
        0.001057140371066072
    ],
    [
        0.0012132639300257322,
        0.0018401391663299712,
        0.00647813584203236,
        0.0061909019372761035,
        0.011610111857498228,
        0.025100908624381333,
        0.0021342158951205207,
        0.00815784286347644,
        0.0012817741256514353,
        0.0009645492077923863,
        0.022398179121503995,
        0.0029895073853118508,
        0.008995590341006278,
        0.03246054522740627,
        0.017720086531681917,
        0.30841529678393415,
        0.0018108938575485123,
        0.04863437305693892,
        0.47854452070802367,
        0.01305916353705983
    ],
    [
        0.20224994561087198,
        0.04953266287238785,
        0.011441853288617295,
        0.008685639396426451,
        0.0053848576056256614,
        0.010423994894150877,
        0.15580674165425953,
        0.005338258722844563,
        0.018996773389947402,
        0.4320774722772286,
        0.003804103315419942,
        0.032406843120492496,
        0.007933780092591658,
        0.007734881511206026,
        0.010826021020696311,
        0.005573720330330454,
        0.008183062552121756,
        0.010490787522951874,
        0.00837971364626959,
        0.004728887175559646
    ],
    [
        0.0008086243652260375,
        0.0021281798843935254,
        0.013203036981369619,
        0.02020610124373183,
        0.003715907665978865,
        0.009166587143814155,
        0.0010561303544827673,
        0.0013312222888103762,
        0.0006969313780331817,
        0.0010826899301716625,
        0.0017897060153109002,
        0.00965650899108416,
        0.8963520840670446,
        0.0036611689525161556,
        0.017447475592540364,
        0.003933103541759369,
        0.0009773686633446441,
        0.004449174406001474,
        0.006196201039990709,
        0.0021417974943954486
    ],
    [
        0.028389718011650456,
        0.026363602930185363,
        0.035651674941035154,
        0.19122869851778646,
        0.03131340564739608,
        0.023059101042446326,
        0.12050319692247999,
        0.03540057580688579,
        0.024618235791247955,
        0.10785275118823391,
        0.02422696684868782,
        0.04901583892014775,
        0.05815451130336139,
        0.02508073148477501,
        0.026555754216154973,
        0.02058286817169263,
        0.031584873554989734,
        0.06955292432108891,
        0.035260802088128304,
        0.03560376829162595
    ],
    [
        0.005607881728751505,
        0.004367096458685419,
        0.031094199883468763,
        0.061275135959095006,
        0.02886182005686149,
        0.031032319268855215,
        0.011219505861252038,
        0.014494533194706333,
        0.0029011461155551417,
        0.006011152858337709,
        0.01284893534902865,
        0.02028672081896978,
        0.023845715786120745,
        0.03477030162187564,
        0.02314359823762073,
        0.031157560791640032,
        0.014522139036139888,
        0.5267365073538671,
        0.09795425499739542,
        0.017869474621773417
    ],
    [
        0.0015828206250407214,
        0.0021305017822215106,
        0.005156488784523552,
        0.004451935070934003,
        0.0026687367070185397,
        0.06179323197012257,
        0.00135522187344659,
        0.004323966744851283,
        0.0012550097630199622,
        0.0008841289003437894,
        0.0068910115392030145,
        0.0038932292100379443,
        0.0281861775919976,
        0.010975318576511038,
        0.3903151661468334,
        0.3740150033506459,
        0.0008222936623654378,
        0.011850719023913714,
        0.0843532760893005,
        0.0030957625876687463
    ],
    [
        0.015986107520175392,
        0.019332573183143586,
        0.04009931574082826,
        0.01692955673904559,
        0.0071072118973714085,
        0.13232896439693462,
        0.006767585110701806,
        0.006609022664410068,
        0.010716543896085538,
        0.009294540370425411,
        0.012882260431532788,
        0.02761491040333301,
        0.06450282033586935,
        0.018129186300050358,
        0.5277672319432478,
        0.02536720614082008,
        0.0029826835527509213,
        0.01667519995215432,
        0.030097214934495804,
        0.008809864486623799
    ],
    [
        0.016782306802119357,
        0.016226484191892886,
        0.03310758156750947,
        0.03387213193607024,
        0.03623044184623241,
        0.04054688603470342,
        0.03173826349931394,
        0.04184046015538149,
        0.01187957945673871,
        0.015311654208116577,
        0.020895925760318207,
        0.18044125306992936,
        0.03456321183646353,
        0.056672471652809434,
        0.034008288892522595,
        0.06822254971099478,
        0.16145427805226384,
        0.0701375211946584,
        0.07219584623247624,
        0.023872863899485074
    ],
    [
        0.0012384636132043555,
        0.0019114770338480394,
        0.004972443330091262,
        0.004463760642894476,
        0.016565040018667442,
        0.0022985789216397865,
        0.00474248940450717,
        0.0022344774331699113,
        0.0012412706168697311,
        0.0023390304948638974,
        0.0020789976392710137,
        0.010304921373773257,
        0.0022125208417649827,
        0.004809329948423721,
        0.001611178407154938,
        0.0023002517389262675,
        0.9200886007976818,
        0.0056891364301383295,
        0.003668517710763285,
        0.005229513602346232
    ],
    [
        0.0018729649849060597,
        0.004988375336740507,
        0.041868965413227696,
        0.012617752557077715,
        0.19255262913134583,
        0.03721274266009354,
        0.006366800423279248,
        0.02719042801408079,
        0.002708654027570044,
        0.002955920250832262,
        0.02201177204526854,
        0.005810441559166374,
        0.007929001859434452,
        0.3720543382519686,
        0.008679986909769297,
        0.030245585956830995,
        0.005663118684103804,
        0.08226675043575674,
        0.08661515798301773,
        0.048388613515529796
    ],
    [
        0.0017214918186683372,
        0.005830358466866906,
        0.13415770687854023,
        0.0073628771974416675,
        0.0862664645404491,
        0.04964383483149489,
        0.005220529346844468,
        0.012183438261441948,
        0.002488629411762658,
        0.0031421856529811293,
        0.008340033227763572,
        0.009239029405667626,
        0.005537559120908942,
        0.5636045358279725,
        0.0069507095597894815,
        0.01358826472503593,
        0.005232749152126709,
        0.030420889124414634,
        0.03085269988758095,
        0.018216013562248175
    ],
    [
        0.0014592323233335285,
        0.0036825353396003563,
        0.0656509526053227,
        0.06963222514081328,
        0.17058506657582345,
        0.02733922844937311,
        0.005508777232547555,
        0.023391520731870126,
        0.002755143471053779,
        0.003042366883237306,
        0.04469372551423721,
        0.008292768663987302,
        0.01890950394050235,
        0.10588004479731997,
        0.010210028020558228,
        0.02110460628026268,
        0.005253055556843817,
        0.13149609993044148,
        0.08460340545214805,
        0.19650971309072382
    ],
    [
        0.016505766313095898,
        0.010873830595719568,
        0.00855492405994579,
        0.005744824738026767,
        0.004100621654149286,
        0.06368523442945183,
        0.005212955056850385,
        0.005400282213337238,
        0.007885775225838583,
        0.0039541173329686015,
        0.01289832733008865,
        0.008882349034079935,
        0.020072735836751444,
        0.012671921642444397,
        0.6823748889635534,
        0.06967808575321872,
        0.001906785434413737,
        0.01310003992369911,
        0.04061788608693311,
        0.00587864837543362
    ],
    [
        0.00041628238714612,
        0.0007066778363166156,
        0.0018651007621966341,
        0.006605716020859025,
        0.0010871411801146372,
        0.002757237127357581,
        0.0004468936186941626,
        0.0005996119234137258,
        0.00031812047214481074,
        0.00037859602742096635,
        0.0010557724339344144,
        0.0022329301343083667,
        0.9574214038755301,
        0.0011451139810165591,
        0.013295965316478984,
        0.002810843588927723,
        0.00038244133949933676,
        0.0020216311469484958,
        0.0035261142247734146,
        0.0009264066029180853
    ],
    [
        0.0031161741782856278,
        0.0024031675589282118,
        0.0040803018272234474,
        0.004304575165148354,
        0.001482748699885761,
        0.017591499808893612,
        0.001346710462256469,
        0.001774728558325641,
        0.0018020773471517644,
        0.0012973164457927998,
        0.0037199311944749493,
        0.006664300294560531,
        0.0360123060920815,
        0.003531118093331487,
        0.8773488776880681,
        0.015236457657397494,
        0.0007855118395411673,
        0.004853380495264438,
        0.010647107570987446,
        0.002001709022401072
    ],
    [
        0.0017258047611504285,
        0.001973995526819174,
        0.0028976263735256617,
        0.0026768977160998735,
        0.0021455671684871367,
        0.023225136090835843,
        0.001500811739568107,
        0.005069690650045542,
        0.0013867002195192435,
        0.0008201601798960139,
        0.006450535352701671,
        0.003156748362000151,
        0.009930436925565297,
        0.008824552468430766,
        0.05864363268158532,
        0.8000593382905685,
        0.0009079245211793265,
        0.008777398267245108,
        0.057174286960033224,
        0.0026527557447435547
    ],
    [
        0.0006189776984300874,
        0.002426778920732914,
        0.8593201760848505,
        0.007628547268404656,
        0.04580792340065283,
        0.012603380950015806,
        0.0016650324166423297,
        0.002245640814800095,
        0.0008311002548767749,
        0.0015114540114653644,
        0.0023747916038820817,
        0.006005669222103735,
        0.004660909580088855,
        0.023606948398801855,
        0.003105265906400089,
        0.002715518691612677,
        0.0020167144285759904,
        0.008007080067030313,
        0.006386792293699357,
        0.006461297986933703
    ],
    [
        0.000804837662622658,
        0.0012464042941453032,
        0.012358326269784486,
        0.9005439819536555,
        0.010168131466048901,
        0.0035915567703780843,
        0.0025646056955088378,
        0.004819677497912019,
        0.0008519619030010712,
        0.002333162634576866,
        0.0030165800084479793,
        0.004840903938040613,
        0.011861516906359419,
        0.004818890134046109,
        0.0026799764051519976,
        0.002503288639040569,
        0.003565126166781507,
        0.015541294686317179,
        0.005728083066166642,
        0.006161693902014469
    ],
    [
        0.005417382402193419,
        0.0066522213383810045,
        0.032366350019308446,
        0.05680066157635715,
        0.01770327559977385,
        0.02972540622981965,
        0.030057641869583356,
        0.27879161749282083,
        0.0077038477114436486,
        0.015478441705831403,
        0.025135271175906797,
        0.010643878916158468,
        0.014203220074409053,
        0.05828279449606408,
        0.012295409023807916,
        0.021001766008291452,
        0.006104141213600871,
        0.27876313383802065,
        0.06282176421488697,
        0.03005177509334095
    ],
    [
        0.007697432020075966,
        0.007844772783508232,
        0.14557615036319463,
        0.10919869793174485,
        0.03185099802307544,
        0.06261106025479077,
        0.01945381667753414,
        0.05643718065801372,
        0.007763159874572743,
        0.019052618319572532,
        0.02647221989707378,
        0.02690848768360375,
        0.025060004958834172,
        0.0797994919392287,
        0.02243168686556922,
        0.023322443254468243,
        0.012657371191168039,
        0.2186555270873942,
        0.06215762555805499,
        0.0350492546585219
    ],
    [
        0.00027300642965886866,
        0.00043765763117654906,
        0.0009313080415702458,
        0.0008426793561139155,
        0.0008090194365014647,
        0.007075546121224097,
        0.00040048887525800193,
        0.002294420700902303,
        0.0002943562540018108,
        0.0001899593499866416,
        0.0021753338320284355,
        0.0007393206228315802,
        0.002325707953027509,
        0.004631344498798863,
        0.006533523467457803,
        0.9125215170110468,
        0.00023885094981315787,
        0.004024337172337601,
        0.052283438078439895,
        0.000978184217824455
    ],
    [
        0.06172756386590728,
        0.31333684006331874,
        0.022291843768076636,
        0.012758734907585894,
        0.018446903231119662,
        0.05894221626984408,
        0.05762100001763997,
        0.018985120567974984,
        0.041580381204455424,
        0.025418119440777823,
        0.01818631487435333,
        0.03967461617031286,
        0.028832771245718633,
        0.039855824719144006,
        0.07208484026352774,
        0.06375544470739783,
        0.011425094880416497,
        0.024783871346106677,
        0.05459800340959391,
        0.015694495046727992
    ],
    [
        0.794290342561969,
        0.02276082445664187,
        0.005890723341916458,
        0.0035090370545003036,
        0.0030240926942988193,
        0.011545441454860764,
        0.018594612862829988,
        0.00441101670220269,
        0.039691716042409224,
        0.022396931518190843,
        0.005168308905938684,
        0.012039427575800775,
        0.0049346069030452265,
        0.0064757136622261985,
        0.015289470209193093,
        0.008076688063605423,
        0.0038324683166596155,
        0.00631466777441872,
        0.007784003085120043,
        0.0039699068141724955
    ],
    [
        0.006830717420830576,
        0.008107011220976266,
        0.003934063421196337,
        0.0029072115996669427,
        0.004318836669752935,
        0.0036465107033546427,
        0.8927137426627537,
        0.005806323180768151,
        0.005147955064844166,
        0.021710614412866282,
        0.002274500430348504,
        0.005470468119848155,
        0.0017440287302506793,
        0.006641715548803767,
        0.0021785298641223668,
        0.0030368461929941516,
        0.006451709915913587,
        0.008099692627545512,
        0.005490881518769515,
        0.003488640694393768
    ],
    [
        0.008305544979166498,
        0.010256937762935535,
        0.05500748677639902,
        0.0385495912233792,
        0.1840347700215301,
        0.03852755664576401,
        0.022890732338510387,
        0.01729451372222097,
        0.006817854925784362,
        0.01053447011419413,
        0.03637104114856868,
        0.017507520167926307,
        0.01644555858180858,
        0.07558596448437492,
        0.02081023131658733,
        0.032881117300755595,
        0.03038730391581683,
        0.19067941946665065,
        0.0992170718044656,
        0.0878953133031613
    ],
    [
        0.0006885651011749894,
        0.0011219027466081502,
        0.0024640865136625386,
        0.0024187026082120467,
        0.0021401595008301256,
        0.01786958499340957,
        0.0010498454453378215,
        0.007461934379893846,
        0.0006740957033248849,
        0.000498370994316403,
        0.004720201326888427,
        0.0016728017346656194,
        0.0061040678945955065,
        0.011841361448023661,
        0.01389719799960304,
        0.7562859714254274,
        0.000608538219901781,
        0.01128913046660114,
        0.15492458554830194,
        0.0022688959492210108
    ],
    [
        0.0060461152790999995,
        0.007361783669457013,
        0.014316527375649857,
        0.03533665149667786,
        0.007469868104349016,
        0.03585815036030142,
        0.004934067377509822,
        0.011609981428360637,
        0.004370911200319057,
        0.004315664569012236,
        0.013088298946144503,
        0.01685680597997174,
        0.5337019990107927,
        0.01316072204451923,
        0.16809251039364856,
        0.05116394315321287,
        0.0035144850883535046,
        0.020501651023024144,
        0.04036820724043677,
        0.007931656259159035
    ],
    [
        0.011743517843195843,
        0.0155754334472328,
        0.007451159942445964,
        0.004311062689190666,
        0.004341869403918324,
        0.005976528875267628,
        0.0267406520602665,
        0.005218749406106502,
        0.8117087366768309,
        0.04824896955538145,
        0.009360770488296637,
        0.006656448277822527,
        0.003068590234968575,
        0.006559533958052737,
        0.004510530626455519,
        0.00348164131885182,
        0.0034452656060326484,
        0.0054250073410583985,
        0.0048384346543705005,
        0.011337097594254037
    ],
    [
        0.00024708217787972807,
        0.0006643360706220014,
        0.010440813081181034,
        0.0011080978203793998,
        0.004056308752425313,
        0.012867407428689198,
        0.0007475625462211567,
        0.007656115333960764,
        0.00041150963719481845,
        0.00042982486677982005,
        0.0017836763832366049,
        0.001108137874916719,
        0.0008597575985697718,
        0.9341711254067354,
        0.0011879180318775328,
        0.0037339228481706793,
        0.0005079608503781347,
        0.007239136096422984,
        0.008331993015034598,
        0.002447314179324353
    ],
    [
        0.00036317293533852835,
        0.0008465295560117093,
        0.0031486291208510375,
        0.01102624043624018,
        0.001750756230965129,
        0.004015709569668662,
        0.0005653818009003,
        0.0011764621490789671,
        0.00030905144105788994,
        0.0004438839490465584,
        0.0010492134957154964,
        0.002519338956873024,
        0.9496313407906057,
        0.002070197120371764,
        0.007567904776228465,
        0.003615912427569222,
        0.00045953433841858384,
        0.00319243851841703,
        0.0051900357187214035,
        0.0010582666679203724
    ],
    [
        0.013232147469495185,
        0.01003497100017198,
        0.029847345583068074,
        0.03518364687135745,
        0.03809262231692652,
        0.027920110617771755,
        0.04632078882272069,
        0.06878849681096151,
        0.01492628860288018,
        0.018285728929620423,
        0.03413290424510813,
        0.07274423820857999,
        0.01701453352997667,
        0.06177700647236903,
        0.01814512970765408,
        0.042336649789556806,
        0.2129744380512943,
        0.12713754296888372,
        0.0638121563096737,
        0.04729325369192979
    ],
    [
        0.0001401840966850325,
        0.0004497795962646406,
        0.0034438726129281502,
        0.0019190519494410717,
        0.975055662708259,
        0.0009326471066000836,
        0.0006133837747166936,
        0.0006238454864295394,
        0.0001976258271383131,
        0.0003154745242175477,
        0.0008813389700193354,
        0.0006961331197696591,
        0.0007238650292944148,
        0.003002125235840196,
        0.0004383548545660738,
        0.0006801271549358991,
        0.0012689938247209631,
        0.0024609164423210488,
        0.0016960466593062614,
        0.004460571026546234
    ],
    [
        0.0009792676006573622,
        0.0014002718222318172,
        0.006796237230029243,
        0.008368632591011753,
        0.004881443176491131,
        0.04341324185556679,
        0.0015184043578005829,
        0.014612774367106956,
        0.0010372523144738996,
        0.0008636886107276072,
        0.01659835094172465,
        0.0022672437535728404,
        0.014135120259532315,
        0.025190822703412465,
        0.025320813997559765,
        0.248698151930304,
        0.0009165468156515327,
        0.04911025476229005,
        0.5271430228807817,
        0.006748458029073486
    ],
    [
        0.0027626230269686023,
        0.0019969138962686677,
        0.007690679767103217,
        0.01106342763844687,
        0.005832628400633239,
        0.033547080575552224,
        0.004039427371810862,
        0.04327759865801612,
        0.002067378103921929,
        0.001968938613640986,
        0.018213266625972432,
        0.00541552514040804,
        0.010724042350565842,
        0.03074200034967165,
        0.022746674406521745,
        0.25094274390870935,
        0.0028193690109850505,
        0.19402566541542582,
        0.3416386976812514,
        0.008485319058126056
    ],
    [
        0.004322182568204794,
        0.003083185438496332,
        0.009963104427318714,
        0.010963737315077753,
        0.007479030364685371,
        0.055563887254043334,
        0.003627275805867729,
        0.009360152776982909,
        0.0026423532019729155,
        0.002098819923926034,
        0.021959721707881307,
        0.00818340018908617,
        0.021646503957070726,
        0.022903452772111046,
        0.11716847047118042,
        0.38017663395615986,
        0.0031877335044685445,
        0.06013194190797029,
        0.24553640788105885,
        0.010002004576436912
    ],
    [
        0.0004362011911635421,
        0.00068367930749819,
        0.006166187785686278,
        0.004317999875671797,
        0.005368324311185224,
        0.025215056854967815,
        0.0008653158405805975,
        0.0057111169309499,
        0.0005174208911166022,
        0.00044511471941235795,
        0.009543715902296893,
        0.0018653631096088702,
        0.004562066899824358,
        0.03911903239257078,
        0.0076236614516014,
        0.07188574722688217,
        0.0007982689304739378,
        0.05745746985521591,
        0.7509218671613498,
        0.006496389361943566
    ],
    [
        0.0033446044423416288,
        0.005530418864370107,
        0.022066661802329753,
        0.026134103844011384,
        0.0897148073512056,
        0.01063396429253837,
        0.00981481644535949,
        0.010588347001142742,
        0.00835717204267174,
        0.006652405245545581,
        0.07637208300960634,
        0.0076067427386096375,
        0.008909485375623792,
        0.021042866870880923,
        0.007455145929073433,
        0.01007541990058943,
        0.015250000099858803,
        0.027089682021708108,
        0.018585734842392523,
        0.6147755378801406
    ],
    [
        0.001007079239668924,
        0.0014549519704768297,
        0.003034432147454765,
        0.0018351431259864424,
        0.0008543004999811006,
        0.0019421964854168664,
        0.0010450589558646058,
        0.0005860127767358541,
        0.000637971398931342,
        0.0014169830567829266,
        0.00045094802556007744,
        0.9737190594413825,
        0.003308781968342052,
        0.0012083279034587012,
        0.0022106595082647122,
        0.0009352995729342858,
        0.0014496820779913984,
        0.0011832555613814735,
        0.0011489032320692368,
        0.0005709530513161911
    ],
    [
        0.0031475593191105894,
        0.01331279796541134,
        0.025785016685102323,
        0.007990500359022969,
        0.02248309193415851,
        0.17570911085342197,
        0.006800449564028699,
        0.01624227830471757,
        0.0030598340829558145,
        0.002961621804209733,
        0.010428396741778256,
        0.00911925900626629,
        0.0168122924506835,
        0.185502885108603,
        0.03561438517741511,
        0.14541032236361873,
        0.0030116682587481842,
        0.03731747831302632,
        0.26922025961050444,
        0.010070792097216648
    ],
    [
        0.003650945327097948,
        0.0029853396666530427,
        0.007908993926010027,
        0.01242728860591357,
        0.008356132152055079,
        0.0270707696780129,
        0.006880436345831213,
        0.03162926359412689,
        0.00266082182466765,
        0.0026187808331436177,
        0.01813094207508078,
        0.006260577804386254,
        0.011634976478061432,
        0.030902527706886986,
        0.02195299477780302,
        0.17238636561226126,
        0.0036911719039348185,
        0.24191625377221151,
        0.37563284111724077,
        0.011302576798621154
    ],
    [
        0.0006601680455129678,
        0.001464723902274412,
        0.015286071188987371,
        0.0024636857374004976,
        0.0028520548847577143,
        0.8459750133972778,
        0.0008214463029956443,
        0.002895273214922817,
        0.0006585813343996266,
        0.0006258031901117309,
        0.0032317457290962246,
        0.00180804047667522,
        0.0052371419343949,
        0.030878751185575516,
        0.020070418657342513,
        0.018378018414830298,
        0.00042100839645185594,
        0.009827186084624316,
        0.03406919257189679,
        0.002375675350471772
    ],
    [
        0.009696768004359231,
        0.007741932366065695,
        0.04092091623486377,
        0.10451759029788847,
        0.05494893129094125,
        0.0209675467414136,
        0.049964307210822456,
        0.06028654764112528,
        0.008896392076171775,
        0.025785561019062073,
        0.027142535345849237,
        0.021171250513974865,
        0.015623253973208552,
        0.04429925165148658,
        0.012145781323575426,
        0.018708730582881555,
        0.051516186814932904,
        0.3198627744400136,
        0.04624207701082514,
        0.059561665460538496
    ],
    [
        0.0005228949791872525,
        0.0007010307857373745,
        0.0050683509384390315,
        0.007143090518657541,
        0.005805666325422017,
        0.010661871892419059,
        0.0014351990594994575,
        0.013022594138697142,
        0.0004724014075596823,
        0.0006405906341806603,
        0.004635828008922171,
        0.0014339267354332094,
        0.0037942723055269328,
        0.023853033998500223,
        0.003895310956365235,
        0.01966715815627836,
        0.0009172256458528737,
        0.7372506421646052,
        0.15440927867250928,
        0.004669632676207404
    ],
    [
        0.0006430308026762562,
        0.0013525855756028702,
        0.006945444144796903,
        0.0026007429804670358,
        0.006702862529574419,
        0.05455206677800842,
        0.0013007402484165823,
        0.008675579596035321,
        0.0007803566837222423,
        0.0006002611523498154,
        0.0073954312446556265,
        0.0022781940662893892,
        0.0038471907259344284,
        0.15872318964779417,
        0.008850480551774715,
        0.22369253319427718,
        0.0009549341883097671,
        0.027115402651020384,
        0.477595975869045,
        0.005392997369249454
    ],
    [
        0.0016723334212540152,
        0.0010614880218461345,
        0.0005756924916741276,
        0.0004279990239649288,
        0.00022279854967643964,
        0.0003540639874049202,
        0.005347653393431324,
        0.00029383950198826807,
        0.0018537646784462895,
        0.9847716471228776,
        0.00021141513250920357,
        0.0009285130965095839,
        0.0002516768866077228,
        0.00032485015858841487,
        0.0002826019919810685,
        0.00016903305304654314,
        0.00030111929505030345,
        0.00039620735917078327,
        0.0002703823553072625,
        0.00028292047866484017
    ],
    [
        0.0010159484087561318,
        0.003235938334539233,
        0.8798993844388789,
        0.01384316630540874,
        0.010658240073022296,
        0.01585557654286313,
        0.00227219780602132,
        0.00389402067851021,
        0.0015205068501752703,
        0.0032469305972306042,
        0.0028980861780747683,
        0.009877857975260543,
        0.007715002005963327,
        0.015857433632460255,
        0.004446818951168624,
        0.0028434020010905067,
        0.0019104111465754112,
        0.007849860589747775,
        0.005659815682085842,
        0.005499401802167069
    ],
    [
        0.008991926284291024,
        0.013847315220285582,
        0.015902079646875525,
        0.010170603028018777,
        0.00621477600976158,
        0.08997344197554723,
        0.004640987273869207,
        0.007796255088253407,
        0.005147199985068741,
        0.004112644811454691,
        0.008673589278264627,
        0.020999143838021782,
        0.08828835195195976,
        0.017214068488989886,
        0.5688052200286495,
        0.07098788762898932,
        0.0028824988929709817,
        0.013252633308407261,
        0.036664388065513503,
        0.005434989194807642
    ],
    [
        0.004042292310292176,
        0.005322654727283454,
        0.014337278587395743,
        0.02167272825047447,
        0.01715950641252016,
        0.021982861345485705,
        0.007906376395722791,
        0.03094536716874211,
        0.010045338690275716,
        0.005045417861387717,
        0.5568831978467763,
        0.004501788510834386,
        0.012649424980394114,
        0.027023167815800393,
        0.016631022841492534,
        0.030054684358437153,
        0.003581079140363627,
        0.04199712643101615,
        0.05232083167567494,
        0.11589785464963026
    ],
    [
        0.0008233773104822657,
        0.000955627017109711,
        0.0031176133300009246,
        0.004515421005570582,
        0.002827492390444322,
        0.004533228510741313,
        0.0027382277677212,
        0.9146265139177665,
        0.0011637167804436333,
        0.001355290741256947,
        0.005213582576578775,
        0.0015448817957721273,
        0.002163035138443095,
        0.010365865352723064,
        0.00203375040375667,
        0.006822792348049728,
        0.001344788668119421,
        0.018626060829523523,
        0.01114596260887477,
        0.004082771506621342
    ],
    [
        0.07825638384570191,
        0.05666867812668272,
        0.025785624797423804,
        0.06292494527529167,
        0.019788868908291967,
        0.027520994591571545,
        0.1158515699679131,
        0.02699226828669841,
        0.05271676969959301,
        0.10061977118262282,
        0.02289258034820709,
        0.10332041668304873,
        0.07733813717980774,
        0.022325520334752526,
        0.04949323059470691,
        0.030053729883195966,
        0.03036976227202114,
        0.038034887707689466,
        0.03558631320337228,
        0.023459547111407294
    ],
    [
        0.003658747769483148,
        0.006802673585370462,
        0.018962030912761885,
        0.006614633722153665,
        0.007287884466389458,
        0.0075739695501510175,
        0.005690097856400862,
        0.002335471381368694,
        0.00224624100248371,
        0.006272720750043752,
        0.0018186002372840761,
        0.876127858723693,
        0.007389965425002465,
        0.006985533692903597,
        0.005714253929510283,
        0.0035161066788515515,
        0.01717538253060579,
        0.00588521629509001,
        0.004937603504314959,
        0.0030050079861376976
    ],
    [
        0.042287235318246144,
        0.012323196936694017,
        0.028262692615290276,
        0.0607019328526136,
        0.024980055472060194,
        0.04286148709580014,
        0.04034085417311734,
        0.04033718290133508,
        0.012594005700773554,
        0.022487771733657114,
        0.02791875723332968,
        0.05966796763377921,
        0.04356435373983578,
        0.03857863019607859,
        0.0567104571029115,
        0.0751481307387289,
        0.05142956268946637,
        0.19895224164527772,
        0.09532480616161569,
        0.025528678059389107
    ],
    [
        0.0027246654503069547,
        0.0056596145570335455,
        0.046884970134685754,
        0.40312770729928393,
        0.021599441977983583,
        0.02243203880075815,
        0.005824989551102822,
        0.014345521482544754,
        0.003552642247707241,
        0.005490999892592665,
        0.01302149815833705,
        0.030978310945278278,
        0.2833237934507754,
        0.019503688531917876,
        0.022711121037687854,
        0.015614029839172962,
        0.006520274529383742,
        0.032173334070988484,
        0.026721790015251958,
        0.017789568027206937
    ],
    [
        0.002899407935037202,
        0.0035143054652011117,
        0.021381581301001307,
        0.029891464016814147,
        0.013772393068119615,
        0.041151350374638455,
        0.004589606685835553,
        0.0456480779706692,
        0.006395054556086221,
        0.0034603427302705345,
        0.4520523860761382,
        0.007008871758612708,
        0.022629474765646432,
        0.0412573527865256,
        0.027860593900857367,
        0.05942421570137879,
        0.0033721847000793897,
        0.06353955290780346,
        0.07721756673455071,
        0.07293421656473409
    ],
    [
        0.005427555073201107,
        0.013457199457476917,
        0.07815790170604157,
        0.01882058853382974,
        0.015737755690183056,
        0.4129371028595915,
        0.0056543375887674,
        0.009879731568907063,
        0.00392690450910497,
        0.005002504459828835,
        0.01163703096446909,
        0.011760150838885033,
        0.051120534040575864,
        0.05158989075357129,
        0.13703905800443156,
        0.04273398894154873,
        0.0026277861898270746,
        0.03472306613971292,
        0.0774851386557489,
        0.010281774024297429
    ],
    [
        0.7975472421518056,
        0.01276533372057799,
        0.0059197044427214,
        0.007020896408860456,
        0.003479103620111503,
        0.009023606162763643,
        0.023399363149099815,
        0.00524712284169692,
        0.01813985911031492,
        0.031590953943040206,
        0.005422252454708304,
        0.014377959735451994,
        0.008348976790324498,
        0.005432396213474844,
        0.016313654515616356,
        0.008021220419498248,
        0.005896912639899099,
        0.009069460440592357,
        0.008593596067669618,
        0.004390385171772395
    ],
    [
        0.022686980470783925,
        0.015372816786973128,
        0.040546774456482575,
        0.03101247044653418,
        0.056893746025244704,
        0.0392861274847708,
        0.07612666983123231,
        0.079097976438537,
        0.016009097570514566,
        0.030151221994842603,
        0.034430826822054096,
        0.022669233159072835,
        0.013891221878875964,
        0.08815284741406201,
        0.019008013212481415,
        0.039353890776981204,
        0.0533298899628878,
        0.19790638095964905,
        0.07381471605590283,
        0.05025909825211698
    ],
    [
        0.00286913059302846,
        0.004232499238486236,
        0.015203221694416255,
        0.013717446213446088,
        0.05459022795913914,
        0.013269784157342134,
        0.008299542354481396,
        0.021692768623281407,
        0.007331553600812499,
        0.004262623999106469,
        0.187175183341694,
        0.005460310826258266,
        0.006486544053105949,
        0.037405190380644514,
        0.007456034341667366,
        0.0189012870338133,
        0.009817078948428764,
        0.03962099741976229,
        0.03177079925672627,
        0.5104377759643592
    ],
    [
        0.005998735293750652,
        0.014904587323753615,
        0.09395027754486933,
        0.11587311276758598,
        0.0230753965197472,
        0.0696019623080851,
        0.007451069065753355,
        0.009207580422201857,
        0.005239309213966459,
        0.0083126259551585,
        0.015235526221833124,
        0.02189316053801215,
        0.3693044932440955,
        0.02439516982304351,
        0.09727920677754867,
        0.021982422103786353,
        0.004520390997072524,
        0.031631500638681115,
        0.043293706771584894,
        0.016849766469470142
    ],
    [
        0.017442760059156546,
        0.03324229009089495,
        0.042973277660317465,
        0.034910589211073796,
        0.06431459915613694,
        0.045270940833726056,
        0.055545818106337574,
        0.10196226176040274,
        0.02928247342413094,
        0.027080646382503945,
        0.04537729196179029,
        0.0516568489298063,
        0.03109049723902439,
        0.09193032695784889,
        0.02855604445078712,
        0.06155432474262487,
        0.05988328556846316,
        0.059027545479085154,
        0.06600205185831363,
        0.05289612612757523
    ],
    [
        0.0027824365494437888,
        0.0028949923401540754,
        0.00941961907147972,
        0.007774244295816628,
        0.005538516758240346,
        0.016591317863409106,
        0.003696703689559918,
        0.01045927243823818,
        0.011751252408762932,
        0.0031218634349041187,
        0.784351333095417,
        0.0032581476744670875,
        0.005697115550765463,
        0.014169886201920836,
        0.012248981142817852,
        0.013883329777914307,
        0.0016808144929530543,
        0.01579267375373711,
        0.02012071682653961,
        0.0547667826334588
    ],
    [
        0.0001771097201767651,
        0.9975197147864092,
        0.0001408613458630857,
        5.2984238248744267e-05,
        6.951521047284635e-05,
        0.00015479210136782706,
        0.0004212409228612832,
        4.671330592994188e-05,
        0.00021449232013093315,
        0.0003540935584201858,
        4.105945591659049e-05,
        0.00018005597405879712,
        8.265936657775927e-05,
        0.00011413467916359968,
        0.00012069211968301514,
        6.520911670854568e-05,
        3.5071300095976515e-05,
        6.497829811842696e-05,
        9.256638477479332e-05,
        5.205579502189541e-05
    ],
    [
        0.002116511819979898,
        0.001755454514864958,
        0.008181967168493592,
        0.015767380088471235,
        0.010479693130744781,
        0.019684968606645887,
        0.0041532932583916654,
        0.02457448842560246,
        0.0017250892737360477,
        0.0018187974985752135,
        0.02016042121464136,
        0.006099760823168458,
        0.010846239004230452,
        0.02988347915400976,
        0.014646477868869327,
        0.11495410664828518,
        0.00468727768801719,
        0.42186488570242997,
        0.27290432683133187,
        0.013695381279510751
    ],
    [
        0.02826768510077533,
        0.05156507558566018,
        0.029576407600017052,
        0.01740176169720034,
        0.016062269029405864,
        0.011909962815838672,
        0.10473627027017791,
        0.00806348354140276,
        0.024301779642424883,
        0.5789496951438022,
        0.006627634929885447,
        0.03146376463306897,
        0.009683587621507742,
        0.012886639734869957,
        0.00872978762024916,
        0.005611999831955148,
        0.019368027480250127,
        0.01360211685793339,
        0.009255744853603079,
        0.011936306009971752
    ],
    [
        0.002309139030182333,
        0.0042195150330026085,
        0.035602410985355645,
        0.6224736111688597,
        0.03492395319617421,
        0.013014507757701655,
        0.007400470617154848,
        0.016041916472846647,
        0.004149567646280215,
        0.0062646503318515324,
        0.031140497288764918,
        0.008445328945410032,
        0.028392640157444776,
        0.01774191862173319,
        0.009639643867980642,
        0.009260934552356305,
        0.005919934868571106,
        0.04504499444770639,
        0.02388435454251096,
        0.07413001046811238
    ],
    [
        0.00014752350161192131,
        0.00031671505504850175,
        0.00141759821627322,
        0.006743600957079403,
        0.0005563601850470491,
        0.0014217734543775628,
        0.00021762821180962297,
        0.00039747103898741376,
        0.00014081006663597056,
        0.00020150532336457567,
        0.00043942142300097486,
        0.001190550141136308,
        0.9790455930059682,
        0.0006668283484689603,
        0.0029519009475873913,
        0.0009639584812790503,
        0.00016762608216446502,
        0.0010854264497994505,
        0.0014848312390719376,
        0.00044287787128773233
    ],
    [
        0.00015740352033140318,
        0.00032899061897481333,
        0.002350185803585106,
        0.002075813213131581,
        0.010142045047570807,
        0.0009716873007009112,
        0.000591320668657939,
        0.0008836381790136163,
        0.00042935607441118217,
        0.00034678721791761205,
        0.007298198629820879,
        0.0004901842534973156,
        0.0006045285247516778,
        0.0026332468651727595,
        0.0005116604197736996,
        0.0007895047860193981,
        0.0006094834974915231,
        0.0032522745119748166,
        0.001992435926561496,
        0.9635412549406415
    ],
    [
        0.027230613120833573,
        0.02556082915305545,
        0.030671250434902354,
        0.028523990568583978,
        0.022735765680846957,
        0.06293313210924481,
        0.02549042586812376,
        0.036245060351305834,
        0.031642639600927426,
        0.016461234808797288,
        0.04423526908777484,
        0.1417744276847156,
        0.05595368731283174,
        0.04918984282818199,
        0.09319267940328392,
        0.12167747780477589,
        0.033175663727195846,
        0.04446891177857383,
        0.0787888063959429,
        0.030048292280101956
    ],
    [
        0.0037178629498969083,
        0.012037274052786696,
        0.028387189186655795,
        0.018927009003499428,
        0.05269571999605744,
        0.06246022686710599,
        0.012561721456903782,
        0.01662556045771301,
        0.0031296540806756913,
        0.004232350812501208,
        0.01250429377471577,
        0.011666542814402865,
        0.024873413586835667,
        0.10557395067525213,
        0.028285171310778706,
        0.0794080132421437,
        0.005382262734043828,
        0.11267992911065391,
        0.38751421712468137,
        0.017337636762695993
    ],
    [
        0.005487896026357988,
        0.008199252857826763,
        0.014694642715425376,
        0.008433046518956464,
        0.01727621460969436,
        0.0733556928207813,
        0.007952172198268697,
        0.03758934497897015,
        0.004937722196047878,
        0.00360715748036753,
        0.023765685479768376,
        0.008150428874228267,
        0.013240917459729735,
        0.09276474078332768,
        0.03334362266953663,
        0.3901845619451295,
        0.004974658121357275,
        0.0506285486108321,
        0.18668539947126245,
        0.014728294182131514
    ],
    [
        0.0047091675167487,
        0.004977065508161785,
        0.04437372197921406,
        0.0436011551537035,
        0.07470297270621522,
        0.029866555263960072,
        0.013268370838650068,
        0.015824007663549685,
        0.002942553431329048,
        0.0062855947150761565,
        0.012999310698891839,
        0.01873161319289389,
        0.015420594708756358,
        0.05838534059828501,
        0.01491455683678255,
        0.025704061990053956,
        0.023829237048647457,
        0.47782868178383164,
        0.0864063514315307,
        0.025229086933718288
    ],
    [
        0.8156952090411345,
        0.013722103379281302,
        0.0030581590497138138,
        0.0024848244107917644,
        0.0016015254908994692,
        0.004199511065082854,
        0.04037712059506119,
        0.0019961964953108154,
        0.026661884280030253,
        0.055506948610638346,
        0.002395756521395749,
        0.006778418483860096,
        0.0025334085858649967,
        0.002773670000066283,
        0.0055662590276800905,
        0.002718224720958814,
        0.002031628551359095,
        0.0038936015773237084,
        0.0037073198535281324,
        0.0022982302600188724
    ],
    [
        0.003351692188652197,
        0.011240867688873037,
        0.6562034132518285,
        0.013993061170009577,
        0.05606568887459506,
        0.05112657251961108,
        0.006448536917870752,
        0.005362637895812523,
        0.004190807644407038,
        0.006533537631490671,
        0.008687411500441345,
        0.022176971840117188,
        0.011166719081588648,
        0.054771174581259074,
        0.013649567710216715,
        0.009114083805480276,
        0.006526025862540521,
        0.020492451242528152,
        0.019334729557012976,
        0.019564049035664548
    ],
    [
        1.3552027021279728e-05,
        1.3308778654623047e-05,
        3.301974684372041e-05,
        3.460644080820585e-05,
        6.64099584211081e-05,
        1.6945646249265193e-05,
        4.9631086110580485e-05,
        1.849463855875894e-05,
        1.0939003607869621e-05,
        2.4961275926228698e-05,
        1.5052588996713128e-05,
        0.00010011407742849066,
        1.5674630484724453e-05,
        3.167983890911532e-05,
        1.2593761145525725e-05,
        1.699595094337927e-05,
        0.9994172962083133,
        4.943096770559536e-05,
        2.6741687778565078e-05,
        3.255168609291909e-05
    ],
    [
        0.0003964665139693944,
        0.0010463140652233523,
        0.02209050034375648,
        0.01848990320949804,
        0.8557615233064948,
        0.004506069361271565,
        0.0015785131759652189,
        0.0026855447160042114,
        0.0005763741913389818,
        0.0008939941316620914,
        0.00450617975995726,
        0.002508230788777914,
        0.003974440258363737,
        0.014748085276305112,
        0.0019529092300290673,
        0.00297502010933454,
        0.0025345237204661255,
        0.02075152980778568,
        0.010047459876003112,
        0.02797641815779331
    ],
    [
        0.00046978388029902046,
        0.0006174040342952725,
        0.006485042948232906,
        0.013003600033919385,
        0.008263328153971317,
        0.005715774011060397,
        0.0016976933884344672,
        0.015296061042389154,
        0.0005259207568550323,
        0.0008298097593299446,
        0.005723732755251356,
        0.0012986469376740416,
        0.002681936537762194,
        0.017293018387141198,
        0.002130680032595502,
        0.005850704421451719,
        0.0011344390006644762,
        0.8729242631691738,
        0.029106032081841492,
        0.008952128667657175
    ],
    [
        0.06501556777628696,
        0.026984376207006878,
        0.02400893898598691,
        0.02990988204837356,
        0.02247620411810904,
        0.03233851982483996,
        0.12310782702080672,
        0.04736229618149997,
        0.049431373900661345,
        0.04978547625544581,
        0.03094588285999808,
        0.11962854975854634,
        0.027115815056795178,
        0.039076832399589964,
        0.035525442512491616,
        0.0506872170117532,
        0.08182388594476141,
        0.06251737852409635,
        0.05233976971106033,
        0.029918763901890407
    ],
    [
        0.0028099856518710455,
        0.004032367703072618,
        0.02864923816308227,
        0.035528866454344374,
        0.044912953922756294,
        0.021249163513234498,
        0.005101934039600692,
        0.008511978784076809,
        0.005551702950087801,
        0.00372040520209134,
        0.23193892397669807,
        0.0083925681999471,
        0.017644668191096592,
        0.026025405472556495,
        0.01827171089838992,
        0.02027426053012644,
        0.006378341186669273,
        0.041628978927964494,
        0.04149254955841642,
        0.4278839966739174
    ],
    [
        0.0004455670950877627,
        0.0005595529356266207,
        0.001588904433787547,
        0.0011939381272056885,
        0.0013394964365440142,
        0.012559542445015894,
        0.0005874888785377254,
        0.004730548560206491,
        0.0005684822215106206,
        0.0003017735410395709,
        0.008426745090497359,
        0.0009102832967855362,
        0.002124426603642756,
        0.009701629903298651,
        0.007552906715322235,
        0.8628464074309895,
        0.0003850606145443833,
        0.007968792592303969,
        0.07377424472677202,
        0.002434208351281628
    ],
    [
        0.001751181842216162,
        0.003201927530269353,
        0.02661517874786724,
        0.004405524736827304,
        0.01050385449717499,
        0.29432945778613673,
        0.0026231462909376293,
        0.013321067455716443,
        0.0020485214607264784,
        0.0015862175324181636,
        0.01147019893777237,
        0.006442862785327868,
        0.006067861338116784,
        0.35730951171072844,
        0.018610897711132716,
        0.08620710869684542,
        0.0021777175547611064,
        0.030937670068027497,
        0.11168511519458389,
        0.00870497812241358
    ],
    [
        0.012560705384552695,
        0.023990217084287665,
        0.05070164797102262,
        0.01717938265182412,
        0.009862729337038518,
        0.3272787436158827,
        0.011004087459188107,
        0.022636439163113534,
        0.01243271089239475,
        0.010281112798508463,
        0.01633970661439772,
        0.0408804821356217,
        0.04553663986705096,
        0.054301111856747325,
        0.16595049150314778,
        0.06330386801573727,
        0.004435632908823605,
        0.029067244358223755,
        0.07143840372814578,
        0.010818642654290927
    ],
    [
        0.0049254706298485955,
        0.029055353431278703,
        0.07355831621424462,
        0.03132709279420791,
        0.40575784353265476,
        0.03545431942239821,
        0.02153632517747963,
        0.02560792789467414,
        0.007116476093116372,
        0.010627600187963122,
        0.017981798451504934,
        0.019831020419983685,
        0.024335111429468273,
        0.09970279366230811,
        0.01528471361737642,
        0.02494845206028672,
        0.01816603119016404,
        0.0425726985771995,
        0.04809590320232762,
        0.044114752011514644
    ],
    [
        0.024080264569117688,
        0.009580404522659718,
        0.0030133098782133155,
        0.002259814421541366,
        0.001755571209097993,
        0.005014530663187411,
        0.008963155797121621,
        0.003021591407509403,
        0.8899728388455047,
        0.010746094958515662,
        0.007354449125393077,
        0.0041482338431897,
        0.0026945235074622834,
        0.0034579017677303326,
        0.006555682994479028,
        0.004042067461440801,
        0.001573533010116384,
        0.0032203748967657335,
        0.004133949707238227,
        0.004411707413715717
    ],
    [
        0.002396998059937868,
        0.005433929938095474,
        0.6417261406180019,
        0.04265752184678782,
        0.031540397458243004,
        0.034103676052763675,
        0.008232702968592322,
        0.010479848965175113,
        0.0025787388932293587,
        0.007595811440833462,
        0.006074751068703939,
        0.01932816715240755,
        0.012329766980839655,
        0.053072622933341536,
        0.008744315817861498,
        0.007323415040898823,
        0.005238258259148939,
        0.06466548420685181,
        0.022669661913809515,
        0.013807790384476624
    ],
    [
        0.021332107543709327,
        0.11864440857366104,
        0.10243431296785019,
        0.028718524020320064,
        0.036467952031187155,
        0.1425363396730424,
        0.02809455981197626,
        0.0167924911523189,
        0.026426985096080748,
        0.02755887308701089,
        0.02828836766844064,
        0.028957532662628606,
        0.05240822008777731,
        0.06654908594191647,
        0.09725382533270684,
        0.03863197610627003,
        0.006937768551906368,
        0.04025192713657231,
        0.059312847441846735,
        0.032401895112777745
    ],
    [
        0.010126599049249308,
        0.01611323382047908,
        0.04619475156141289,
        0.027594784518875582,
        0.06216796288687627,
        0.039374623136601526,
        0.03972699278954254,
        0.09405282332775808,
        0.019143461395408592,
        0.01712962285915655,
        0.039024493311656014,
        0.06979961506312192,
        0.017539091795762747,
        0.12625544587226611,
        0.018436969837613195,
        0.047307264163199934,
        0.10401873098837859,
        0.07868857439877645,
        0.06558912178748498,
        0.06171583743637967
    ],
    [
        0.03162448421768899,
        0.08687425718432634,
        0.03200247075234579,
        0.02140299274933785,
        0.026741959193995763,
        0.043443389055839374,
        0.19202878139061094,
        0.11657987707271532,
        0.04368266076581859,
        0.06369353730026246,
        0.021285964236626348,
        0.03201932290761823,
        0.019937621495941273,
        0.06879728047631674,
        0.02357141271940689,
        0.038368706388603915,
        0.01887627094513244,
        0.046097380227236084,
        0.04967114930105563,
        0.023300481619121034
    ],
    [
        0.0029001848465698417,
        0.009289435214588759,
        0.03224203225381896,
        0.01491308709777693,
        0.015827133933532175,
        0.16482191783766706,
        0.006466109510374687,
        0.01354362196920253,
        0.0033838103747309994,
        0.003163076676052563,
        0.012805987847790667,
        0.019352348674740887,
        0.04109740379631384,
        0.09523464721733614,
        0.06745017672010492,
        0.11546783656102094,
        0.0029412078239741454,
        0.052940755711800694,
        0.3138853142509657,
        0.012273911681637556
    ],
    [
        0.020600694678327904,
        0.046998048859088544,
        0.022040774839729937,
        0.04541388494282509,
        0.024108728849999973,
        0.012107754115419698,
        0.3857915664618506,
        0.015416647067471173,
        0.02672884459852248,
        0.2154342828722619,
        0.011853612782134561,
        0.030332357477979924,
        0.019071572261963248,
        0.01545132078712209,
        0.011428287505196554,
        0.009154644024735332,
        0.024180478548241957,
        0.02486249270239312,
        0.016699060024993752,
        0.022324946599742296
    ],
    [
        0.004122398622347228,
        0.009351051139687396,
        0.23187208246919638,
        0.26918362379658617,
        0.022879413360349817,
        0.049748187602636704,
        0.008387324777567439,
        0.0179400398367754,
        0.005949984336452495,
        0.011004695728494024,
        0.01512084035657709,
        0.04701916921359638,
        0.13177504500582607,
        0.033605130016747205,
        0.030296695052504524,
        0.014871236119260839,
        0.006240479148139814,
        0.03970281426998989,
        0.0295420153882172,
        0.021387773759048094
    ],
    [
        0.0035209804045972137,
        0.0029418398805127746,
        0.008787997276881588,
        0.007507113789893899,
        0.0075142137814716604,
        0.018578503997344994,
        0.003632276555854882,
        0.008275403297376248,
        0.008954157325708641,
        0.002652009589345594,
        0.7447012493540676,
        0.004515347445470378,
        0.007094440249953878,
        0.01572855083678369,
        0.01911022796694042,
        0.027868256479683932,
        0.0027395360445213704,
        0.019418226898485113,
        0.02925540189164407,
        0.05720426693346217
    ],
    [
        0.007835780643375341,
        0.005252181261105112,
        0.016977265976711627,
        0.02271052517031076,
        0.010854766335337638,
        0.05762558063741678,
        0.011408262953402916,
        0.15716794155176836,
        0.004569202573405318,
        0.005907650693909788,
        0.017565376577057753,
        0.014715524637214752,
        0.02200674091350748,
        0.054000998921152815,
        0.034606267771066686,
        0.16296815844948354,
        0.007379222818843771,
        0.19622160133434308,
        0.17910569532291795,
        0.011121255457668434
    ],
    [
        0.006128937570867998,
        0.007042612122465982,
        0.013004835733233324,
        0.05379996617554803,
        0.007418369902434472,
        0.02520636218460359,
        0.005859597330156109,
        0.011909354741934188,
        0.005049698209060704,
        0.0050729792946890276,
        0.014865219963511494,
        0.01773368986272189,
        0.6026035531414112,
        0.011385380304583465,
        0.10521967407912261,
        0.037095956628483744,
        0.003790310877681733,
        0.022006492772659904,
        0.03548765309454233,
        0.00931935601028817
    ]
]