[
    [
        0.021114667035630696,
        0.05317973245992428,
        0.009626530196196406,
        0.03498974947563171,
        0.016714229849092686,
        0.028646672841061878,
        0.013207950183953644,
        0.012809118339522219,
        0.034009251055786414,
        0.008710856953840372,
        0.09186007328368236,
        0.4386165245242637,
        0.029874350973361222,
        0.02540976369264706,
        0.061456990842593054,
        0.02215534276185013,
        0.035804383397984536,
        0.02048756493969231,
        0.025867312974380267,
        0.015458934218905075
    ],
    [
        0.6047397148412367,
        0.0023865765994496753,
        0.008451312806788982,
        0.020548108840491238,
        0.005269665132992906,
        0.04630175671342728,
        0.014417891042100115,
        0.007285550259060048,
        0.02817517403526161,
        0.011331645343164986,
        0.0024220632813679774,
        0.006496477317691803,
        0.04032751342148662,
        0.04072799843832794,
        0.01735026567299133,
        0.00696041717336776,
        0.017426101323577272,
        0.032278579254800974,
        0.060598726401372184,
        0.026504462101042466
    ],
    [
        0.005745182732643018,
        0.001423144621743354,
        0.0025219442884929404,
        0.9045750558955592,
        0.0061155965430888925,
        0.006294157175922088,
        0.01586261038787636,
        0.0037797008221986074,
        0.005041890149290568,
        0.0028553247387934824,
        0.0004919649004173405,
        0.0012618996034068795,
        0.01658365979425942,
        0.0032208531207415015,
        0.0037294147974138857,
        0.0017938876819337726,
        0.007150691450885895,
        0.0025287594129733393,
        0.00441522707864546,
        0.004609034803713764
    ],
    [
        0.010152567116657464,
        0.012891692490760921,
        0.6413771949667789,
        0.008222651391448203,
        0.032811844366138695,
        0.010572539177474837,
        0.03547103003295207,
        0.08904523254457652,
        0.008879041659239516,
        0.010717792193406583,
        0.003360976240585898,
        0.003352032048130084,
        0.017307761007888955,
        0.005666123613923176,
        0.006061878460086485,
        0.005955463273779197,
        0.008183826936308038,
        0.01594326210591961,
        0.006727657080157132,
        0.06729943329378758
    ],
    [
        0.016261259014390766,
        0.0019704895381921577,
        0.22290469190506773,
        0.004106355895865526,
        0.009577547351867149,
        0.014192186107371968,
        0.010136420333194469,
        0.03436772767906676,
        0.009969426791822783,
        0.004997398587186961,
        0.0014438129592407704,
        0.0015481085787951803,
        0.01158900066322857,
        0.007628755951156004,
        0.0038428752068381256,
        0.0025651703884210755,
        0.003316472671462654,
        0.05494409551377585,
        0.010024094635235894,
        0.5746141102278196
    ],
    [
        0.004121330792594283,
        0.0003235748605500291,
        0.015828289597825954,
        0.0010654055031630012,
        0.0012692263603806876,
        0.004508993694329259,
        0.003060454201490616,
        0.006222524481226602,
        0.0028607303026188502,
        0.0008088145602457082,
        0.0002130992592198741,
        0.0002901128965380251,
        0.0035192315118185527,
        0.0014002155358378216,
        0.0007753980484097786,
        0.0005039738220777232,
        0.0006719706150732688,
        0.009970802304987576,
        0.0025867784075329567,
        0.9399990732440794
    ],
    [
        0.00055967003023861,
        0.0021256492847367275,
        0.0005397174985903427,
        0.0005292473962913972,
        0.0006784368710963772,
        0.0010200442239435862,
        0.0003768942216454938,
        0.0007628938012035772,
        0.0011082941313272628,
        0.00045597408583780794,
        0.9813707891351777,
        0.0035635867316213244,
        0.0007414662315008061,
        0.0008061686968423321,
        0.0012774684235649196,
        0.0010984527875054415,
        0.0005838022881622309,
        0.0010288546531018261,
        0.0006769028642697964,
        0.0006956866433423266
    ],
    [
        0.06524810240090388,
        0.060334393041996545,
        0.023904997089607357,
        0.0321452269260373,
        0.02831995284137388,
        0.045795445824306176,
        0.018581378135255587,
        0.022000089574330334,
        0.03810920081576773,
        0.027867698430369542,
        0.21825329428614212,
        0.11998554498453469,
        0.04169753209195369,
        0.03895930484372088,
        0.04491521290304972,
        0.02249367187998755,
        0.03203448642115856,
        0.046692112989668674,
        0.03679728814565815,
        0.03586506637417766
    ],
    [
        0.02374123729218578,
        0.0033762530676548557,
        0.012146154965775514,
        0.005354616524607594,
        0.0031679189158213194,
        0.030101689846982204,
        0.01600835412724435,
        0.016355924430855276,
        0.018997267081213395,
        0.7401574682962107,
        0.002988959962038851,
        0.004402231166943193,
        0.02350606655002166,
        0.021353699622015037,
        0.010770296281588087,
        0.009633101291040903,
        0.00977071658480585,
        0.014810693249327463,
        0.0197045036864121,
        0.013652847057256053
    ],
    [
        0.006655126321204743,
        0.0002827354588478136,
        0.013188689972853171,
        0.0012728217289669525,
        0.001650714552525619,
        0.010710007743272174,
        0.002506632592094757,
        0.007836855339546705,
        0.006086049468907759,
        0.0011231900328940263,
        0.00024958241819092615,
        0.0003286988408370031,
        0.005535472658477117,
        0.0038986039939453232,
        0.0015112750920523582,
        0.0008802763249420718,
        0.0009363797514192652,
        0.07393898616305923,
        0.004539421444601917,
        0.8568684801013611
    ],
    [
        0.24939493236079546,
        0.0024718919284670306,
        0.007876794513312474,
        0.010864327480855964,
        0.004152471371336956,
        0.104980395735307,
        0.01051515556343445,
        0.008561103928745522,
        0.06691600314389701,
        0.011284107875722775,
        0.003458394937174309,
        0.010586109634556643,
        0.07737934247035547,
        0.12056437235092528,
        0.10117058160697258,
        0.024173769498420223,
        0.03378224135682635,
        0.07277213472774928,
        0.05663919602577142,
        0.022456673489373802
    ],
    [
        0.03510886069784718,
        0.004075424541355834,
        0.011181563922366527,
        0.03803781005342188,
        0.009103430238451789,
        0.1494006939902232,
        0.024026681323633774,
        0.023336675554719355,
        0.23463674890265984,
        0.006840409711407026,
        0.004933150166681559,
        0.01349479409761869,
        0.06261825961303677,
        0.06369513678458065,
        0.05177716692354224,
        0.028818861788572278,
        0.023171652355393483,
        0.05330785322695979,
        0.12217103703069403,
        0.0402637890768341
    ],
    [
        0.0035419935369134614,
        0.003399455055394242,
        0.0012234237861592516,
        0.0031083954582072004,
        0.001539452343679058,
        0.004525813564477997,
        0.001616270031561779,
        0.001672417140737132,
        0.005311666588089381,
        0.0015853220646655161,
        0.006350425178320387,
        0.9138846939638346,
        0.005270846582806053,
        0.005437073044471792,
        0.019232452586932975,
        0.0051054581807735405,
        0.008585377401086322,
        0.003025302487438351,
        0.003794661284276687,
        0.001789499720174328
    ],
    [
        0.012922225652994558,
        0.004786142440824503,
        0.5630024514684123,
        0.006571784860566553,
        0.01008701436942026,
        0.011547946759093089,
        0.10695831983864032,
        0.12374756064870925,
        0.00824903053926609,
        0.016217994752580234,
        0.0013283455897997803,
        0.0020388054379772112,
        0.030513464715750435,
        0.004902623334613738,
        0.004856679938703732,
        0.004514805546441358,
        0.009479943948779202,
        0.010932116740258978,
        0.006456608941126698,
        0.06088613447604149
    ],
    [
        0.0037914569553184636,
        0.0002795452950850921,
        0.0015508082982612478,
        0.0018392008957645054,
        0.0006780393412084698,
        0.45924855647322715,
        0.0022255441345987934,
        0.005896510827619358,
        0.3766581613665567,
        0.002246573913707269,
        0.0003788639080907508,
        0.0006843815992567718,
        0.00782966945719561,
        0.04515440449492511,
        0.004200179924625456,
        0.002234724730263182,
        0.001274365274990647,
        0.015530229207478357,
        0.061694578955153796,
        0.006604204946673393
    ],
    [
        0.0012522992768452667,
        0.0003210965328902854,
        0.0006579987803594155,
        0.0008401323209127385,
        0.0004814568407623765,
        0.0033755221417889124,
        0.0010683839637823985,
        0.001488355157225702,
        0.0034937702372885905,
        0.0007553865550623451,
        0.00043655735272507296,
        0.0008959759881431771,
        0.004836393492874307,
        0.0018613003177839222,
        0.009856327243251887,
        0.9609783180702566,
        0.0038186078359799354,
        0.00160272189813521,
        0.001028074992742526,
        0.0009513210011892515
    ],
    [
        0.006944244425606034,
        0.0022098768043080867,
        0.0068741406707019765,
        0.004200093548939349,
        0.00212998896005489,
        0.01353351947333638,
        0.013700697019988557,
        0.01259727533803093,
        0.009535322559084455,
        0.8712178538024029,
        0.0012533275170020341,
        0.001850333833354499,
        0.01047409086664351,
        0.008717074081387395,
        0.003910935909534948,
        0.0029476582257621704,
        0.003954052497363307,
        0.005435905984066417,
        0.011325928490836985,
        0.00718767999159512
    ],
    [
        0.3298798532974791,
        0.006007527114626094,
        0.04023734840554117,
        0.012321384177558518,
        0.012222370516830929,
        0.045462592499397755,
        0.01584981478253533,
        0.016572687785521432,
        0.03028444651759622,
        0.013563276328764529,
        0.007202781966409773,
        0.011346917334348849,
        0.03893398530374297,
        0.038267996690119,
        0.022580253079225118,
        0.01029666718544035,
        0.01722925356534938,
        0.1664263328104065,
        0.04117254607382605,
        0.1241419645652809
    ],
    [
        0.0097843617458258,
        0.037477479008963796,
        0.007532027559904844,
        0.011123414360767869,
        0.01408879821281781,
        0.014788913436361547,
        0.005766311108461698,
        0.009541010743688495,
        0.016730065639744756,
        0.00691082416569099,
        0.6153283587446677,
        0.11748235059145545,
        0.013250479058613398,
        0.016647989160755515,
        0.03520971818539231,
        0.01749189339450712,
        0.014514911043693528,
        0.01587070833863359,
        0.011101307114427517,
        0.009359078385626175
    ],
    [
        0.016306867599260994,
        0.0029486253622068625,
        0.003090197705658396,
        0.014650185087569814,
        0.004280647609470579,
        0.03484413814448195,
        0.004757669060079525,
        0.00498637488608545,
        0.048644394162486206,
        0.0036064496538937,
        0.004512908245805295,
        0.037912798734747614,
        0.031221724638103403,
        0.07525666039691774,
        0.6085888382057402,
        0.017560031618056256,
        0.03573008340375635,
        0.01786352770450323,
        0.026566122874907,
        0.0066717549062693905
    ],
    [
        0.0068480388098963434,
        0.0029879487391111094,
        0.0035531991358765066,
        0.0165237451174611,
        0.004672895688675523,
        0.006459058597318504,
        0.016422043695697247,
        0.005437034365931858,
        0.005659091538382348,
        0.0039110194846004144,
        0.0009364304766927856,
        0.0034462012338080206,
        0.06610160759412279,
        0.003801650258081568,
        0.022750542401209186,
        0.016718116374764058,
        0.8041527662312116,
        0.0030466442570252603,
        0.0029149977057205457,
        0.0036569682944133756
    ],
    [
        0.009606571544657067,
        0.001139867767181146,
        0.0029505734198550415,
        0.00546791518653682,
        0.002119164047334424,
        0.12263311429595147,
        0.0038238810512555167,
        0.007490830039868044,
        0.1817232973508507,
        0.007163594192717304,
        0.002634869220520107,
        0.004390118948658904,
        0.01208816028107718,
        0.44157972855275673,
        0.02072313515047613,
        0.00924890848644054,
        0.004431467289649123,
        0.02764272187805474,
        0.12522928207671982,
        0.007912799219439253
    ],
    [
        0.00798872409097083,
        0.00021315349176408412,
        0.0009488529543344188,
        0.0016987103665654397,
        0.0004644115535708532,
        0.6273580738652765,
        0.0016649314666435354,
        0.002277973455155758,
        0.18634799844419755,
        0.001677201398088078,
        0.0003383020259838907,
        0.0007202877450899488,
        0.008193052003207213,
        0.052339103191322,
        0.0046811232425651925,
        0.0024067279696169818,
        0.0014154876979585304,
        0.012652896299084093,
        0.08227840901926403,
        0.004334579719341033
    ],
    [
        0.4763112824305336,
        0.0042881538883333395,
        0.03513288164406364,
        0.015084740216844259,
        0.014313879273525922,
        0.04116876896465457,
        0.015811469737882056,
        0.01601796787670038,
        0.022864611750303774,
        0.022797338836163094,
        0.0047332915750936885,
        0.006358907722225907,
        0.0367993023195578,
        0.03478205936800656,
        0.015114016256521937,
        0.008004012596648482,
        0.013946048156069259,
        0.09307268183553828,
        0.03301654742952427,
        0.09038203812180923
    ],
    [
        0.01193053750613038,
        0.0005451011904701339,
        0.0032075275921804973,
        0.0032062364326935974,
        0.0010693149725740938,
        0.18934594813888914,
        0.005208515340608921,
        0.0077000184033207105,
        0.10905644277992728,
        0.006144650300388224,
        0.0006924493216707003,
        0.0012755294875437422,
        0.010435140284537169,
        0.05122281016249369,
        0.0043966907232215035,
        0.002488816669026108,
        0.00209250242585195,
        0.021519212909283134,
        0.5539586552150894,
        0.014503900144099639
    ],
    [
        0.0033026201256809444,
        0.00013091720648143748,
        0.00036675237155639305,
        0.0008167478082636123,
        0.0002564542489700865,
        0.016216227381012405,
        0.0005004099050689734,
        0.0006227169101124294,
        0.017276354367734326,
        0.0006702899601958164,
        0.00021456402121264794,
        0.0006580088888559737,
        0.0026939207430777714,
        0.9125180153611808,
        0.005727337122020024,
        0.0008254444696344373,
        0.0010139204352730157,
        0.005081159081957443,
        0.029972493458643522,
        0.0011356461330678854
    ],
    [
        0.0042144368100420085,
        0.0017443129176898484,
        0.0032062016011873127,
        0.005017432893566629,
        0.002824647749877683,
        0.011511542492027418,
        0.006818973391285338,
        0.009217575974553246,
        0.011201112677977925,
        0.003680045588336494,
        0.0015077902157830246,
        0.002904884722479447,
        0.029591815839596206,
        0.005253570749799076,
        0.029248766350269514,
        0.8368965851771051,
        0.023371968461750728,
        0.004679377640141117,
        0.003264955011756675,
        0.003844003734775429
    ],
    [
        0.022673479244855774,
        0.0036350903474744248,
        0.007929727765419342,
        0.007948143236637062,
        0.004221673296712561,
        0.13931300718590567,
        0.008451761565314382,
        0.015482549412817513,
        0.18778469036121256,
        0.016292923027210512,
        0.01219272288035328,
        0.01626941774891793,
        0.02361586308559945,
        0.2271779763391541,
        0.054628382275769466,
        0.037570428769370015,
        0.010955355467054641,
        0.0718002552198717,
        0.11338844416669405,
        0.018668108603655652
    ],
    [
        0.036197408509813636,
        0.02303121009105978,
        0.0832162425407437,
        0.02684504358416203,
        0.12066689485481427,
        0.04025964481028143,
        0.025391168160132316,
        0.06173909772610765,
        0.03904862864299199,
        0.014652672248579603,
        0.01809249114901695,
        0.02138007157635731,
        0.06924778913843047,
        0.03724952989835497,
        0.08905959018266979,
        0.051253804292761385,
        0.058946156075008846,
        0.09272976755632502,
        0.02111353020156435,
        0.0698792587608245
    ],
    [
        0.023898378779062306,
        0.03417269467843935,
        0.020402247202627018,
        0.03347844120708603,
        0.014116539838104018,
        0.10730226199088796,
        0.03636704782371219,
        0.050411580891259175,
        0.1467085802699017,
        0.03326724338968592,
        0.03059104278923102,
        0.06819983073598422,
        0.0574834898883588,
        0.059459280641482294,
        0.06220748641906291,
        0.033488149725597695,
        0.028396129009221012,
        0.03913276688805622,
        0.08632433156577458,
        0.03459247626646555
    ],
    [
        0.0011984455011092871,
        0.0005206005903665805,
        0.003224634964817812,
        0.002285375252086222,
        0.0008929149734756176,
        0.0014748683596119245,
        0.9667116779040745,
        0.00581920031769973,
        0.001109275152682837,
        0.002524200053664924,
        0.00011201015920989321,
        0.0002360458767730143,
        0.006416453018987289,
        0.0005635132532667253,
        0.0006631870786567906,
        0.0005951073527827494,
        0.0020151206939686304,
        0.0006419145064336091,
        0.0008481717302096786,
        0.002147283260122409
    ],
    [
        0.009953421506795311,
        0.0034918859383015056,
        0.03194219985025789,
        0.01791115186048321,
        0.008313203201884618,
        0.018434734751132303,
        0.6660262199138747,
        0.09176132868534928,
        0.013853395250900551,
        0.02503879190203402,
        0.001155096312338728,
        0.0018931564311556676,
        0.037042029586302934,
        0.006260586835557012,
        0.005512053317140833,
        0.006496557250144331,
        0.00974030272949855,
        0.007833720998106912,
        0.009987344380115264,
        0.02735281929862638
    ],
    [
        0.02597992280798859,
        0.012849733973511988,
        0.06996903337850482,
        0.0182035941615315,
        0.025407910496581924,
        0.05592537594775155,
        0.05083798216464203,
        0.14572469711436012,
        0.043939859644213604,
        0.023951561713315472,
        0.008484317974749474,
        0.00947915565822262,
        0.12046755880059226,
        0.01910303907744918,
        0.04681787667935408,
        0.16110152060699223,
        0.0402918252139193,
        0.04491024181078301,
        0.014956272299791159,
        0.06159852047574512
    ],
    [
        0.02171173576924302,
        0.008213867329772459,
        0.007011212132652827,
        0.01223667969873971,
        0.005671342095283896,
        0.028225029807719293,
        0.01227933871594668,
        0.010220662325181,
        0.03046974881037094,
        0.011474307349781564,
        0.007033864052271476,
        0.045180732903497084,
        0.061512247015567054,
        0.03356472105933915,
        0.3895699526407405,
        0.06575953341768076,
        0.20821347858143713,
        0.015803119343956274,
        0.01683278582888006,
        0.009015641121939087
    ],
    [
        0.015992694005334835,
        0.00044412233979486637,
        0.001751237164792958,
        0.0034050855290602895,
        0.0011991109224695937,
        0.16144269381656284,
        0.0021267811959181345,
        0.00330496931975394,
        0.11884257783609882,
        0.002595741977063924,
        0.0009177710675584189,
        0.0017666641679498737,
        0.010816155559549099,
        0.5201920252686102,
        0.014591582532560685,
        0.005349038767577202,
        0.003010307181879403,
        0.0419668563631661,
        0.08333387022020201,
        0.0069507147640968225
    ],
    [
        0.006974847866369505,
        0.00315764684323719,
        0.0025018178323141524,
        0.8621840507687856,
        0.012648751593584579,
        0.009654589977922755,
        0.007044823096350662,
        0.004092235707407254,
        0.009109992654811013,
        0.002843194435286991,
        0.0017002726493607933,
        0.004698070043069306,
        0.0187956151961281,
        0.006428710517413394,
        0.0132922215925769,
        0.005258702176826626,
        0.014809343994011659,
        0.004334710823209899,
        0.0058846369106031375,
        0.004585765320729773
    ],
    [
        0.013228114872397768,
        0.007318717369610627,
        0.019328671542005817,
        0.007814937808274355,
        0.005242322681308142,
        0.02577699961972169,
        0.03627162536923098,
        0.04070152667153479,
        0.02047595425846464,
        0.6783109869194919,
        0.003916536245087273,
        0.0057415044886769875,
        0.03072100997743721,
        0.016346460610934,
        0.014038803559910391,
        0.01746769726401103,
        0.016171434307390174,
        0.011823847655177498,
        0.015338222006677367,
        0.01396462677265751
    ],
    [
        0.020432521940366117,
        0.0014074469888385964,
        0.009069272086698303,
        0.0031456708968185167,
        0.0030529147831634146,
        0.05256822421504722,
        0.003698445733182814,
        0.009143164905847783,
        0.044576104797523296,
        0.004304540043085587,
        0.0030244189231949615,
        0.0035386671694134383,
        0.011521768529242398,
        0.06167553083409639,
        0.013442104176096056,
        0.0055573203654347885,
        0.0037262794643059855,
        0.6677372061079817,
        0.03816311971567683,
        0.040215278323985824
    ],
    [
        0.009328666805421227,
        0.0002511382027647274,
        0.0007628413845217991,
        0.0021407056300541123,
        0.0005219436943462325,
        0.08070940836238957,
        0.0012479373666077328,
        0.0013195396989553153,
        0.06480489157419862,
        0.0015171645823580738,
        0.0003812741116884661,
        0.001094589470777889,
        0.007254343922734776,
        0.6991605111734557,
        0.010589161770476332,
        0.00187467201334602,
        0.0019960462288992446,
        0.012110139872439314,
        0.10007296792671545,
        0.002862056207849346
    ],
    [
        0.05061703370228278,
        0.0030048278630419724,
        0.01640543283354716,
        0.01001419130187558,
        0.0072325470137849695,
        0.16806700506972536,
        0.011396752971502824,
        0.026949621538973408,
        0.09543853953679411,
        0.04670198519174902,
        0.006410437960449969,
        0.0064832657071769995,
        0.03337199534451402,
        0.19606228348614452,
        0.028064053865251903,
        0.021931808926310102,
        0.01028757937103939,
        0.14417490390135643,
        0.07749584561077562,
        0.03988988880370388
    ],
    [
        0.014898303894939215,
        0.0019042731096121054,
        0.02257610014262052,
        0.008429539460494375,
        0.004580624144746126,
        0.25523141437149355,
        0.02794503040296128,
        0.1372176403016574,
        0.17268139128196455,
        0.008791823272446087,
        0.0013593236107031022,
        0.002500706060158651,
        0.07757082463741292,
        0.02574122772881062,
        0.013501133310518477,
        0.007741735352147697,
        0.007176946295733678,
        0.05413710509459831,
        0.04315171727098776,
        0.11286314025599362
    ],
    [
        0.021801482785202626,
        0.07360011821428938,
        0.017992427552660832,
        0.020226077641843157,
        0.018661065177006223,
        0.03841429524253773,
        0.01755900950869021,
        0.02961975316659097,
        0.043889178376924305,
        0.01665263228094305,
        0.08862159240928758,
        0.21666690650493708,
        0.052176242769701224,
        0.03486779231236342,
        0.12383860458091944,
        0.04518602187187191,
        0.0682559687124062,
        0.028112004363818253,
        0.024319907715210073,
        0.019538918812796322
    ],
    [
        0.005585430475254499,
        0.000252219920459453,
        0.0009634867229031447,
        0.002937435089918832,
        0.0006032087149606492,
        0.7166072606408664,
        0.0022136349747642102,
        0.0026955415859350822,
        0.16760392635165242,
        0.0020419686738905596,
        0.0002984764449252486,
        0.0006285965402242586,
        0.015475612130885639,
        0.031606684239895134,
        0.006618091945258879,
        0.0025215767671078913,
        0.0018323149726076112,
        0.008446731472660323,
        0.027126401347412916,
        0.003941400988416612
    ],
    [
        0.012375170942405263,
        0.002503079321710171,
        0.007813166044541677,
        0.007510999476176988,
        0.003123741673229761,
        0.013158355642598827,
        0.021637871985596822,
        0.011348541684394267,
        0.008219147939163058,
        0.8391369245428958,
        0.0010307972012361622,
        0.002027017590922561,
        0.02284374989914696,
        0.008529605196453348,
        0.005345805515473597,
        0.0031296265117178802,
        0.008505657749625846,
        0.005218538710737431,
        0.008990421373417906,
        0.007551780998555706
    ],
    [
        0.05079725798536492,
        0.008245854560036566,
        0.03134910490417568,
        0.10833772633051515,
        0.06477071931809186,
        0.11532099469190893,
        0.027842242953063853,
        0.04827013570993884,
        0.07926122676664434,
        0.01706426351693697,
        0.008101425437308336,
        0.00951685450206201,
        0.06337115866713071,
        0.04597708837908529,
        0.02579863240191147,
        0.01382832544496405,
        0.015407374298983574,
        0.08862567416116232,
        0.054548220939562596,
        0.12356571903115254
    ],
    [
        0.007492016129213244,
        0.004072147634995229,
        0.7595402666201243,
        0.004250679817000813,
        0.015070193776138111,
        0.007600757271242792,
        0.017378958209211433,
        0.05658333806829689,
        0.006298644174066355,
        0.0060060840978017754,
        0.0014581997619508662,
        0.0017270835227537046,
        0.011849040710526438,
        0.004622931983811497,
        0.004100877504625698,
        0.0031221238526577947,
        0.0050032889510277945,
        0.014792662367429803,
        0.005108660365269273,
        0.06392204518185625
    ],
    [
        0.04186140622020191,
        0.0018066526274205794,
        0.034437017853523585,
        0.004139992947717675,
        0.003790829933845656,
        0.1250767866842146,
        0.012208877939620633,
        0.04020992617800145,
        0.06663742335979936,
        0.014691949150370268,
        0.002309242247697988,
        0.002927726143836411,
        0.034349955924329295,
        0.048155402425166347,
        0.014736246047616943,
        0.010998410944118096,
        0.006920556096919697,
        0.35569022808967116,
        0.04272454447796032,
        0.13632682470796803
    ],
    [
        0.009069713560311625,
        0.0023393787025845544,
        0.004388000780309378,
        0.014862740939526704,
        0.004000696989030202,
        0.058764411694404196,
        0.013602733813262439,
        0.015324379179499059,
        0.08226873314003404,
        0.005055774012493347,
        0.0019764357892525985,
        0.006658819245749157,
        0.1343501709187232,
        0.022374061914671582,
        0.2670939653423471,
        0.2648931652816365,
        0.05997594914263246,
        0.011713984790772866,
        0.013337362160141643,
        0.007949522602617453
    ],
    [
        0.001652186826094948,
        0.0025075505465516307,
        0.0012729624661730065,
        0.0010786494438239616,
        0.0014401354626598628,
        0.0026780964453900703,
        0.0007868974720489896,
        0.001640000715197745,
        0.002845217036284536,
        0.0010023309900708225,
        0.9562228940147284,
        0.007272085824115648,
        0.0017932731594746405,
        0.0023951350259282687,
        0.00367401512080661,
        0.003447888392995854,
        0.0014438421191563357,
        0.0033451577607821067,
        0.0017333737494689412,
        0.0017683074282476392
    ],
    [
        0.01949801909938658,
        0.008713719468138491,
        0.017658351245091197,
        0.012868739225715489,
        0.006896904588543479,
        0.11019795195605729,
        0.027823996058550293,
        0.05210200359563552,
        0.2031596037650352,
        0.021574653615904986,
        0.009951623287366458,
        0.025172503039750972,
        0.052975712458860263,
        0.09400241657094645,
        0.08469646179905661,
        0.056601980651426805,
        0.030119353247825654,
        0.04449064003052308,
        0.09417151005025283,
        0.027323856245932344
    ],
    [
        0.0047054176162686125,
        0.001070178418625342,
        0.819909045884891,
        0.0017950637461271192,
        0.005666633358660396,
        0.004863407323520688,
        0.006804095908867844,
        0.039291471270120205,
        0.0031632068069596536,
        0.003786691407850163,
        0.000541669442228486,
        0.0005556619146226202,
        0.0064681706914787316,
        0.0021406684734900927,
        0.0015363754947637122,
        0.0012963631207331052,
        0.0016327369676198576,
        0.009780080239351193,
        0.0023289942365853048,
        0.0826640676772357
    ],
    [
        0.02792037776457678,
        0.0013772567483995711,
        0.00582434943838323,
        0.011842281839576203,
        0.003407133557468543,
        0.27011503751257765,
        0.010064704868493504,
        0.012096769063372833,
        0.15509075445224538,
        0.010241354515207843,
        0.001195760577181192,
        0.003108513843706602,
        0.08958209405145338,
        0.19709898330652342,
        0.04240573948524042,
        0.0069810316749895985,
        0.012378429176480146,
        0.041731178513522066,
        0.07869398077226658,
        0.018844268838335038
    ],
    [
        0.00801124633582833,
        0.00028706353862314093,
        0.001170947063182104,
        0.0013269652350063404,
        0.0004246275544614961,
        0.7213475359360298,
        0.00202902734751851,
        0.0028018165610406978,
        0.14814411591208546,
        0.002604747749560196,
        0.00040407822878723903,
        0.000928447191573774,
        0.011727075843027006,
        0.028378895633989525,
        0.005560703093717338,
        0.0025314777270443738,
        0.0016624082135246597,
        0.011837963393270447,
        0.04403076915444053,
        0.004790088287288998
    ],
    [
        0.012518496199328714,
        0.0018771932920770566,
        0.0041829914328258,
        0.00891424984749304,
        0.003063666517144921,
        0.0815737958083017,
        0.006086242645743145,
        0.008773776272819172,
        0.1568432518288547,
        0.006504777664567221,
        0.0030396585033999842,
        0.007852616570612706,
        0.01616576082129451,
        0.3329518180235869,
        0.03007580384195162,
        0.008150575715925668,
        0.007453176919146434,
        0.030134886480700063,
        0.2628090597627551,
        0.011028201851471476
    ],
    [
        0.03165592375714401,
        0.13007473725467839,
        0.020217056522964398,
        0.026208203182006933,
        0.018860334202969408,
        0.02675008435494826,
        0.02622058731288311,
        0.020303124879981323,
        0.025600145036086625,
        0.023139255850004693,
        0.03339394878219989,
        0.2807056151210126,
        0.05754803345917073,
        0.021238076804670988,
        0.06792754744885698,
        0.03145434074696398,
        0.10000360747468989,
        0.020198648152944726,
        0.018722289701780286,
        0.01977843995404282
    ],
    [
        0.04245721473737913,
        0.007224686818666833,
        0.01378113473608369,
        0.02552484641216119,
        0.00949375628019532,
        0.09979629902127486,
        0.018587547354308613,
        0.022322697573134008,
        0.12772289873959103,
        0.012313023661494392,
        0.01075319136965661,
        0.02800551954467438,
        0.037134028354758326,
        0.10694112085983871,
        0.036147932277022676,
        0.013217916262529604,
        0.01851365969862188,
        0.05578013108438405,
        0.2768723324000571,
        0.03741006281416764
    ],
    [
        0.02367829291866416,
        0.0007542754133112693,
        0.003848099464453563,
        0.003511463623829517,
        0.001694964735382657,
        0.23179810910242205,
        0.0035742680925808473,
        0.006391595008336978,
        0.2355378649554956,
        0.002419437374327244,
        0.0015005172796988368,
        0.002936503256875309,
        0.017285960504895767,
        0.09695983397015623,
        0.01944439408319668,
        0.008066637432548963,
        0.004159578055740432,
        0.22336649000525408,
        0.09014118293203434,
        0.02293053179079531
    ],
    [
        0.02279377359284646,
        0.002566700773169745,
        0.4906723197390317,
        0.006255209116479066,
        0.007610517301984369,
        0.018049224158589634,
        0.08420469418293547,
        0.10242123236070146,
        0.011044527706288821,
        0.018614178853511874,
        0.0009971560684014784,
        0.0017235966738025422,
        0.048842282618874015,
        0.006924164127990511,
        0.00557654935443777,
        0.004476865985037133,
        0.009244385021691434,
        0.01827012552226679,
        0.008727868222093376,
        0.1309846286198666
    ],
    [
        0.016330261068233133,
        0.004712181185508083,
        0.018786144823550965,
        0.0385162565173241,
        0.012905910624731962,
        0.021185769205307025,
        0.14995645078263564,
        0.03167584796785296,
        0.01928536611459542,
        0.006892273475927715,
        0.0012626522323429955,
        0.004268792815247253,
        0.3759642328472236,
        0.00974775722498451,
        0.030336730543943147,
        0.013753286564837607,
        0.2034351319272563,
        0.010494291850010167,
        0.009885756278295117,
        0.020604905950192317
    ],
    [
        0.022551278245694518,
        0.0012474769388978993,
        0.0028996062928377795,
        0.008959460431058937,
        0.002600632111642404,
        0.1341050608772088,
        0.004582911043192185,
        0.005493251465400034,
        0.19446216362435362,
        0.0035559092916365976,
        0.002509128326508444,
        0.007248361881253821,
        0.03299542250914171,
        0.21589175020647558,
        0.21160689958325013,
        0.03396167776772971,
        0.01465044966756197,
        0.03877050387431649,
        0.052951159040612275,
        0.008956896821227026
    ],
    [
        0.007945257960559692,
        0.00042969353629520733,
        0.001278353481947178,
        0.001823910920394801,
        0.0007163913445869421,
        0.062175899279715806,
        0.0015821154629689145,
        0.002390037989958529,
        0.08598264179721472,
        0.0023650223903871367,
        0.0010422118645952746,
        0.002254616737806299,
        0.005926650735495013,
        0.6663828483822225,
        0.012741228802066119,
        0.004545418845666222,
        0.002361769544060433,
        0.02084260513009617,
        0.11326590744400633,
        0.003947418349956678
    ],
    [
        0.0213761877124486,
        0.0009089337396250382,
        0.002906972905950914,
        0.003548513640363537,
        0.0014611893956015557,
        0.052361866256086353,
        0.003442210096946643,
        0.00420791753069337,
        0.05051059827104117,
        0.00558320471060033,
        0.0013148635289241854,
        0.004018569026675597,
        0.014529793962441548,
        0.6436049466079607,
        0.02364195654674253,
        0.004310779604416873,
        0.0063465282858089726,
        0.02892570576016842,
        0.11940158825896746,
        0.007597674158536162
    ],
    [
        0.00499359935177504,
        0.0022193162794682817,
        0.8554935283616911,
        0.002026771911505533,
        0.008496208886793394,
        0.004008887905407752,
        0.006566316128284491,
        0.02062157818848,
        0.002997018514276607,
        0.0029157338438076273,
        0.0009480285504289932,
        0.0009098934613802075,
        0.005713957793044892,
        0.0021109914088162304,
        0.0018908736369225227,
        0.0015405522922775,
        0.0021085549598763346,
        0.009934072535589642,
        0.002370366016873505,
        0.06213374997330034
    ],
    [
        0.03587335266302434,
        0.0040772565696690615,
        0.019994178494965494,
        0.03422525829513035,
        0.009565492041537298,
        0.040600971695953156,
        0.20929913890093743,
        0.03612357516474677,
        0.027367493673356884,
        0.02148253228392643,
        0.0017983358866269677,
        0.0042377374664542755,
        0.3454839910600528,
        0.013250134288143579,
        0.02540288506447405,
        0.034857725808503534,
        0.08154822125128626,
        0.014417012775064781,
        0.014029798387377022,
        0.026364908228769596
    ],
    [
        0.006512966616044534,
        0.0017440484146763612,
        0.003525284147872543,
        0.007181874993111079,
        0.0022533828425488024,
        0.18161137398535632,
        0.0069394265766787285,
        0.014044545261987241,
        0.5676852333152235,
        0.005638567927994891,
        0.0027863117412254717,
        0.005435619249462295,
        0.019335221964170708,
        0.04397320563206384,
        0.022413297268850083,
        0.015568521813603603,
        0.005313051489957362,
        0.017917157675961047,
        0.06026321683439375,
        0.009857692248817674
    ],
    [
        0.004998705786384394,
        0.00018132304931946285,
        0.0006167662318667522,
        0.0013439580673159461,
        0.00033043844378013575,
        0.027566011152848024,
        0.0011563247908745115,
        0.0011145792498433093,
        0.02723784476873268,
        0.0012670342846427423,
        0.0002522641678715909,
        0.0006711174857758081,
        0.003232843048455868,
        0.06506507365965826,
        0.002625274693309356,
        0.0008752337986530939,
        0.0010231091215849167,
        0.005172335760585285,
        0.8530681059866658,
        0.0022016564518320425
    ],
    [
        0.003745051777519339,
        0.004352762136822474,
        0.0016437034999407785,
        0.002942315899101758,
        0.0016872144891454037,
        0.007000939650276917,
        0.0018829944011050422,
        0.002494483864892242,
        0.008893217069366188,
        0.0022373847062801765,
        0.01538168477729419,
        0.8895046082640289,
        0.005500886824599092,
        0.008391779562340766,
        0.019008993993640852,
        0.006079247914100802,
        0.00597871739505771,
        0.004670129928100253,
        0.006098198110721867,
        0.0025056857356651765
    ],
    [
        0.0052749576626797854,
        0.0036530434290021705,
        0.00976379124182458,
        0.01784448273421612,
        0.005011098195539137,
        0.00831496738033553,
        0.7954603758894578,
        0.0241513172705993,
        0.007386388759906821,
        0.010665110596062516,
        0.0006840645707632513,
        0.001913416785675009,
        0.0506444390045143,
        0.0038259933063844675,
        0.006469658351203052,
        0.004914321098465658,
        0.028739905870021926,
        0.0031992784048765154,
        0.004890583772816945,
        0.007192805675655107
    ],
    [
        0.004458291275864573,
        0.0005359135168412172,
        0.0007415160934985646,
        0.0018837929217177397,
        0.0007258241576934424,
        0.012673681510056725,
        0.0010242057823477296,
        0.0012459191523014218,
        0.01513075537282906,
        0.0010153548704063089,
        0.0010565525104582264,
        0.005378604078230914,
        0.009450238974923742,
        0.019240497698768337,
        0.8940070465777479,
        0.011589727087581861,
        0.0074432471901993424,
        0.005835583327848175,
        0.004918782823503369,
        0.0016444650771816687
    ],
    [
        0.0029253679331269064,
        0.0011252419608804918,
        0.001710141189065564,
        0.0022315808774806944,
        0.0014279267539503053,
        0.010261633634948098,
        0.002258828993047776,
        0.00409579468076769,
        0.013171718745475397,
        0.002128477383888142,
        0.002751687785406091,
        0.0040876375680886775,
        0.007699564217838385,
        0.007851221663869356,
        0.029655048592256816,
        0.8881931187203739,
        0.0064815167005054216,
        0.005469499691501809,
        0.003913076945579524,
        0.0025609159619488825
    ],
    [
        0.039393468307348495,
        0.0014310535683281459,
        0.005604471718954042,
        0.014062370611294749,
        0.0031410250904648847,
        0.09776994561875774,
        0.012030819108796038,
        0.008665074739839192,
        0.08225700046958064,
        0.01052310827965211,
        0.0012547254963963033,
        0.003747794246778396,
        0.03567367085487854,
        0.21607701147355057,
        0.020375210450940727,
        0.004830817086443222,
        0.010847317439350015,
        0.029303806415631517,
        0.3855021104044198,
        0.01750919861859495
    ],
    [
        0.026615526410484404,
        0.04716884977869581,
        0.01612459616356085,
        0.025035138186282294,
        0.017527292384890415,
        0.036989859889136466,
        0.019534409042976,
        0.02273608921678899,
        0.03927091090057353,
        0.015905800070801706,
        0.11006231702988017,
        0.2913908524656172,
        0.042867648934512996,
        0.02476708110715344,
        0.06753092687886242,
        0.08054705971090366,
        0.04615966747993019,
        0.026092014098745113,
        0.02258572651914761,
        0.021088233731056845
    ],
    [
        0.009405018251741391,
        0.011699026962025726,
        0.13531004526077414,
        0.026891716302981077,
        0.05906851470124954,
        0.017254863889506616,
        0.19812303554943753,
        0.34865844673510465,
        0.015439208682335418,
        0.01505143758902642,
        0.0024448212522977086,
        0.0034125015248973123,
        0.043140670480751896,
        0.007533281996937345,
        0.010050125962607882,
        0.011038587740639387,
        0.016717275303349446,
        0.013014295456260483,
        0.008778821050467001,
        0.04696830530760905
    ],
    [
        0.2042197114398732,
        0.0014050092507345395,
        0.014464996546864532,
        0.00462495889359973,
        0.003987786520351055,
        0.05964538593556305,
        0.006009286223981247,
        0.009989548093869828,
        0.03021535137855278,
        0.007827502238241904,
        0.0024695357749722046,
        0.003272598591202584,
        0.021269458930979396,
        0.050658593914533985,
        0.01238141250893261,
        0.006684332731776084,
        0.006093017381726836,
        0.4460566526353579,
        0.03689220853077013,
        0.0718326524781165
    ],
    [
        0.020994964320549748,
        0.010733122189087774,
        0.206585612116095,
        0.02772680723617678,
        0.03322636371095063,
        0.026499045211238734,
        0.21762955268326795,
        0.15891796810252273,
        0.018823155062631367,
        0.037393964520957966,
        0.002961679574045906,
        0.0038065690133225034,
        0.04417197146805214,
        0.010063818277946014,
        0.008313634286940326,
        0.007655778559555966,
        0.012180334768641374,
        0.02017525092789698,
        0.015367431211097245,
        0.11677297675902286
    ],
    [
        0.0036035809523962846,
        0.00012477880832003935,
        0.0004916981587350901,
        0.0006114909940752539,
        0.0002541010336192397,
        0.02383335168186099,
        0.0005746147544496539,
        0.0008499347013545657,
        0.02047610685619279,
        0.0009621124585086771,
        0.0002148851465147428,
        0.00047989973857519595,
        0.002904436295740942,
        0.906013493144608,
        0.005223251516781014,
        0.0012567494098155503,
        0.0009466768681705083,
        0.009207275560859995,
        0.020459083954542295,
        0.0015124779648790698
    ],
    [
        0.00731005526681211,
        0.0005458182563128855,
        0.002634520795678965,
        0.003928185918129063,
        0.001286527247531057,
        0.1602234941024321,
        0.0040791746203877495,
        0.006813254160282522,
        0.4246594694953244,
        0.0020149857157278853,
        0.0006591429953016395,
        0.0016129095804250661,
        0.01297131527430017,
        0.07424322371432107,
        0.009634635399153239,
        0.0033086235496248345,
        0.002864115975021288,
        0.029251798676936294,
        0.23931496551661707,
        0.012643783739680574
    ],
    [
        0.00707026514673826,
        0.0003464672042825008,
        0.001166966025368394,
        0.0031700829221509587,
        0.0006238093205070549,
        0.3075427671109088,
        0.0034326477957426662,
        0.003348752776180991,
        0.41288406136388917,
        0.0026953602597229497,
        0.000420643161885871,
        0.0012591736884722976,
        0.017439592126858423,
        0.08118382576096077,
        0.011574503170279563,
        0.004560843645642805,
        0.0034873843161779953,
        0.007814721596555264,
        0.12619129516803207,
        0.003786837439643365
    ],
    [
        0.008546068619801693,
        0.0009694979419140514,
        0.05054366069669584,
        0.0029043624348932943,
        0.0037430663967339788,
        0.01184161543450816,
        0.009052472278665655,
        0.022428802106041833,
        0.008387513031926655,
        0.0024355576327596577,
        0.0006554597404161814,
        0.0008735287727200902,
        0.008412268903333206,
        0.004050269291211925,
        0.002197565536221493,
        0.0016183092753600454,
        0.0018441596964659831,
        0.025428316363231084,
        0.007427336616276986,
        0.8266401692308222
    ],
    [
        0.02228808238963042,
        0.0021711019472592055,
        0.03370245578479572,
        0.0051474014090076795,
        0.0051581560914645596,
        0.16116451945033528,
        0.013006159496937942,
        0.08640369503180312,
        0.1117296462924053,
        0.01676788754406092,
        0.002709849698854865,
        0.0034072596788943493,
        0.039289246097345784,
        0.07378810796557753,
        0.021256213924710513,
        0.015016603619236912,
        0.008047286126837458,
        0.24672054286563722,
        0.04519438748489713,
        0.087031397100308
    ],
    [
        0.031628614833896174,
        0.023460545156861187,
        0.02784840432545159,
        0.02521313521038057,
        0.03333648129272158,
        0.0547140064858069,
        0.018934445561865246,
        0.037736611474422734,
        0.06435570442639905,
        0.02236911430179231,
        0.04119894685772395,
        0.05564298824748961,
        0.05055443985425519,
        0.0946612238306204,
        0.1592172864996428,
        0.06106306120786802,
        0.05439472570846214,
        0.07024472808388948,
        0.04106305490646161,
        0.03236248173398948
    ],
    [
        0.00410441240832437,
        0.003327118013733899,
        0.003364796006949358,
        0.0050069643004139,
        0.0031246307277012866,
        0.01578815864457887,
        0.005235228921884123,
        0.00945728488876018,
        0.021440591377056957,
        0.004072121522199052,
        0.006362886256522486,
        0.00905266767916317,
        0.013941276061132121,
        0.009631750783483276,
        0.0397811421859631,
        0.8163094203461886,
        0.011880060686516881,
        0.007402709688299007,
        0.006153821680073255,
        0.004562957821056172
    ],
    [
        0.013563512530583495,
        0.006798615449035211,
        0.03102269058226317,
        0.013664804154144169,
        0.006784389872967951,
        0.03462029110825282,
        0.25513399593962544,
        0.14161802289354128,
        0.027477603066564726,
        0.28207453209860317,
        0.002347717115009322,
        0.004456102956766392,
        0.06495906614434897,
        0.014429974920527196,
        0.013081731059448456,
        0.015247432746122731,
        0.021839272267862666,
        0.011198986828232772,
        0.018504867884418606,
        0.02117639038168157
    ],
    [
        0.048338750234520465,
        0.002557922735346531,
        0.01099101799549184,
        0.008512942805105228,
        0.0030039006247234426,
        0.15031478934865947,
        0.01968135766499552,
        0.016517757623198397,
        0.10943672255486148,
        0.02183237263841248,
        0.0025408747850390674,
        0.005974959231274506,
        0.03528265798618784,
        0.07655038712333645,
        0.016089268347924134,
        0.007227220268920302,
        0.009313660147212965,
        0.04487893192579692,
        0.37449103847845827,
        0.03646346748053471
    ],
    [
        0.03984998291267037,
        0.053374500642229906,
        0.02221465889422352,
        0.03650298398476612,
        0.025197012700991707,
        0.031291812700535375,
        0.03067284757713053,
        0.025298269327247717,
        0.0285932298597332,
        0.015238820339065713,
        0.014889225234313115,
        0.07527253927850625,
        0.12087667096155327,
        0.022448997240278965,
        0.09442236011134694,
        0.026959787844947215,
        0.273335434822903,
        0.021896344741248196,
        0.018593344290119582,
        0.02307117653618931
    ],
    [
        0.0021488295060674827,
        0.0009054702614982489,
        0.020182567395765245,
        0.0016302248370290225,
        0.0022086886988807856,
        0.011007998369852725,
        0.007212419861509289,
        0.8910412310541143,
        0.009935867897014086,
        0.0036614283495912336,
        0.0006225592141400904,
        0.00068528638493264,
        0.007024163514826963,
        0.003581431131947247,
        0.0023375656737375156,
        0.0026334224885317596,
        0.0016136987658446182,
        0.008186143660533435,
        0.0042037927925413455,
        0.019177210141642035
    ],
    [
        0.015480021930127116,
        0.006219288019658198,
        0.011844577244085455,
        0.06544506762226877,
        0.00919378691600102,
        0.07925471626823612,
        0.12054325953865778,
        0.05202886376840439,
        0.10076459335043494,
        0.021978872417645835,
        0.002515824482194592,
        0.009018634019810075,
        0.22108351369031953,
        0.03580022577765457,
        0.06391582932632907,
        0.029296663489483024,
        0.0835102602210661,
        0.014325836317121289,
        0.04041707027267464,
        0.017363095327827423
    ],
    [
        0.03556149466441436,
        0.0014521269057148688,
        0.01690665499406131,
        0.003836478111972846,
        0.006303498540383118,
        0.02442939950984495,
        0.0038960148484317183,
        0.009316054188648247,
        0.017323524769574092,
        0.0032522563908594085,
        0.0028327156307678177,
        0.002729235611720199,
        0.011225191207422958,
        0.0211295478898506,
        0.008740035094648338,
        0.004799697761674598,
        0.003913554963273559,
        0.7152423461647284,
        0.015492543060145506,
        0.09161762969186306
    ],
    [
        0.06988507267768927,
        0.00768240845900319,
        0.02284629501832833,
        0.055034264753632496,
        0.009255727680498442,
        0.0714293232851104,
        0.19997668576421648,
        0.03068882308021025,
        0.054724114771958585,
        0.0459860987947983,
        0.0027869981330763006,
        0.00980202052550907,
        0.14202798822568574,
        0.03800126856178612,
        0.025008880509849188,
        0.009471083867073835,
        0.04611035670242112,
        0.022768757337141454,
        0.09442400665293839,
        0.04208982519907308
    ],
    [
        0.8020878578122156,
        0.0011157465242887777,
        0.007362273099729577,
        0.006680963687351608,
        0.0026491958554390443,
        0.01778506885271623,
        0.01039602550200245,
        0.004690102819506611,
        0.009604903228615416,
        0.00740130588614134,
        0.0007414486862487197,
        0.0020079825120229208,
        0.04068131722895752,
        0.014028144159148897,
        0.008164599155872341,
        0.002745670342231051,
        0.013427220784154623,
        0.015487541656930079,
        0.015088807337720313,
        0.017853824868706708
    ],
    [
        0.012143224388854333,
        0.011415793046127512,
        0.019157892233730704,
        0.02219123158798532,
        0.014689121411272503,
        0.04305030722914916,
        0.04344244232636407,
        0.07673523033305645,
        0.04982265767640071,
        0.012731183928146577,
        0.007324341981554116,
        0.012922501920929698,
        0.07808118554775914,
        0.01586713892734177,
        0.05455942647277271,
        0.4276161110750971,
        0.04369958208393075,
        0.018760523671010595,
        0.014067536549293647,
        0.021722567609223302
    ],
    [
        0.04669839200234991,
        0.012396397856473014,
        0.035493697622710964,
        0.04298376606279562,
        0.034998609804937734,
        0.05097439840249039,
        0.04724849663805693,
        0.04312097518047388,
        0.048228398867324634,
        0.010236842000212003,
        0.009226844462960442,
        0.01815499017277376,
        0.13148100407821536,
        0.023460216567930427,
        0.08079686567099884,
        0.1420914887109285,
        0.09746921987459284,
        0.04726959056307326,
        0.021081951913446684,
        0.05658785354725483
    ],
    [
        0.0029133059025411977,
        0.0007977711692682377,
        0.0009984662736361504,
        0.004002731470253572,
        0.0012359457277973961,
        0.0025101421526518767,
        0.002842347486394949,
        0.0013807509135469569,
        0.002421446909824272,
        0.0008371093016939959,
        0.0003341338085856492,
        0.0018510419651617518,
        0.02079176990787303,
        0.0019314009531785205,
        0.018511146209341866,
        0.00410189279578459,
        0.9286157799362053,
        0.0013480748302768758,
        0.001317531240174418,
        0.001257211045809516
    ],
    [
        0.02675511251364504,
        0.017938402072172,
        0.011762496655365377,
        0.17311453866262483,
        0.04478223540731729,
        0.04867099592886038,
        0.02318298065980172,
        0.02224386836725374,
        0.05054008737235524,
        0.012476845299595024,
        0.020067886580441584,
        0.039218975835060774,
        0.07802297841786439,
        0.031036726927748077,
        0.12840945469665585,
        0.12400456156141929,
        0.08255206519140278,
        0.024231636706742454,
        0.021806514964374902,
        0.019181636179299272
    ],
    [
        0.00127084046238933,
        0.0005193998680360963,
        0.0003760850452979596,
        0.001650900873710717,
        0.0004536582207166963,
        0.0010587106468885586,
        0.0011307005517446106,
        0.0005083745469813026,
        0.0009689044438598118,
        0.00048044942157063694,
        0.00018181852994200978,
        0.001240889579693788,
        0.00903236012781193,
        0.0007870255047378893,
        0.009434120793965849,
        0.0016361951389715682,
        0.9677607820188323,
        0.0005086468712214726,
        0.0005375520418153274,
        0.00046258531181224877
    ],
    [
        0.0005304071258664687,
        0.00018511163605223756,
        0.00015716466039935562,
        0.0010042737525378707,
        0.00022670096926922235,
        0.00045651364315944093,
        0.0005223124925017701,
        0.0002225158040838403,
        0.00041477413355376367,
        0.0001938351692831051,
        6.717591577835463e-05,
        0.0003798119228707773,
        0.004415530422700156,
        0.00033465271240052654,
        0.003758601652854166,
        0.0007159963117608865,
        0.9857798752516385,
        0.00021212701676889747,
        0.00022447092413496294,
        0.000198148482385656
    ],
    [
        0.0005615526797932426,
        0.00018375909982387435,
        0.00015891097493641438,
        0.0009556956889528437,
        0.0002241723361045239,
        0.00047892335490599004,
        0.000500677999680172,
        0.0002230763811110531,
        0.00043633587931961293,
        0.0001895520030197185,
        6.961009607611455e-05,
        0.00040502226622840895,
        0.004566726301940151,
        0.0003557476637763135,
        0.004350305203702839,
        0.0007262762190041634,
        0.9849489240463725,
        0.0002252374732478844,
        0.00023510601740921722,
        0.00020438831459481646
    ],
    [
        0.010592901497598523,
        0.0022852564181732194,
        0.0023326754782893246,
        0.019564665017717874,
        0.003350912638347419,
        0.015028484734254027,
        0.0068777221015231,
        0.004146883996403473,
        0.015240366803705318,
        0.0032724266745265307,
        0.001395342049683219,
        0.00978753035356274,
        0.0840608837108112,
        0.012625070786445456,
        0.24104676286711488,
        0.017461815780354956,
        0.5348501808219064,
        0.005243774546600136,
        0.007097469634495722,
        0.0037388740884864422
    ],
    [
        0.00928891046473946,
        0.005517618438102121,
        0.0050508528750662545,
        0.017276802890877175,
        0.007036549115122701,
        0.024909617436958718,
        0.010621703578141671,
        0.011353211517730385,
        0.029524403751610882,
        0.007548195679062489,
        0.0038444440003689013,
        0.013358951034965146,
        0.06453626843632902,
        0.023002842107255807,
        0.5200357467419588,
        0.08956451719201527,
        0.13029436011471882,
        0.010527357982480645,
        0.01014499406022357,
        0.006562652582272151
    ],
    [
        0.037354193273525176,
        0.002169744993298886,
        0.00482040520597623,
        0.006516995672236356,
        0.002059953589700784,
        0.24011924498188578,
        0.008859885704094631,
        0.009007881106639292,
        0.22730424860207898,
        0.009604751789715581,
        0.003253968288190674,
        0.01293753443357045,
        0.05031613177641056,
        0.1117975696842705,
        0.061737835507642225,
        0.016966429143682047,
        0.015206929326217191,
        0.03465282143110214,
        0.13137619869690767,
        0.013937276792854846
    ],
    [
        0.003226992650652525,
        0.0013203287800042285,
        0.001520373748098772,
        0.004233887806225902,
        0.001335065009672337,
        0.003064451312368354,
        0.006391500018564563,
        0.0022796755292399246,
        0.0028821055526965633,
        0.0018993220284902153,
        0.0004210106852632694,
        0.0021474445400759394,
        0.025705088058079202,
        0.0022082558934801576,
        0.013006664277678603,
        0.005241166114919425,
        0.9184488550635216,
        0.0014270472327564008,
        0.0016953492576172791,
        0.0015454164405948373
    ],
    [
        0.005651513800482234,
        0.002360070445647815,
        0.002749310392363458,
        0.006587280520135376,
        0.0035785953537747247,
        0.01855005784836848,
        0.004035434389882697,
        0.006305908595265046,
        0.024787156914669786,
        0.003327729396121292,
        0.004360965741509535,
        0.01045524197083641,
        0.020256939483067185,
        0.017823182700064784,
        0.25725819373175196,
        0.567424969922645,
        0.023950171754207827,
        0.00933879926410389,
        0.006985924531836722,
        0.00421255324326585
    ],
    [
        0.013245678976370339,
        0.005404591358879675,
        0.006433664772259707,
        0.6413956497170522,
        0.018310633705715618,
        0.012331457198819439,
        0.03785319173475728,
        0.008932511030785573,
        0.011522261681294034,
        0.004541962687853562,
        0.0014143112752768633,
        0.005423652657686238,
        0.07284097944936865,
        0.007458539843070848,
        0.020391763794527274,
        0.007387802230916588,
        0.10178874031725876,
        0.005991386681476599,
        0.008011765575268693,
        0.009319455311362093
    ],
    [
        0.0012134280806917208,
        0.9577640758685432,
        0.003044058480677205,
        0.0027484355019901036,
        0.005814737380084748,
        0.0013081564062740448,
        0.0030005790672438704,
        0.0029886095886380586,
        0.0012491928513463997,
        0.0015236833500130193,
        0.002404479956172804,
        0.0028412636793811617,
        0.0028532844915619988,
        0.000846412852716351,
        0.0018762517959086417,
        0.0014356753537909546,
        0.003309721080840503,
        0.001120548986123318,
        0.0008626776367704434,
        0.0017947275912317449
    ],
    [
        0.011175401015748994,
        0.00025941714241850663,
        0.0012529522542566874,
        0.003777436407107662,
        0.0006599084283050969,
        0.015197547638028372,
        0.00610818427533789,
        0.0023465242600669498,
        0.007134633198362028,
        0.001831248472770659,
        0.0001510588081349854,
        0.00048682105648714127,
        0.9191028844762995,
        0.0038658022143889526,
        0.00570076037738054,
        0.0019132027147184469,
        0.009849087603686973,
        0.002626631686210044,
        0.003472009993028986,
        0.003088487977261597
    ],
    [
        0.008805840208016967,
        0.0006608818620008668,
        0.005352759528516405,
        0.0018482042326158398,
        0.002235395205349574,
        0.0217034374702036,
        0.001721060682928218,
        0.005048578154190359,
        0.018159285127365175,
        0.001402426502032745,
        0.0013198880173707504,
        0.0013857487418575322,
        0.0051361801879838825,
        0.017319302528557397,
        0.004642325691676377,
        0.0019382728624989453,
        0.0014859594526579407,
        0.8446060202379818,
        0.014630798096756107,
        0.04059763520943955
    ],
    [
        0.0006030753909063747,
        0.0008924988802223587,
        0.002631247287619787,
        0.001690413209607199,
        0.9835126686784934,
        0.0005849739495533449,
        0.0008850820185294742,
        0.001547217313461966,
        0.0005087864315878811,
        0.00029975012664440454,
        0.0002867568119676443,
        0.00026731847289057306,
        0.0011017014198866266,
        0.0003607904778065357,
        0.0005514441617947908,
        0.0004085644681570733,
        0.0006536926995856986,
        0.0009012250312647424,
        0.00032997591665370713,
        0.001982817253366449
    ],
    [
        0.9805739538501068,
        7.513968425192701e-05,
        0.00036519948059112974,
        0.0006217216461793418,
        0.00019705782279825005,
        0.0030462451346719853,
        0.0004858293150675917,
        0.0003076725341521795,
        0.0012693073335151917,
        0.00045936699188398115,
        7.536872328634653e-05,
        0.00018657252490396182,
        0.0034739298567639863,
        0.0017448302021681773,
        0.0009036944834920887,
        0.0002961487139134826,
        0.0007481705748185765,
        0.002156824629159381,
        0.0015855675582420682,
        0.0014273989400336146
    ],
    [
        0.001096036024864869,
        0.0008272895347002974,
        0.012605343904353701,
        0.0013093568930041654,
        0.0016576511099315521,
        0.004390495854326187,
        0.009124749884140948,
        0.9394387085614402,
        0.004017547890347756,
        0.003297053550745664,
        0.00037578470522761984,
        0.00042624865807492984,
        0.004150887283102984,
        0.001504161594245014,
        0.0012166452316657395,
        0.001588104598132112,
        0.0011044225835861435,
        0.0025850089089492216,
        0.0019356806829324883,
        0.007348822546228519
    ],
    [
        0.33654355720113444,
        0.0015020430467157237,
        0.014037810672420119,
        0.005035129653333989,
        0.0036240910330305933,
        0.07746620457479243,
        0.0067834007178878735,
        0.009736928172189236,
        0.031200649180733942,
        0.008342654615123575,
        0.0021618289682486863,
        0.0032072303970861957,
        0.02805597612623233,
        0.03410862090884463,
        0.01094781574844709,
        0.0051658929385685875,
        0.005756533212903289,
        0.28236503432767773,
        0.03511763615029635,
        0.09884096235433329
    ],
    [
        0.037345610918895406,
        0.0332218721465439,
        0.03002717942071579,
        0.20068227340508507,
        0.2055122153684796,
        0.03550092765891706,
        0.03975117106593517,
        0.03491438633560872,
        0.028346944808551416,
        0.03724023338133731,
        0.014245826258429302,
        0.01785373375564282,
        0.06651298798776559,
        0.02618252868562461,
        0.038176034873517985,
        0.024932036373551354,
        0.04962369761645194,
        0.026555284724819928,
        0.020569012281826112,
        0.03280604293230088
    ],
    [
        0.0184145696802514,
        0.01143765964492369,
        0.09046709769026552,
        0.01322654950873693,
        0.02679081853541567,
        0.046782836508647105,
        0.03536892973666676,
        0.3158638119528922,
        0.04036957107972978,
        0.018973025083161288,
        0.009212913092738813,
        0.008521859560208902,
        0.07091256973251572,
        0.018255686565696868,
        0.033541316827671544,
        0.0957646445524099,
        0.026102474726786527,
        0.045110012788921725,
        0.014101214579613722,
        0.060782438152745845
    ],
    [
        0.021525350237715644,
        0.0032446274793391104,
        0.012535812691622154,
        0.01260747730988849,
        0.005469004425618763,
        0.025378222320413306,
        0.03291864535080149,
        0.021261909225043445,
        0.014786810272392634,
        0.7269595155940676,
        0.0017813561756522018,
        0.00285742019275408,
        0.03935222426035502,
        0.013780560997644693,
        0.008999724811256495,
        0.00761684987277803,
        0.013084217260065057,
        0.009494409838508168,
        0.013237956528163855,
        0.013107905155919872
    ],
    [
        0.0010890442899337148,
        0.001037326563215806,
        0.024836265946151462,
        0.0012681202571553098,
        0.0023733554661820393,
        0.0029337038179925307,
        0.010076457166348182,
        0.9300860879400438,
        0.0025994986299074097,
        0.0028186568685533535,
        0.00036347511416935863,
        0.00041576379266042464,
        0.004488359388997618,
        0.0011816115259683491,
        0.001239534347795779,
        0.0016376675563044302,
        0.0014210633679066248,
        0.002208982401875627,
        0.0013111461716693836,
        0.0066138793871687316
    ],
    [
        0.08398301174330258,
        0.002479106238087207,
        0.052936085838339496,
        0.014794774513747005,
        0.022464713059179724,
        0.02855315337353831,
        0.014694333952155877,
        0.018440853942531817,
        0.018393321013044476,
        0.005529472601699549,
        0.002055178758988571,
        0.0027796662818907296,
        0.027480832389507805,
        0.01617080037891037,
        0.008937830663738442,
        0.00487088821800445,
        0.007722706799677618,
        0.12311531003170965,
        0.019581034200797473,
        0.5250169260011489
    ],
    [
        0.08952547805148812,
        0.013388352751761439,
        0.03499794543162295,
        0.09380665213132429,
        0.10160036550600494,
        0.06713112525684158,
        0.02326804690406818,
        0.029199887718386212,
        0.05201798471864192,
        0.02034461972227266,
        0.018445840610247306,
        0.01784402764055964,
        0.045773809004306214,
        0.060395566969484414,
        0.033468645098384237,
        0.016867905979666364,
        0.021412036559976252,
        0.10933077307339327,
        0.05707201405141949,
        0.09410892282015057
    ],
    [
        0.005611614541078672,
        0.002649507715034315,
        0.003921685943865286,
        0.011864491442820596,
        0.004197531708626061,
        0.005000165223034306,
        0.01684474697462351,
        0.005437311391055054,
        0.004306849415021663,
        0.0026021205486221996,
        0.0005718260367572555,
        0.0024616363114582786,
        0.1019754430973368,
        0.0028248829207403597,
        0.01449743262167009,
        0.004817871322060742,
        0.8017715459032058,
        0.002552633303702203,
        0.002363422155083633,
        0.003727281424203098
    ],
    [
        0.044071066067790515,
        0.002872466908224943,
        0.0067085328778302335,
        0.008103882936738154,
        0.0035879975370421754,
        0.12960062174693,
        0.007484737162625942,
        0.010592355807525489,
        0.08453513299100907,
        0.04137021600009865,
        0.005906348712735635,
        0.010578359428226611,
        0.027515568792471284,
        0.37320416081704505,
        0.034588847086838466,
        0.011495282107441654,
        0.010529438894152962,
        0.04892833306667477,
        0.12299634047024648,
        0.015330310588351784
    ],
    [
        0.019442645123697953,
        0.0077664773576527095,
        0.008331962811898776,
        0.01797876250708442,
        0.0054560708833614885,
        0.017415019848796072,
        0.03971210348611453,
        0.011119899850565893,
        0.014985805921945873,
        0.013755992364305178,
        0.002092895445522659,
        0.00956157730602199,
        0.1457635723885253,
        0.010921715592560092,
        0.049496356057570606,
        0.017593157037499602,
        0.5826469970340424,
        0.007657678880654209,
        0.00940873188950404,
        0.008892578212676059
    ],
    [
        0.004067148230525079,
        0.012694748694493498,
        0.012122925170502192,
        0.020372461364841735,
        0.8670624275937174,
        0.00433626310348179,
        0.008588665127463587,
        0.010448578375086703,
        0.004129349357635344,
        0.0023694480102793426,
        0.002667330623641096,
        0.003090230297432596,
        0.009695921948498698,
        0.002789554829926538,
        0.005792947569596608,
        0.004616767837870523,
        0.008447680483518348,
        0.00502602571085542,
        0.0025519476572866545,
        0.009129578013346904
    ],
    [
        0.0027645065825627085,
        0.0001080955052031797,
        0.00036999721619356685,
        0.0006560598378494754,
        0.0001844124355736473,
        0.013878653993076497,
        0.0005843682162866712,
        0.0006113529934721055,
        0.012693967401339377,
        0.0007258819068899022,
        0.0001472361068235936,
        0.00038348574392779673,
        0.0016020694333942667,
        0.0345752512268404,
        0.0012700200233326238,
        0.0003749125598762497,
        0.00048338457415113804,
        0.003440118560016958,
        0.9237430760819434,
        0.0014031496012466163
    ],
    [
        0.03213602487031337,
        0.0020743652662383112,
        0.005730698909290889,
        0.00860714757266208,
        0.003792523656574754,
        0.13231688909460315,
        0.006258928640054172,
        0.01024983750641021,
        0.09562166741067162,
        0.02178005895886368,
        0.005204637488785233,
        0.0073735241930399644,
        0.02057127434621005,
        0.41212973403783965,
        0.026589570645763262,
        0.012525433823247266,
        0.007803238570519847,
        0.05187755740218358,
        0.12274180885458742,
        0.014615078752141589
    ],
    [
        0.03388263601938414,
        0.0025341030032598583,
        0.4717853932877469,
        0.0052031985245393625,
        0.010711177115079022,
        0.019441707423269908,
        0.019282751354558248,
        0.05350656821918744,
        0.011062311750008127,
        0.013762822352451895,
        0.001563324664271664,
        0.0018640821007522756,
        0.029803878492210167,
        0.008728170033849044,
        0.00612960303752303,
        0.004879324262367969,
        0.006830579246054041,
        0.044828687376512785,
        0.008591062801720869,
        0.24560861893525318
    ],
    [
        0.006699717360592167,
        0.004111613120965116,
        0.48201251442706533,
        0.005163919478120119,
        0.011671941812929049,
        0.01022179841069948,
        0.052572609188521115,
        0.2907163506439394,
        0.008685623499830805,
        0.006630263815418974,
        0.0012828565239939493,
        0.0017826904274268686,
        0.02406538388813726,
        0.004335551019797364,
        0.005580520526248771,
        0.006417268213919065,
        0.008249954241190982,
        0.011702789358378735,
        0.004892720291432626,
        0.05320391375139282
    ],
    [
        0.005111185235312729,
        0.00025374050860192486,
        0.0009018143628078411,
        0.0028449578944137305,
        0.0006161552018320636,
        0.0048922511363760045,
        0.003482650335035868,
        0.0014692982489982853,
        0.0028816445538657953,
        0.0011192238450304307,
        0.0001211134589768916,
        0.0004398812260652281,
        0.9420071511670073,
        0.0018629224485375716,
        0.0058758470276532295,
        0.0015058408604918003,
        0.020218211004289756,
        0.0014192624809303694,
        0.001352587892079041,
        0.0016242611116940257
    ],
    [
        0.05979749986027782,
        0.0009002234655587115,
        0.0047913781831468915,
        0.004073103817047641,
        0.0024292740531180173,
        0.08636242246229817,
        0.0031716068978321797,
        0.005114530420889044,
        0.05579275859931787,
        0.002569872251328822,
        0.002047359657999903,
        0.003293900039608113,
        0.014088402286580518,
        0.06106126345485811,
        0.013658899662663558,
        0.005327932957927171,
        0.0038816490175562768,
        0.5843107916105891,
        0.05299756153523664,
        0.03432956976616545
    ],
    [
        0.034046974587054045,
        0.04757917964122332,
        0.19560817463744198,
        0.02529504905909805,
        0.1752697279928251,
        0.02414545813119692,
        0.038138413767020596,
        0.06208571010515711,
        0.020646754964710464,
        0.017578631415237047,
        0.012419723155807047,
        0.01573834963106595,
        0.06432743720640442,
        0.01755131631999585,
        0.03769538761221248,
        0.024498359854464562,
        0.05632107842976407,
        0.04480588612530348,
        0.013421158777273826,
        0.07282722858674368
    ],
    [
        0.026461459708947994,
        0.23636158521871375,
        0.02885229192806512,
        0.05538606984544671,
        0.15777833689829843,
        0.02354293674787977,
        0.020838151744469114,
        0.026261726048457182,
        0.022504120013470904,
        0.013778423135430613,
        0.05234302456024818,
        0.07320898527824038,
        0.045590101420697186,
        0.020100483920330557,
        0.050256748687340036,
        0.019887816117287505,
        0.05753811538467215,
        0.025921562427264226,
        0.015932747506066092,
        0.027455313408674156
    ],
    [
        0.2772657297722868,
        0.006693659662146552,
        0.013805367326524686,
        0.05577208325430272,
        0.015459644268190482,
        0.046053881862862,
        0.023529325677076645,
        0.011612365872676899,
        0.036390721310525245,
        0.011464152911005873,
        0.0055838142212866135,
        0.02164807419825633,
        0.09911187723210167,
        0.04717633661827289,
        0.0791927863077241,
        0.02170906564874914,
        0.11737329662961606,
        0.04049002608471087,
        0.03943830704172978,
        0.030229484099954667
    ],
    [
        0.01576907729696863,
        0.09397585044679471,
        0.010193850134864702,
        0.03981713573696973,
        0.018797635506729887,
        0.02571201886936541,
        0.01675087509117835,
        0.015566796593065608,
        0.032196960329140316,
        0.008908710179650677,
        0.05680171819994427,
        0.4089941366066291,
        0.034811290599096545,
        0.020406622706874402,
        0.07155845273574422,
        0.02876800629643671,
        0.05051568920092348,
        0.016196682739079694,
        0.020246196274467203,
        0.01401229445607632
    ],
    [
        0.010220057478522076,
        0.0036775951974094257,
        0.003704708547385325,
        0.013058218222161806,
        0.005139158995701712,
        0.025074373435782758,
        0.006514265953217,
        0.007074818972446896,
        0.034040867587517114,
        0.0036101372202290397,
        0.00571913485625342,
        0.02171479458348722,
        0.03352405175857094,
        0.02125725713806535,
        0.4322662745865232,
        0.2921049362987286,
        0.05099874681083471,
        0.012875057650365696,
        0.010970779565399056,
        0.00645476514139867
    ],
    [
        0.010833383925827991,
        0.00600229422171363,
        0.026900348250187445,
        0.0239432786041705,
        0.008701310982947724,
        0.04799840593907348,
        0.3426342984509097,
        0.24301429235965247,
        0.04782302171827071,
        0.04177932178384962,
        0.0020996002998998364,
        0.004273618672042666,
        0.06476470046579026,
        0.01681546760308826,
        0.013606721550923039,
        0.012357904733579212,
        0.017177077586976126,
        0.012869866700516791,
        0.028341152313431688,
        0.028063933837148898
    ],
    [
        0.06345557430433235,
        0.004683215414097185,
        0.014380772631761714,
        0.09792911430930379,
        0.011383081517171703,
        0.04438632606744517,
        0.08353738344496422,
        0.017181698080085087,
        0.028206868634446693,
        0.02180146104835875,
        0.0015420290920349156,
        0.005157468771314456,
        0.40623737736808535,
        0.02266186024274521,
        0.028792410072789647,
        0.007343518648900313,
        0.07335970155502174,
        0.01622071145821864,
        0.025105354769499214,
        0.026634072569423878
    ],
    [
        0.042974017533162524,
        0.014682351305931308,
        0.1278073156301454,
        0.027189815669715588,
        0.08353190830187024,
        0.04158162395971662,
        0.04202278797950798,
        0.08136074959711082,
        0.03470004108676472,
        0.013218295054945525,
        0.011362029720484602,
        0.011277768222650992,
        0.07546018863699597,
        0.020224919694989588,
        0.03895369005216533,
        0.06834747576732562,
        0.038554777291168636,
        0.07855519125996156,
        0.01719262553076038,
        0.13100242770462656
    ],
    [
        0.026554038811733714,
        0.002413285269670766,
        0.044424121608352365,
        0.009507850346201812,
        0.009949635187074876,
        0.13764683522203933,
        0.021380362292946042,
        0.13491573060645135,
        0.07928639961613326,
        0.009670126329939533,
        0.0020568557351062665,
        0.003128660073862209,
        0.13668466935430829,
        0.02899411633737676,
        0.02733497863888601,
        0.02000986008547231,
        0.013791613076588898,
        0.12813281111698768,
        0.020669477551138432,
        0.14344857273973008
    ],
    [
        0.004553443066653085,
        0.0021166327749012914,
        0.002837091297109779,
        0.006975976998069938,
        0.0031623343755818357,
        0.012099780368535255,
        0.006791638080088393,
        0.007516188420380166,
        0.012516600585444288,
        0.0035000922111807723,
        0.001648024302270553,
        0.0042398981148913635,
        0.039793924785649686,
        0.006228656867356885,
        0.06722376380094497,
        0.7578450454846467,
        0.049156395668671554,
        0.004636303937717467,
        0.0035953652330966744,
        0.0035628436268092174
    ],
    [
        0.005356011878829923,
        0.00018736395298965915,
        0.0012353177731482144,
        0.0014905127121345465,
        0.00047987542519101943,
        0.7918928574672325,
        0.002242637987137885,
        0.003784254237904849,
        0.10713787101393586,
        0.00232263139219022,
        0.00023173445307975507,
        0.0004003256216818271,
        0.01024216946181905,
        0.02343007050495528,
        0.0033474825430690226,
        0.002222814939038552,
        0.001214912256277362,
        0.011842970146657167,
        0.025305609350452885,
        0.005632576882274161
    ],
    [
        0.1293005098545945,
        0.00783511743799368,
        0.1080189946119624,
        0.013123481724115992,
        0.011842485496144688,
        0.06008910378454516,
        0.04900576845492842,
        0.04394279913700281,
        0.03589695448945263,
        0.03395855855756065,
        0.004010674843354149,
        0.007657539811544672,
        0.11472027819306933,
        0.028689183434574238,
        0.025768589098750003,
        0.012347105785384347,
        0.028176853516786067,
        0.08393562502804873,
        0.031280755188747296,
        0.17039962155144026
    ],
    [
        0.008568161551045846,
        0.00045570695234264827,
        0.0035917852900569174,
        0.0019392086919002354,
        0.0018774716558948854,
        0.0368646827143588,
        0.001691641309537664,
        0.004912670549073012,
        0.030721349152021144,
        0.001396192755254014,
        0.0009692112159387596,
        0.0011034087806488316,
        0.006477091363434434,
        0.02967583438639812,
        0.007236169284148552,
        0.003966423321030913,
        0.0017652506408165098,
        0.8220783774977101,
        0.013661990625474973,
        0.02104737226291361
    ],
    [
        0.09587199108874098,
        0.006166289385130642,
        0.13804553212631535,
        0.017848643443415118,
        0.015871431299202605,
        0.045012977186169166,
        0.10345859509059498,
        0.06511185009558164,
        0.022699663786906795,
        0.07320475057766523,
        0.002550286408280828,
        0.004067910736213889,
        0.16287609620848773,
        0.016008733800869826,
        0.015282505118976237,
        0.011243502054683491,
        0.02573278198086104,
        0.03635361110716675,
        0.016894130152432484,
        0.12569871835230526
    ],
    [
        0.005777246774801618,
        0.001935316770259655,
        0.0039013159979920486,
        0.0037929586979676294,
        0.002852661495352227,
        0.019877730217475433,
        0.004446908480669209,
        0.009282187989612261,
        0.022103497020223937,
        0.005177673299967636,
        0.004513911931121592,
        0.0049888568349098165,
        0.013974203532690833,
        0.01402873372263225,
        0.034497203956181964,
        0.8150833756831818,
        0.00945264659349109,
        0.011872180719445114,
        0.006848484989586947,
        0.005592905292436992
    ],
    [
        0.011896223153141393,
        0.0038731546117665595,
        0.030209999840987916,
        0.016369132534129357,
        0.008938374579463003,
        0.0915492710496281,
        0.07699349791946401,
        0.330581579859993,
        0.12596755895010964,
        0.01046534560375718,
        0.0022357912708028654,
        0.004398096019077637,
        0.07779921193450821,
        0.024723095038786648,
        0.02309602362981166,
        0.02147863740029388,
        0.016226793511938193,
        0.03073300215183789,
        0.03616501123938335,
        0.05630019970111939
    ],
    [
        0.0045969310942973384,
        0.0019132039820251392,
        0.0019545746090482074,
        0.009239009827312405,
        0.0017992473317712857,
        0.003774324645479276,
        0.014062621394433662,
        0.0028111901478731238,
        0.0032373846430936142,
        0.002489660020669199,
        0.0004292966751068786,
        0.002275906433343194,
        0.05729489478494879,
        0.0021484013422176994,
        0.009668886892689446,
        0.0034807215198126465,
        0.8731527819694567,
        0.001532998451728502,
        0.002032573477092064,
        0.0021053907576006887
    ],
    [
        0.0021844387856132753,
        0.0015581021923381216,
        0.005123714069987422,
        0.009746639373327527,
        0.9510693167947741,
        0.0017830983000655374,
        0.002908765569911574,
        0.003368929658474448,
        0.0014123359118306772,
        0.000843694536626395,
        0.00044184249076767397,
        0.0006049796434922576,
        0.004747074508081892,
        0.001027028229331221,
        0.0015941527421111158,
        0.0008582225575796371,
        0.0022995977124549774,
        0.002206331613805221,
        0.0009417635961971572,
        0.005279971713229926
    ],
    [
        0.02413967861056961,
        0.02160569570440906,
        0.028649024350964277,
        0.3785851102933711,
        0.09197792297595288,
        0.03348028475238972,
        0.07769110793277911,
        0.039631279126020255,
        0.034356504333200054,
        0.012531826375244333,
        0.0066733631096297765,
        0.01351537081668582,
        0.052880352653652575,
        0.019349805326813185,
        0.023242945122750193,
        0.01386718853965882,
        0.03185321642858147,
        0.022054010635609266,
        0.029051515755922356,
        0.044863797155796144
    ],
    [
        0.008121661029955245,
        0.001178204356630414,
        0.004061056424061358,
        0.004420916260529224,
        0.0021303460559915608,
        0.14256925165746592,
        0.005043512408731741,
        0.01240645121175055,
        0.510757097880565,
        0.0037005372781442817,
        0.0024093634399438065,
        0.0043852879088008495,
        0.016159507846627265,
        0.09890937551870298,
        0.03101001102384988,
        0.023416331530158815,
        0.005536137933037922,
        0.0432506620452623,
        0.06833953703632784,
        0.012194751153463084
    ],
    [
        0.025846160515008414,
        0.0018873324229779008,
        0.006388146007024717,
        0.007269751803693674,
        0.002322666146358796,
        0.09156489091962575,
        0.011044933974220574,
        0.010587198790275448,
        0.08244659202157835,
        0.010823281540925394,
        0.002199233441037543,
        0.0052313103434053826,
        0.017734474833340494,
        0.055179111542825884,
        0.009600292200448295,
        0.00436034407881873,
        0.005370181764709872,
        0.027170306730808502,
        0.6007380513919303,
        0.022235739530986023
    ],
    [
        0.016973647232736,
        0.007861604063801386,
        0.037268064491189544,
        0.042353082434399586,
        0.015933178436070717,
        0.021923994607886774,
        0.5618884497499782,
        0.052993127683669816,
        0.020501781634873133,
        0.010790012488854844,
        0.0018719764311302496,
        0.004780727137033016,
        0.0735858751800429,
        0.009642061906215891,
        0.01293635319046937,
        0.009171282777896857,
        0.03312735789216086,
        0.01211167650034122,
        0.015914008255700607,
        0.03837173790554888
    ],
    [
        0.08164809852889986,
        0.05451373036440624,
        0.019361420815812016,
        0.06617823158616959,
        0.03420185840544737,
        0.03642775494508832,
        0.024377552836975895,
        0.01644981530557009,
        0.033300632358721965,
        0.01622891599501666,
        0.044018511972209184,
        0.18535538844713031,
        0.060977066211565435,
        0.03371975661987756,
        0.07642631054344251,
        0.026820878733400732,
        0.09463926685837856,
        0.034075177923728564,
        0.031856266503285095,
        0.029423365044874007
    ],
    [
        0.039638652800371765,
        0.01043895437023971,
        0.05413066784803345,
        0.019953755219749774,
        0.009502601366578026,
        0.039708732148660476,
        0.3570454655080147,
        0.05934430586796616,
        0.029716905172653248,
        0.08849626145591899,
        0.0032165544247173697,
        0.007324539814788091,
        0.09755022641277508,
        0.018307043956367768,
        0.01841233194631686,
        0.014961346691742072,
        0.03940716089474521,
        0.01979754154864296,
        0.027865888561754534,
        0.04518106398996381
    ],
    [
        0.019582157390232096,
        0.008891195878037418,
        0.017566066225224802,
        0.04469596411416203,
        0.01104267348811757,
        0.05614335540352211,
        0.14107838294257222,
        0.04630500929098444,
        0.056740041685562605,
        0.01417708635227167,
        0.002994596472717648,
        0.009354994349112604,
        0.29437069004291355,
        0.018116651266830576,
        0.05840199204631766,
        0.04149165441869979,
        0.09498082721077891,
        0.017085422099051256,
        0.020837054315618008,
        0.026144185007272967
    ],
    [
        0.0014879167159687547,
        0.00018675717944232627,
        0.0004923145642112642,
        0.0013143348696235664,
        0.000339208339009097,
        0.10865780311742063,
        0.001018358496921422,
        0.0018134210285767152,
        0.8150932068008818,
        0.0009152828879581753,
        0.0002957793258855572,
        0.0006777884469303376,
        0.004583932063536001,
        0.0279840960192291,
        0.00641409397096795,
        0.002992980782642509,
        0.0010884458257018387,
        0.003884690760601155,
        0.019242638342601932,
        0.0015169504618898057
    ],
    [
        0.004535882042351853,
        0.0008066013655066063,
        0.005690778409132994,
        0.008090993243646207,
        0.002044612694797876,
        0.004117214718454953,
        0.8940057226675173,
        0.00796339473446486,
        0.002837825495226661,
        0.004563558751600255,
        0.00019853675349520397,
        0.0005156705343029124,
        0.0418606712237956,
        0.001623111708892004,
        0.002041274953987903,
        0.0012700725733526786,
        0.00866803052744751,
        0.001690252214954427,
        0.0022177341361898084,
        0.0052580612508823085
    ],
    [
        0.0002507843409980344,
        0.9901945611212357,
        0.0004948178039544671,
        0.0005154874363520822,
        0.0007308943730239287,
        0.00035784816022569704,
        0.0005197149069760922,
        0.000652917909142349,
        0.00036757779363823673,
        0.00032846449343647835,
        0.0008957972823534048,
        0.0012517539560591563,
        0.0006671523721859613,
        0.0002358157485033649,
        0.0005791311885808561,
        0.00035537352657069105,
        0.0007308357406402385,
        0.000273998947458982,
        0.0002346336976908486,
        0.00036243920097357946
    ],
    [
        0.02057267382141962,
        0.0008283870068439927,
        0.0037577891226713185,
        0.004770230331929714,
        0.0018892438405253634,
        0.15773288164286575,
        0.0042052376721982854,
        0.0069461348223108545,
        0.11674052126270217,
        0.006071043039972747,
        0.0016788761034835101,
        0.002546736998968895,
        0.010843549789762607,
        0.1781160546852727,
        0.008662832281293645,
        0.004733711900981437,
        0.0030543439667070973,
        0.05541490804695142,
        0.3952599072844471,
        0.016174936378691704
    ],
    [
        0.021324478573089202,
        0.0012150689728461647,
        0.03035804391638211,
        0.0049491859892037745,
        0.006331465738771241,
        0.06185091643028067,
        0.008594664456027907,
        0.036156428266156025,
        0.043477688522210824,
        0.004991211611845033,
        0.0014425623633223964,
        0.0018164836130543974,
        0.02410352956353777,
        0.030878627739968193,
        0.011447451195844007,
        0.008276519797899428,
        0.005180281944797372,
        0.4854852381596211,
        0.022282138963682325,
        0.18983801418146015
    ],
    [
        0.035459811912127964,
        0.01716318484555563,
        0.09853450346555541,
        0.06556916991785157,
        0.19259214591895749,
        0.040047584663013995,
        0.045257929515250546,
        0.07341723128550336,
        0.03236198621653421,
        0.01617402714647745,
        0.010503028649872714,
        0.00914754516439265,
        0.039003573166478366,
        0.019490955025855218,
        0.015453795905791335,
        0.012907385756497908,
        0.014837869673326395,
        0.05398095168849837,
        0.026810588769594888,
        0.18128673131286463
    ],
    [
        0.01743466192749435,
        0.004154846030528921,
        0.2601601900154467,
        0.014228209611936276,
        0.01575721985793487,
        0.014749821258570786,
        0.35976038280448097,
        0.1016112878682865,
        0.009920866722712102,
        0.01541961964008468,
        0.0011544319574860729,
        0.0018611476547238785,
        0.04439281778990578,
        0.005442736539697761,
        0.005060718797637832,
        0.00439200840878245,
        0.01039883982061427,
        0.011748883048431217,
        0.00805269022837394,
        0.0942986200168706
    ],
    [
        0.03466726677272944,
        0.011052379264703593,
        0.029211427917894696,
        0.015429094805589214,
        0.007356450663258771,
        0.07283378590294579,
        0.09517448958075361,
        0.05730143778334836,
        0.06735673535872842,
        0.046078075623676176,
        0.0049789695841764865,
        0.016150350875666512,
        0.19124564654745294,
        0.034356133894648234,
        0.0707696770108406,
        0.052034405171832554,
        0.0986409997875102,
        0.02779155709017845,
        0.03584693374492269,
        0.031724182619143323
    ],
    [
        0.01720466249695596,
        0.006319368603413966,
        0.01085776697821901,
        0.02580388352242524,
        0.011707830118796511,
        0.027027224248300712,
        0.030801766331678467,
        0.022012449159762474,
        0.024141146441794985,
        0.009273840390930682,
        0.003490765039175645,
        0.009159463412959753,
        0.16550251196518337,
        0.012155023956346664,
        0.0835009556345003,
        0.29388835362533516,
        0.21326322353187724,
        0.012382642633741095,
        0.008623746878343249,
        0.012883375030259566
    ]
]