[
    [
        0.08962851998188427,
        0.05103412254176163,
        0.0538549407319766,
        0.00768507219320441,
        0.024395374385610815,
        0.0217306417806169,
        0.004683902821349449,
        0.021677995328616948,
        0.10223148181516777,
        0.047324929207485156,
        0.38542267749861203,
        0.0033568420549926056,
        0.007471646198502159,
        0.010816305690342993,
        0.02400433525849969,
        0.09719711903728336,
        0.028258409345894867,
        0.006631438836715115,
        0.004699588072709288,
        0.007894657218773984
    ],
    [
        0.02556071211245062,
        0.016003889866801947,
        0.04001546941954355,
        0.5120521074078851,
        0.01329465071521879,
        0.02121062250199647,
        0.00567580868282311,
        0.00615279765162132,
        0.030730222090032035,
        0.04038443865767109,
        0.018227505037669726,
        0.0021815961442107376,
        0.005166322271137556,
        0.16277924000338526,
        0.01731119744104494,
        0.017892811057853425,
        0.04030958348575467,
        0.007079481055139382,
        0.011324054277758674,
        0.006647490120001638
    ],
    [
        0.04903699322250456,
        0.016523987234776227,
        0.05446435962272997,
        0.12229037870113095,
        0.08719320856153664,
        0.058832093563661446,
        0.011110262300757082,
        0.005653000306413137,
        0.05467267651388182,
        0.047388767955992145,
        0.058859024962414005,
        0.002443034312207496,
        0.005096825460085649,
        0.27305631635071165,
        0.0226530399060029,
        0.07069840400756916,
        0.03231170692859007,
        0.008559871062012763,
        0.008077169419013363,
        0.011078879608009077
    ],
    [
        0.014828209491510843,
        0.0798870764386078,
        0.03475801589853374,
        0.056056274443568865,
        0.009288140754531552,
        0.02060566435483761,
        0.03452434646209685,
        0.015596888131790424,
        0.032864852657668156,
        0.1291739101929921,
        0.017907147484921355,
        0.0033284817880498865,
        0.04749199603410832,
        0.012737427089438586,
        0.06584207126085799,
        0.009526223401576307,
        0.36762815263977416,
        0.0070827686464620945,
        0.03626724706395851,
        0.004605105764714891
    ],
    [
        0.051900769440322334,
        0.07484174796779966,
        0.03456411550239499,
        0.030661193314866924,
        0.04103409318308559,
        0.08149076132756185,
        0.06481103044904535,
        0.032731983314022745,
        0.16351145202950101,
        0.04249040042304782,
        0.07024435765122358,
        0.004675897640954972,
        0.013651172618301613,
        0.05291810387749211,
        0.07735383318798088,
        0.031750007451750294,
        0.04267125577590406,
        0.05033720417716849,
        0.01270819806831449,
        0.025652422599261294
    ],
    [
        0.02659062128812904,
        0.013230635402917001,
        0.01537692077183844,
        0.0029716512518363834,
        0.03478966056428483,
        0.017212479409649862,
        0.00308756765027346,
        0.003516576963041739,
        0.053746504597276985,
        0.015711173587134974,
        0.7280434212212292,
        0.0007574571116902667,
        0.0021267814202575452,
        0.005261350952984605,
        0.011262666724784057,
        0.05195829482240298,
        0.008647931709323096,
        0.0019306574268252534,
        0.0013313876623122995,
        0.002446259461807901
    ],
    [
        0.016003020300578687,
        0.004297316542495936,
        0.0043688820493597265,
        0.0034815868260035933,
        0.003168343083532698,
        0.0035499841020450386,
        0.004074939624398087,
        0.0027209537071660205,
        0.006126310432599328,
        0.004791842954817234,
        0.005075354579177542,
        0.0020791613665734616,
        0.0017881511090637502,
        0.0035975159251644107,
        0.0026296918947098513,
        0.010262943594075664,
        0.004050017845961259,
        0.26108226100475657,
        0.005428847127984525,
        0.6514228759295366
    ],
    [
        0.020718052179083377,
        0.41535173490839244,
        0.010697979235403257,
        0.005199730857942845,
        0.010027524157579196,
        0.041785140785906415,
        0.020799984782621482,
        0.050475395106326065,
        0.1339907800007284,
        0.022592234642930305,
        0.044596883930757156,
        0.002106387255553419,
        0.0349570051286956,
        0.0058824206409330984,
        0.11015431196092243,
        0.009882213217042081,
        0.03993377941257855,
        0.0076735611777547395,
        0.009161295820390467,
        0.004013584798458661
    ],
    [
        0.012952520087981994,
        0.04286518175348075,
        0.00604761179653281,
        0.004975927308895401,
        0.009026866898675935,
        0.34757539110404906,
        0.003663070200710499,
        0.009549851556838162,
        0.4194655635917234,
        0.008804748469354319,
        0.032785163433810924,
        0.0005092093813830407,
        0.003742430297298202,
        0.012179153190713445,
        0.057132130590200524,
        0.005647595056694411,
        0.018151035023484918,
        0.0014467293215180532,
        0.0025776862549288446,
        0.0009021346817253161
    ],
    [
        0.016009796914516802,
        0.5120119318636575,
        0.013397843178999913,
        0.004866425575121946,
        0.00627030854807675,
        0.021215932991282584,
        0.005879787936318777,
        0.017419795430874303,
        0.07412961362094089,
        0.045423148478226226,
        0.03941746365760575,
        0.0011142912487377432,
        0.03166615142997539,
        0.0038310610016278643,
        0.09314192117422763,
        0.008018360401470035,
        0.09426608927582919,
        0.002307264983096292,
        0.007888820288610154,
        0.0017239920008043285
    ],
    [
        0.005543390595563868,
        0.028873141347862077,
        0.0019626521614914843,
        0.0016888103044215108,
        0.0019573431888334054,
        0.015098295223550693,
        0.0013944854222392535,
        0.0030133315299237504,
        0.89729406571989,
        0.0030186702451389445,
        0.01246841664699571,
        0.00020277976761991212,
        0.002286188195586996,
        0.003503806658931459,
        0.010403667765878423,
        0.001974980744586447,
        0.0075770209014363685,
        0.0005288805624326952,
        0.0008731274050507933,
        0.0003369456125663214
    ],
    [
        0.0027148150093761255,
        0.006548645904073427,
        0.0019748154084700785,
        0.0009125316631568765,
        0.0013850984709765201,
        0.0040150198602163295,
        0.0008158812313471202,
        0.955928152902631,
        0.005381940587415388,
        0.0017693370267564562,
        0.0034829241780183666,
        0.0007466443604050087,
        0.0017082604227623092,
        0.0014676214365991838,
        0.004911678747630696,
        0.0014834863937127328,
        0.002403855592354657,
        0.0007578635801425804,
        0.0011249125519656852,
        0.0004665146719890624
    ],
    [
        0.001813620251671657,
        0.0371577169091242,
        0.0012756641601585103,
        0.0010601281231972046,
        0.0006289287189348062,
        0.0016515418921200576,
        0.002722322189893849,
        0.0033058625020996263,
        0.0062995712398102284,
        0.0030780971096927845,
        0.0022758432362084517,
        0.0004348628720781429,
        0.9178860226128409,
        0.0007014339818426729,
        0.004821805790806326,
        0.0008522943825377537,
        0.010396264222991001,
        0.0006961140111250317,
        0.0025339889906948175,
        0.00040791680217207494
    ],
    [
        0.009455142364453948,
        0.06927452290066065,
        0.011389277590383376,
        0.007694276937815375,
        0.008703661853810291,
        0.10189494927824866,
        0.005336040636430602,
        0.02756643916407777,
        0.04307642674605972,
        0.021411188294968797,
        0.017745269670969236,
        0.0008505194962030008,
        0.006821402640752494,
        0.008460086623674094,
        0.6115802139389815,
        0.004964883000815622,
        0.03307993437625816,
        0.002245399682700503,
        0.007037024370468926,
        0.0014133404322671781
    ],
    [
        0.024201728663289537,
        0.012523940752959413,
        0.018354650441102068,
        0.01515784376665427,
        0.009004023472389884,
        0.008487985951717875,
        0.011765687500514356,
        0.0070638466682598,
        0.013651814610646053,
        0.022336052316707967,
        0.012839133639879588,
        0.00579684956213762,
        0.005849586136584849,
        0.009981643375325089,
        0.008995942816368537,
        0.02109162320922976,
        0.01540981897779313,
        0.20355692339883555,
        0.01549328658292556,
        0.5584376181566791
    ],
    [
        0.7407977866284422,
        0.007681489623906936,
        0.0099325522394095,
        0.0026655586055384043,
        0.005919400268303578,
        0.007341400370668691,
        0.0015055266149977724,
        0.0034739604707412844,
        0.01704903886579848,
        0.00865173966414963,
        0.030598708001815828,
        0.0009953047141287718,
        0.001867807129936158,
        0.0037143615797387525,
        0.0037615785540512318,
        0.1388822176903392,
        0.0065361492414684145,
        0.0018552305172074481,
        0.003961785024196693,
        0.00280840419516125
    ],
    [
        0.10008935617566744,
        0.0585392013482446,
        0.015521342030603076,
        0.027336864947606735,
        0.010435687884876935,
        0.05288986343562322,
        0.009835073711914598,
        0.00811833861290867,
        0.4709294361141417,
        0.026521123120635138,
        0.03938491891005068,
        0.0012759354706883604,
        0.008448671277727637,
        0.03880484609981839,
        0.024104497553057432,
        0.020937651998169566,
        0.062369298740515465,
        0.006951538536643019,
        0.013027673748262447,
        0.004478680282844984
    ],
    [
        0.0009836556344089374,
        0.0010610702903907957,
        0.0035281679198934956,
        0.9657327759977976,
        0.0011323459184399193,
        0.0013359666608647727,
        0.000851507350757239,
        0.0004377056626642819,
        0.0017886961747245074,
        0.003516822749565128,
        0.0011896981431214855,
        0.00020108719600717603,
        0.00048433592529351695,
        0.00993627217775177,
        0.0012713594269671649,
        0.000958528599352205,
        0.004292656833072531,
        0.0003977578351492474,
        0.0005739565155507802,
        0.0003256329882273419
    ],
    [
        0.10050137517606965,
        0.040735145150300175,
        0.07670422982972976,
        0.02706323278241746,
        0.030312725591879128,
        0.01742109265157979,
        0.018258244308468962,
        0.0253033189762833,
        0.05026367708388858,
        0.05855498726053889,
        0.08933046915634876,
        0.0731568393871957,
        0.036586046261041345,
        0.023754579847597268,
        0.018292016356621192,
        0.17114511350508727,
        0.04580182176609256,
        0.026499644845641913,
        0.018099491463632923,
        0.052215948599585435
    ],
    [
        1.7782647585728826e-05,
        1.1960724501887151e-05,
        1.748126745430693e-05,
        9.1432559039979e-06,
        9.543304372516267e-06,
        7.444022189856491e-06,
        8.020903961769407e-06,
        1.7930172735428587e-05,
        1.3108220422845844e-05,
        1.2400606856875595e-05,
        1.6751378740012574e-05,
        0.9997673884891309,
        1.1583738844834283e-05,
        8.989377562771834e-06,
        7.16245055920377e-06,
        2.108714743637147e-05,
        1.252122779679109e-05,
        1.120422880874427e-05,
        7.064969208749153e-06,
        1.1431865926516887e-05
    ],
    [
        0.0014891675709231636,
        0.004315876220263577,
        0.0012592082790758876,
        0.000490574329923785,
        0.0009029519496693887,
        0.0023183002073824364,
        0.0007262608834297097,
        0.9725245499366518,
        0.003323276951302753,
        0.0011714537733300665,
        0.0024156441185833374,
        0.000504953906357597,
        0.001163580555334103,
        0.0006855532367367143,
        0.0028737705395007426,
        0.0009227633760800145,
        0.0016590483423786523,
        0.00042740470786254467,
        0.0005730195083565522,
        0.00025264160685737144
    ],
    [
        0.01010366233305797,
        0.17195908421149267,
        0.022039888016594487,
        0.005895604247325435,
        0.012838167393887752,
        0.033546587027993756,
        0.015729245250789916,
        0.014271882633214997,
        0.07125447917411584,
        0.08091405437535003,
        0.05595629971013082,
        0.0009144153905404401,
        0.009114534157673028,
        0.004668214195531051,
        0.40282102662442243,
        0.0075921580721610244,
        0.07257812323486564,
        0.002539014577219019,
        0.003483499737998951,
        0.001780059635634825
    ],
    [
        0.005193499905810089,
        0.0011939300894569292,
        0.0015262874964545167,
        0.0012318698283367868,
        0.0010497488914946364,
        0.0009210019319843458,
        0.0010715110169905962,
        0.0005430922833847729,
        0.0017934469020811836,
        0.0017440312334770479,
        0.0017531593818999457,
        0.0006059856620556387,
        0.0005636217647621269,
        0.001133460340523979,
        0.0007214079565653583,
        0.004325730349005992,
        0.0013052631539143943,
        0.020287941978537102,
        0.0013963503268906792,
        0.9516386595063739
    ],
    [
        0.001920942366409898,
        0.0007461304616478836,
        0.006567495880200863,
        0.0009639375092170645,
        0.9490623586721098,
        0.0035866764284584597,
        0.0005688561269544354,
        0.00050113743226826,
        0.0022549720204137684,
        0.0022902238253346262,
        0.015513859215688318,
        0.00016169736528517012,
        0.0001858387395155712,
        0.0022841556448256802,
        0.0013360119615794443,
        0.01033591487026585,
        0.0009634022753397472,
        0.00024739485949418775,
        0.00017432976687591802,
        0.0003346645781148317
    ],
    [
        0.028157704130360738,
        0.009495776770107059,
        0.27379768554350936,
        0.014200520375080697,
        0.12132913606586287,
        0.012923421967755358,
        0.006202711103818312,
        0.00743115263315435,
        0.017035373792493962,
        0.04854856849143186,
        0.09991704634326722,
        0.005847211290935621,
        0.0034868701479550705,
        0.015233794061189998,
        0.010163935847088166,
        0.2961550936438381,
        0.015532774481042462,
        0.004049203531257558,
        0.0030431853738172978,
        0.0074488344060339145
    ],
    [
        0.007291833732142297,
        0.013896778139076289,
        0.00392625333105916,
        0.003781722257857087,
        0.008285323889534311,
        0.8201170218097965,
        0.003981133837586357,
        0.005999072541501143,
        0.040861664254353884,
        0.005356873245509231,
        0.0114607589672622,
        0.0003810106838150516,
        0.0017704074514514057,
        0.009374277475775248,
        0.04762183160349872,
        0.0035467484506289514,
        0.007553705263280814,
        0.0014976682762070858,
        0.0024027277405968012,
        0.0008931870490675794
    ],
    [
        0.021411434397614292,
        0.01380916213389122,
        0.2565997298280547,
        0.025289664427303463,
        0.2539870686596036,
        0.04189636251097892,
        0.004571256455594677,
        0.012572207672316232,
        0.027727552940299435,
        0.05567839413280727,
        0.11015036403371262,
        0.0036930727564917385,
        0.003601911698926363,
        0.04499347002225343,
        0.02937866027901119,
        0.06195986340166535,
        0.021349109999913934,
        0.0035238319337029225,
        0.0034247148882384686,
        0.004382167827620212
    ],
    [
        0.0672174904872577,
        0.0970977972394412,
        0.05526694168498127,
        0.03252988322486444,
        0.013846678453173214,
        0.016457443094705065,
        0.01895878301349932,
        0.025717640398591625,
        0.08495384101409655,
        0.07662761491933061,
        0.06593968933917625,
        0.019642946159990664,
        0.1410513937347641,
        0.018398443886733416,
        0.022540156586784994,
        0.04519975897065399,
        0.15766107873512797,
        0.010244118418367747,
        0.02121393824766621,
        0.009434362390793592
    ],
    [
        0.006219224991920193,
        0.00467451900648551,
        0.009856464617142095,
        0.041547147684666205,
        0.00881582768167534,
        0.012407762872186534,
        0.0019147708364203042,
        0.003613825230323609,
        0.012537641609784269,
        0.006267847664510666,
        0.008072701523835194,
        0.0009935085122123358,
        0.00160536252643975,
        0.856763316204624,
        0.006644622320810114,
        0.005711351925001332,
        0.006848267081351127,
        0.0020155652458226487,
        0.001824864649564889,
        0.0016654078152240465
    ],
    [
        0.013259904174542987,
        0.36375399156223487,
        0.009010171077180456,
        0.005905483227521686,
        0.0030686887633866824,
        0.007060822927578234,
        0.008928611612543547,
        0.008366003654806532,
        0.04951865022137382,
        0.03455337771341373,
        0.016744706875145222,
        0.001351645933103736,
        0.2634299909883222,
        0.0031902569165136543,
        0.019998018256867787,
        0.0058078787708488126,
        0.17013847913532604,
        0.003276814700486603,
        0.010457347534233436,
        0.0021791559545699334
    ],
    [
        0.0021217435076982026,
        0.0021374291590159525,
        0.010923799729444104,
        0.923661220146195,
        0.002136392878703228,
        0.0027503530119658984,
        0.0014887049367524649,
        0.000590671873674213,
        0.003755283759456151,
        0.017791039042713643,
        0.002572555020804984,
        0.0001921175979047788,
        0.0005977802765079339,
        0.008722708044181087,
        0.0028393905929659864,
        0.001980983330715291,
        0.013635054548671028,
        0.0006057109529320528,
        0.0009710205642304194,
        0.0005260410254676257
    ],
    [
        0.013666937596592576,
        0.023261369448312873,
        0.1821720585572873,
        0.02999238066574846,
        0.07510526699652499,
        0.054107006743008584,
        0.0115147387109392,
        0.007951084633540897,
        0.029439708719656833,
        0.29932462227967727,
        0.05734798156610076,
        0.0014146958169829226,
        0.004302418811356473,
        0.01690012814925776,
        0.10292324508438787,
        0.01981850767470181,
        0.06046886885990171,
        0.002911091274070597,
        0.004496379017981313,
        0.002881509393969951
    ],
    [
        0.010955683302268851,
        0.4505353217555801,
        0.009010865953086363,
        0.0067319637789158004,
        0.005089373818557049,
        0.0276431563824742,
        0.02169136544656716,
        0.015172103287293343,
        0.18341955993611664,
        0.02351666636298596,
        0.02123422514257629,
        0.000740155866745571,
        0.012428498949932114,
        0.005803371281155961,
        0.12240855376435111,
        0.004489632950555618,
        0.07043368289967378,
        0.002651850936148208,
        0.004641489435720525,
        0.00140247874929532
    ],
    [
        0.005191605411473601,
        0.00698388317800478,
        0.06628823749409112,
        0.007411455499279278,
        0.005358060406061987,
        0.003959771506185369,
        0.004989840778985671,
        0.0013020262674681418,
        0.007225733854819344,
        0.804494030112133,
        0.013333136955324327,
        0.0003940250162140496,
        0.0016938796073054149,
        0.002143942826704032,
        0.006725749277833882,
        0.00717747527271907,
        0.05249222252928062,
        0.0006596205976942683,
        0.0014596633272798674,
        0.0007156400811421513
    ],
    [
        0.06032050820119976,
        0.005606663233266723,
        0.029535551559273364,
        0.005065198167169848,
        0.026612221938533163,
        0.007903844913966474,
        0.004072000763463338,
        0.004295602295415623,
        0.010392654241597073,
        0.0136634135302882,
        0.036508493946755344,
        0.0035381140611052513,
        0.002089769328805247,
        0.0065269331901733965,
        0.004499945509810257,
        0.7572973422483589,
        0.006598040054730342,
        0.0036364264572416693,
        0.0032631124141890865,
        0.00857416394465706
    ],
    [
        0.040832379283525524,
        0.3792127021336104,
        0.011485997456792999,
        0.005052301226214791,
        0.010469331737662006,
        0.05650860547616284,
        0.01477334769680071,
        0.060906980837469586,
        0.14108443021132996,
        0.022167766036801675,
        0.051511452235646606,
        0.0021354572548614626,
        0.028598786769528536,
        0.00611213572422842,
        0.09365827635784614,
        0.013702149091541528,
        0.036383272678000726,
        0.006151419627292385,
        0.01538405748366649,
        0.003869150681017201
    ],
    [
        0.021502878382276384,
        0.04624587014279847,
        0.07430833318524335,
        0.09407360955704301,
        0.043346799057441446,
        0.09028971909331684,
        0.008089951672825668,
        0.02649618950682861,
        0.07288937171153469,
        0.06997164651382251,
        0.05392959430625704,
        0.0031756489910865866,
        0.01070491831783405,
        0.1392299761785762,
        0.14011452447278283,
        0.01945893023049395,
        0.06576744574545976,
        0.006327346473545455,
        0.008961115286480331,
        0.005116131174352777
    ],
    [
        0.0012099101426232758,
        0.006976445103757262,
        0.0006959070940029985,
        0.0006900715021644257,
        0.00037170267309610605,
        0.000772614923763769,
        0.0013074629653499626,
        0.0011585212060720505,
        0.002663011305227211,
        0.0014360242230375617,
        0.001198863423143818,
        0.0003767472600307115,
        0.9720094634258517,
        0.0004582792639503606,
        0.001459767795080567,
        0.0006057301249427701,
        0.003975284540318492,
        0.00047420855609860146,
        0.0018420066896083671,
        0.00031797778188044737
    ],
    [
        0.015072332822473491,
        0.011802884383772432,
        0.028793636446327528,
        0.00542907817160165,
        0.3207372614424155,
        0.15119006968567159,
        0.0029072197377075933,
        0.00695220965527539,
        0.04979212062154869,
        0.016792314711326417,
        0.29537169033712174,
        0.0007057733264677521,
        0.0016275037164071122,
        0.01748955506308794,
        0.03789432617115136,
        0.02416593494817307,
        0.009206037247033859,
        0.0013405059141916636,
        0.001354947540974127,
        0.001374598057271143
    ],
    [
        0.10770926512810067,
        0.05943969711705712,
        0.0551982152127021,
        0.023357264566292717,
        0.028030501616459428,
        0.021210636985954177,
        0.02717683165047335,
        0.025516677966443274,
        0.07011368290196905,
        0.05702353137462166,
        0.1055185232506475,
        0.048012735551958924,
        0.08085057441337326,
        0.02007029890333792,
        0.021456254825537632,
        0.12653187957540515,
        0.06326105332333469,
        0.016222613060165283,
        0.02165951568977608,
        0.021640246886390022
    ],
    [
        0.0013068432213008767,
        0.002711684415755313,
        0.01888381774040343,
        0.0024629737875512927,
        0.0014804677603673195,
        0.0012494494734709685,
        0.000861683461158016,
        0.0004435262592456902,
        0.0024390788435118735,
        0.9324388084230091,
        0.0041523227691325736,
        0.00011812848950878258,
        0.0006192824726334781,
        0.0007008608269177268,
        0.0028529754509527927,
        0.0017089421766064777,
        0.024676137979298816,
        0.00021922510892460797,
        0.0004442166817307748,
        0.00022957465852006082
    ],
    [
        0.03220426568716932,
        0.035514970493823336,
        0.0386935238996232,
        0.024069445741188873,
        0.093214240745761,
        0.067578510154363,
        0.30711622773312286,
        0.018377170327009487,
        0.06777792403767424,
        0.039049050061300196,
        0.07613021202738528,
        0.005858608014731864,
        0.012310826614387177,
        0.0322921898776124,
        0.04698318077307446,
        0.037773402044939994,
        0.034087113094095414,
        0.012444521409645385,
        0.00819833052851038,
        0.01032628673458222
    ],
    [
        0.03659940558104986,
        0.009864278583498734,
        0.0135237261556501,
        0.007698881740118177,
        0.012236541137926079,
        0.008554413659728739,
        0.007154701178165818,
        0.006150805260709494,
        0.013926216230036715,
        0.013084367694770276,
        0.018332929841796877,
        0.007440865338138916,
        0.005190636488872609,
        0.008880391990343586,
        0.006723419368815435,
        0.04458499574737328,
        0.009116303028095603,
        0.06221278103102028,
        0.00920190231523931,
        0.6995224376286501
    ],
    [
        0.008446878149795781,
        0.11310581303909419,
        0.014016236244135522,
        0.022042953693870222,
        0.005120662193785503,
        0.024317962913960562,
        0.006173660488912717,
        0.007514967912921708,
        0.05410604947091489,
        0.06211269580651564,
        0.01467657368743743,
        0.0008213278703598379,
        0.016273356362673328,
        0.008830428550391492,
        0.10814116758786498,
        0.004520130202093219,
        0.5169915253200951,
        0.002383272055490612,
        0.008953869364952878,
        0.0014504690847344098
    ],
    [
        0.600521923679206,
        0.03446303490813016,
        0.01841873355322842,
        0.010346485362140796,
        0.007354660932049207,
        0.011525151675997184,
        0.007473421341961021,
        0.015048482836543083,
        0.043723801677624005,
        0.020696621417204984,
        0.03040525883312998,
        0.006909576216124053,
        0.016415078123107184,
        0.01012631524272957,
        0.009335553145298957,
        0.06366899592108079,
        0.025934074226623426,
        0.012166183795661567,
        0.040371492948443236,
        0.015095154163716387
    ],
    [
        0.008796050626567445,
        0.010366070977932774,
        0.002361854543845547,
        0.00279787136401641,
        0.0011642479593948884,
        0.0033512406174235855,
        0.00442954720157461,
        0.0035952397745721795,
        0.00570893118938258,
        0.004553289327576419,
        0.002585898350987687,
        0.0009376651651667676,
        0.008034801560780914,
        0.0016910973522592985,
        0.0038788969751235493,
        0.002561991245665985,
        0.008792410781211743,
        0.0036968705572737277,
        0.918493121629966,
        0.0022029027992779694
    ],
    [
        0.030050684394808937,
        0.05257044261068423,
        0.050647193851138556,
        0.07650396262749697,
        0.011251498801141556,
        0.024177581168163043,
        0.046397692222655725,
        0.011694518074136566,
        0.03280114546044458,
        0.178940151541697,
        0.020097984407974147,
        0.0031813484160582895,
        0.01949925224652489,
        0.014815969876804103,
        0.04167047248249599,
        0.016403653931934176,
        0.27219226224774534,
        0.008064550651810247,
        0.08283839699018437,
        0.006201237996101174
    ],
    [
        0.017735426652343005,
        0.011724523912083654,
        0.03023639485249782,
        0.047414754058793765,
        0.034455552625149106,
        0.042152575730971815,
        0.003073105377880365,
        0.008542887023774181,
        0.03458562224141135,
        0.017471406942854362,
        0.03179681463688101,
        0.001946888358401757,
        0.0033931246818934588,
        0.6501636309234197,
        0.019650892358108723,
        0.019338309572590983,
        0.015599083443235252,
        0.0035293889646941462,
        0.0037345968553103254,
        0.0034550207877052943
    ],
    [
        0.004634363034272564,
        0.004738557566222556,
        0.004314115196997199,
        0.0026965499376682077,
        0.01431593663648386,
        0.8955293359313169,
        0.0014619464029713022,
        0.0026686237416632865,
        0.016258530245239686,
        0.004126987754293674,
        0.012424101498235751,
        0.00023836464071245049,
        0.0007379009405437974,
        0.00811519049412323,
        0.018169572509428786,
        0.0035182881907994132,
        0.004234442742387786,
        0.0005017374670945619,
        0.0009178200226006963,
        0.00039763504694409675
    ],
    [
        0.015015248068093363,
        0.04956104618210582,
        0.01359451122733541,
        0.013371106249196888,
        0.011546463177412758,
        0.02799075094572788,
        0.6094967409420323,
        0.01913764383226674,
        0.03287168164105981,
        0.024871189744990092,
        0.017474023371895325,
        0.003413493671511321,
        0.02400195748490269,
        0.009609340185717522,
        0.04658017594950935,
        0.009158133201887441,
        0.03753994352914371,
        0.010952866455232885,
        0.017942522607562957,
        0.005871161532415924
    ],
    [
        0.036743532370563874,
        0.04194783068259785,
        0.01574189616858938,
        0.016258876152927076,
        0.010976610396903671,
        0.022487007622757214,
        0.01597842087342818,
        0.02437556626335247,
        0.03588996346843555,
        0.023902419658348825,
        0.019896455930795767,
        0.007671513651866346,
        0.018705444745381158,
        0.015564837279815075,
        0.02635350851850476,
        0.018158040733857652,
        0.0273657704290338,
        0.4570360835136923,
        0.051372071333126955,
        0.11357415020602211
    ],
    [
        0.05080214256633508,
        0.03769508251845666,
        0.07294431581682435,
        0.1123587138590344,
        0.025061068419456576,
        0.028294962910412,
        0.02009652306320625,
        0.019133590236542822,
        0.05495120974740141,
        0.0852134244235174,
        0.04044811970487743,
        0.011759039153031925,
        0.014495839858158433,
        0.05520892150188666,
        0.027268259524938058,
        0.046746954755641584,
        0.07952940787324418,
        0.1210113799363521,
        0.02375925178633625,
        0.07322179234434642
    ],
    [
        0.03583217058031319,
        0.26795847465605643,
        0.02289350835373845,
        0.01959394776646553,
        0.008172618246404442,
        0.017441644790799488,
        0.011728728916366098,
        0.010666684373467735,
        0.14287299255394528,
        0.07744755201486811,
        0.043646917557695716,
        0.0020923516779920723,
        0.06189434232376918,
        0.011698664384013114,
        0.04362188113354137,
        0.015264455006357792,
        0.17877935369921819,
        0.007065059987549523,
        0.015605086558822453,
        0.0057235654186159005
    ],
    [
        0.04581010949526915,
        0.040017830029276356,
        0.05042533125700207,
        0.0203798243632577,
        0.0841061674014193,
        0.04323975437823604,
        0.23978841548046087,
        0.01924276967909297,
        0.07360072653532042,
        0.047521703988824826,
        0.11800982765218637,
        0.008181791763484918,
        0.015148875474580348,
        0.024104288833680085,
        0.035219321190542684,
        0.06434675621326712,
        0.037602130042180486,
        0.012638504754648543,
        0.008142406997248042,
        0.01247346447002172
    ],
    [
        0.009292086993890312,
        0.01237393819168492,
        0.09634326108281074,
        0.24662699296187046,
        0.008650694266323929,
        0.010562717280456003,
        0.006149105037277695,
        0.0027144153284852906,
        0.017523566514505436,
        0.3383735099785282,
        0.014898924340531163,
        0.0008019684746545562,
        0.003167191732269585,
        0.014531488955922921,
        0.014346379827263838,
        0.00931751831073454,
        0.18718774377092467,
        0.0017179747248906188,
        0.00387071732930256,
        0.0015498048976725996
    ],
    [
        0.013527220014601266,
        0.008289299370103725,
        0.0397964390406862,
        0.00381533463478666,
        0.404007289839205,
        0.026848937492260295,
        0.002790358607815156,
        0.005491704853230882,
        0.02064963403515283,
        0.019003066100368386,
        0.36725420504708484,
        0.0010386177492658691,
        0.001674008219216321,
        0.007262686240651305,
        0.015353667685392093,
        0.051027765865524995,
        0.007698333531808307,
        0.0014289827090393109,
        0.0012261778256525107,
        0.001816271138153862
    ],
    [
        0.002228813605750985,
        0.0009346180577362151,
        0.008635025165006653,
        0.001704032498606419,
        0.9425321372539813,
        0.006069427487349231,
        0.0006250644237010306,
        0.0007872160595562234,
        0.0027624496565283193,
        0.0027021598780287044,
        0.01187821645724766,
        0.0002252736107602974,
        0.00023392357015048054,
        0.005680856466576384,
        0.0019710279583045618,
        0.008723823804322071,
        0.0012242492201634757,
        0.0003654519346919506,
        0.0002481414459287387,
        0.0004680914456092226
    ],
    [
        0.0020959211852575334,
        0.006402260892981111,
        0.002363482892813262,
        0.00226308974988955,
        0.0016629159940489751,
        0.002740112666907243,
        0.9449555159976119,
        0.0015147180200273836,
        0.0044776303348767425,
        0.005256676489435675,
        0.002764723507960789,
        0.0004773156350732078,
        0.0036860493604648874,
        0.0012290225489213038,
        0.004855456264995881,
        0.0014868071161144717,
        0.0073750390533380075,
        0.0014868815370090225,
        0.001985331650630452,
        0.0009210491016425362
    ],
    [
        0.046705213480623974,
        0.02912187292793379,
        0.1297559136299394,
        0.01765900580734477,
        0.14397614536634723,
        0.0536672284192549,
        0.01943466355513956,
        0.06889410656522911,
        0.05671766220723243,
        0.04213327249226187,
        0.17426530264290835,
        0.008811632643589319,
        0.0077133294822484735,
        0.031060780420104562,
        0.03439127313593425,
        0.09072921253565214,
        0.027964274232668014,
        0.0057267819410841405,
        0.0055551563065350485,
        0.005717172207968636
    ],
    [
        0.04033360804638006,
        0.0630334832304436,
        0.02889674490620368,
        0.033503518481375665,
        0.019709689047506255,
        0.03513582899584402,
        0.25370308575999073,
        0.029019676314961895,
        0.050262052089022305,
        0.04589882793543404,
        0.030909616883557343,
        0.024212976679001526,
        0.048547557202101216,
        0.02125017877446553,
        0.04168982465531059,
        0.024888519907172342,
        0.06564771747399775,
        0.05653765389247092,
        0.05909327411360074,
        0.027726165611159797
    ],
    [
        0.01712021829761128,
        0.013306927659364606,
        0.028143278620343683,
        0.5258592255036973,
        0.02067982649869774,
        0.023753254082856928,
        0.010717829875649895,
        0.004353851574067572,
        0.0295246746769961,
        0.03251622128940082,
        0.019764991086306544,
        0.0022249927565820282,
        0.0066316250197532055,
        0.17423007095101373,
        0.015531601450861836,
        0.017380990061594336,
        0.03896734608864224,
        0.00577498510138491,
        0.008046544291851402,
        0.005471545113323762
    ],
    [
        0.00393217264998832,
        0.0030691680801756254,
        0.008702746585964531,
        0.001072767418230687,
        0.027741352040292044,
        0.007478848351570228,
        0.0007646987283288497,
        0.0015249874962332119,
        0.014087440131953793,
        0.0043667292670595305,
        0.9075605254588845,
        0.00022498524654030746,
        0.0005196624262237815,
        0.00238493152735048,
        0.003990000467264987,
        0.009125393050396623,
        0.0026749404656348156,
        0.0002502713121945481,
        0.000263002858279051,
        0.00026537643743389217
    ],
    [
        0.0032228099929041605,
        0.0028627804217971524,
        0.009144087511768286,
        0.8938142867181978,
        0.003700693085856158,
        0.004694504948881461,
        0.0020813706169458975,
        0.0011563651322666884,
        0.005477102792254385,
        0.008581882840788707,
        0.0037411290942224655,
        0.0005513370022199233,
        0.0013257685371599168,
        0.03852417882669888,
        0.003498695934647473,
        0.003133763240935702,
        0.011159252529815956,
        0.0008827248114320418,
        0.001681370266466388,
        0.0007658956947405384
    ],
    [
        0.0580737806938056,
        0.042256850616778946,
        0.02274640595909548,
        0.019786891649552066,
        0.019451456427371602,
        0.026363018500542533,
        0.10112553803839136,
        0.022744577405083715,
        0.04694990272833133,
        0.03137809709684683,
        0.03316034817002519,
        0.019060616310374947,
        0.02724829822464979,
        0.017447804306198533,
        0.022668523146456836,
        0.03811144241689676,
        0.036747102216869346,
        0.26163084283786364,
        0.03948172244565776,
        0.11356678080920775
    ],
    [
        0.0020481726342739866,
        0.0011837485112099033,
        0.007551521511335065,
        0.0018216147697208485,
        0.9417758071994907,
        0.007482737140714246,
        0.0011521487657807168,
        0.0008578082765893498,
        0.003315997072121999,
        0.003070500970614525,
        0.01294363378857062,
        0.00024757055575920365,
        0.0003083422269019134,
        0.004888102855733732,
        0.0027577066944916334,
        0.006047543253473427,
        0.0014983410644880475,
        0.00035557659645653046,
        0.0002736036449703267,
        0.000419522467303058
    ],
    [
        0.04936144598592885,
        0.02295654239226752,
        0.032557100552991644,
        0.035417370798381635,
        0.022391268379292416,
        0.021075023675767978,
        0.013595029396990867,
        0.012950765689275466,
        0.03155623649153327,
        0.035707869590650886,
        0.02871647442097103,
        0.007081946903311831,
        0.010697027837791489,
        0.03374191398114526,
        0.01875568054267082,
        0.0455810492604032,
        0.026531723074884044,
        0.14504979998329723,
        0.024682349140111144,
        0.3815933819023335
    ],
    [
        0.611806649004168,
        0.016733402702939732,
        0.0317188375467786,
        0.00669465036668459,
        0.013359544870340589,
        0.024765996802140307,
        0.0031268808891354205,
        0.009896599519548306,
        0.03419351696415268,
        0.024158965207444934,
        0.0512928197417006,
        0.001529971023759147,
        0.0027723590672348395,
        0.008764056421336272,
        0.011213313299623462,
        0.11649989726847657,
        0.016373683413914392,
        0.0029589731197652504,
        0.00859767923040065,
        0.003542203540455487
    ],
    [
        0.1331227764692758,
        0.02877290760493994,
        0.05963862503359333,
        0.028502130718440013,
        0.047576205581363426,
        0.03376602997730015,
        0.019341509997887935,
        0.019151022637469914,
        0.047474209134432364,
        0.04521593409796403,
        0.07316268624159301,
        0.051635481245835356,
        0.013061723893396347,
        0.03388741253242754,
        0.021566506555794073,
        0.1820518214047415,
        0.03254327880657676,
        0.03939370090538891,
        0.021735070502176736,
        0.06840096665940282
    ],
    [
        0.012460730396559911,
        0.023822696918373826,
        0.07087465058212593,
        0.008969579360863338,
        0.00921539935879467,
        0.008055630694378531,
        0.005658869539950471,
        0.003560085390597891,
        0.019559398267016165,
        0.6957161504528964,
        0.03357761003423452,
        0.0008005658896032639,
        0.003723646302366699,
        0.004048161489348501,
        0.021289570266285765,
        0.013788366756197925,
        0.056399778547654565,
        0.0024656833415276757,
        0.003170899543581587,
        0.002842526867642505
    ],
    [
        0.08542963611927319,
        0.10397416104408953,
        0.01292077726267608,
        0.011210450706283449,
        0.004830403278924032,
        0.014562473975676261,
        0.009667010442593417,
        0.019983025244003024,
        0.046062131734198,
        0.026653493715942424,
        0.016750774887176474,
        0.0029769768863909716,
        0.03722744010391709,
        0.007622982377301761,
        0.02026012996243732,
        0.014384817423247593,
        0.05308209266368659,
        0.011617559294815841,
        0.49255244684811755,
        0.008231216029249342
    ],
    [
        0.9691071328210689,
        0.001417609782290154,
        0.0013443564430181503,
        0.0005929869926122009,
        0.0007269415458642242,
        0.0011432379132206452,
        0.0003377171390208857,
        0.00048462201825241773,
        0.0044765568390088845,
        0.0012619221529732328,
        0.0037644285892972714,
        0.00013309371776741227,
        0.00031848786280139587,
        0.0008602872900773929,
        0.0005674917330369433,
        0.010808822624704659,
        0.0012255089202179855,
        0.0003254198660733221,
        0.0006830411696970035,
        0.0004203345789968647
    ],
    [
        0.026069706983491564,
        0.1276886812852366,
        0.025325213880239273,
        0.01858878691943701,
        0.006190601206109238,
        0.01111856822611866,
        0.012857252775184125,
        0.014962998713583642,
        0.05707708441291125,
        0.06031401286586009,
        0.028891650215305632,
        0.004169243049813414,
        0.24160091500227046,
        0.008260077985123517,
        0.021110608210541507,
        0.013490182841244373,
        0.2985890905153186,
        0.003737539030140775,
        0.01701172590168468,
        0.0029460599803854395
    ],
    [
        0.021782451608965928,
        0.018587839686961715,
        0.28328187155729456,
        0.07151119854909863,
        0.11602775845699165,
        0.043008593408085,
        0.006239766808244582,
        0.013160647586925426,
        0.03372418553247312,
        0.08717903820730974,
        0.0716836125090385,
        0.0034645021413794654,
        0.005030678584543615,
        0.09210156014208004,
        0.04198697991096373,
        0.04134757820034084,
        0.0346264379801342,
        0.00468853981167571,
        0.005039980778409579,
        0.005526778539084034
    ],
    [
        0.01624613857334897,
        0.03510410364929632,
        0.1366322307262391,
        0.1462686097732467,
        0.01795912137094485,
        0.02592975507066995,
        0.006354692085040754,
        0.009973676828985475,
        0.056762731686038494,
        0.147558316061284,
        0.045789488338642347,
        0.0019003739467408323,
        0.00932817275720933,
        0.043339218639869524,
        0.038881649448510906,
        0.0156290393925462,
        0.23724033092197974,
        0.0021441677557324343,
        0.0051062680989415726,
        0.0018519148747325389
    ],
    [
        0.0020177475753417377,
        0.001770937237103884,
        0.0008273297492274895,
        0.0009652840106313834,
        0.000690240921277604,
        0.0011733265576093308,
        0.0015729882127320492,
        0.00096864944996586,
        0.0021672608660460876,
        0.0011451653030742188,
        0.0011569446940481794,
        0.00047168683845399793,
        0.0007811039123451611,
        0.0010197107058032907,
        0.0010836517420870545,
        0.001126884347325092,
        0.0013213709059456435,
        0.9644173892438694,
        0.0014181216025144143,
        0.013904206124598095
    ],
    [
        0.036033867428398404,
        0.009014939464216467,
        0.019179971729446143,
        0.0022433328701551886,
        0.016435119137608617,
        0.00866831757956204,
        0.0018057370253421689,
        0.0032898373738483914,
        0.028587900858980705,
        0.012619608740553696,
        0.7477947044229042,
        0.0007461886033390418,
        0.001777411655215253,
        0.003414630984862352,
        0.005588676895384121,
        0.09240289309405837,
        0.007532999570918371,
        0.0007826085784609541,
        0.0010838365825424554,
        0.0009974174042031482
    ],
    [
        0.03542963236901636,
        0.10853842971048047,
        0.026657603852405367,
        0.03511858101892664,
        0.010470901526358952,
        0.018351074585984083,
        0.014381065599559845,
        0.032958910675436374,
        0.06629912348407567,
        0.042878403623703376,
        0.031788812714244816,
        0.01342851222379637,
        0.3261975800622177,
        0.022545753341945095,
        0.03199950420461461,
        0.019158954160032066,
        0.09640569122406546,
        0.016717964348580736,
        0.038584338760887266,
        0.01208916251366869
    ],
    [
        0.0061948722352421675,
        0.0025811951385673547,
        0.00324777297016052,
        0.002432664770341474,
        0.0023828273124472687,
        0.0019434732296816676,
        0.0030047906737349405,
        0.00169858638074889,
        0.003476191448695787,
        0.0033358733111963123,
        0.0034748673140460426,
        0.0023044089639269656,
        0.001331582895036434,
        0.002347605091339986,
        0.00168769560294535,
        0.006158225723350295,
        0.002606540793758839,
        0.12474782274813119,
        0.0022295652528633424,
        0.8228134381437852
    ],
    [
        0.06468517226945397,
        0.07547987186014828,
        0.12311363245970439,
        0.013111594083415954,
        0.02823576464635785,
        0.02302825668361567,
        0.023095356429108704,
        0.029607348790657014,
        0.04462254319171954,
        0.19201147658410628,
        0.11344967543929295,
        0.008177858570952311,
        0.023733537169487028,
        0.008604956930114713,
        0.04178700788464952,
        0.0750847759051919,
        0.07951172497669941,
        0.007261143109801249,
        0.016447125514388213,
        0.008951177501134982
    ],
    [
        0.03743951305090897,
        0.0695925949472379,
        0.029757680161855635,
        0.022986138739804436,
        0.015145438344104242,
        0.017906221706665858,
        0.0454575172049084,
        0.030416804760683713,
        0.04640504468987041,
        0.049125731399186405,
        0.03480856896384478,
        0.033803834327382314,
        0.08373414406264881,
        0.015111861116023704,
        0.028448742256368502,
        0.028341694145125666,
        0.05898432024373583,
        0.21103541690376107,
        0.03460888688944466,
        0.10688984608643867
    ],
    [
        0.009415065080252057,
        0.0009296448578920269,
        0.007638086114780092,
        0.0008499996857229068,
        0.0045658951287304295,
        0.001143497567893811,
        0.0003823746879728958,
        0.00052674237652362,
        0.002327910852386841,
        0.0027200267297743616,
        0.015690989713665233,
        0.0003466085167395298,
        0.00030272483856029844,
        0.001190461906417121,
        0.0006675460427740386,
        0.9488446426152659,
        0.0012576474193509528,
        0.00031194542797678617,
        0.0003004273447776252,
        0.0005877630925436707
    ],
    [
        0.009384149235120246,
        0.008705934422954507,
        0.02252346061398593,
        0.05776764060013708,
        0.05590498143328794,
        0.04384209070212738,
        0.00647368346224404,
        0.00660587200867549,
        0.0248711482442443,
        0.01399469753212903,
        0.02267148278081857,
        0.002034847354710651,
        0.0031276280555044746,
        0.6691683997673855,
        0.017587063072195645,
        0.012515489691492672,
        0.013721612428883053,
        0.0035190209679594334,
        0.0026836983672425788,
        0.002897099258901529
    ],
    [
        0.0021722305077348254,
        0.012034526384131328,
        0.005241616638858415,
        0.0068814372555090686,
        0.0009924222310507434,
        0.0019975242963877556,
        0.002698812527070475,
        0.0010533856288718684,
        0.006223966329410727,
        0.03534958493694648,
        0.0030687774652317654,
        0.0002591575928110554,
        0.005222293864529827,
        0.001340659737815317,
        0.00497926859727526,
        0.001369574817444913,
        0.9061771355442786,
        0.00047681872612689776,
        0.0021080153853897713,
        0.0003527915331249188
    ],
    [
        0.012683236366490843,
        0.3426724789308565,
        0.010510506227192545,
        0.009871569983962358,
        0.0069708709868148665,
        0.040444370429996275,
        0.019424359964378732,
        0.035236001885867875,
        0.07043248602314313,
        0.025757279989789234,
        0.019495590038703995,
        0.0018339459824361836,
        0.09279077134786295,
        0.007763762335260911,
        0.1842497951051197,
        0.005882186958828806,
        0.08929785635843362,
        0.003998401978406761,
        0.018476599759206496,
        0.002207929347248268
    ],
    [
        0.5724598834123282,
        0.016568602045582137,
        0.016642086263961887,
        0.005182539050168556,
        0.017248930988870065,
        0.025362985517785524,
        0.004835192856585599,
        0.006845835200345938,
        0.03772272849038724,
        0.017367429089528867,
        0.060472273951746446,
        0.00156478684628077,
        0.003555093499903045,
        0.0075904213847415814,
        0.010391399641991709,
        0.16331493627493968,
        0.012641569714490567,
        0.004668077848170174,
        0.008902550686153563,
        0.006662677236038215
    ],
    [
        0.24788573735577663,
        0.04702288704186245,
        0.024561609808241923,
        0.0382602250714854,
        0.017165662070825125,
        0.0650112839652345,
        0.010854280196657195,
        0.01538678930985217,
        0.20078394615313225,
        0.02833457956054251,
        0.050839851753402575,
        0.0031593995190881655,
        0.012114848797170534,
        0.07000064607318363,
        0.02264624999651644,
        0.04837314680985469,
        0.05453337174010248,
        0.009423722285628823,
        0.026492115239503677,
        0.007149647251938688
    ],
    [
        0.013010716487989737,
        0.02561623048163986,
        0.03586155790064994,
        0.00803576551930286,
        0.24295422601922934,
        0.19363479105385775,
        0.010651990262200121,
        0.01888966759193013,
        0.057120199938739374,
        0.02856398021502631,
        0.15645240804965546,
        0.0014465587290597491,
        0.003836276482251907,
        0.016262047973298444,
        0.1451790567422395,
        0.017578718665985104,
        0.01795038468402819,
        0.002471912510177899,
        0.002361008470674881,
        0.0021225022220633777
    ],
    [
        0.009716197399906413,
        0.03820194652559432,
        0.011433164346045285,
        0.008803806140569751,
        0.03146011065506247,
        0.4314450220917612,
        0.010952985220636622,
        0.01710996005306689,
        0.11640988705801451,
        0.013987634920766594,
        0.045644904493683205,
        0.0010507926254327536,
        0.005766505939400281,
        0.022744114531498858,
        0.20151073480508588,
        0.007273394429863069,
        0.019923455259979125,
        0.0022934832128742428,
        0.002783015956324848,
        0.0014888843344335362
    ],
    [
        0.00021870043414679697,
        0.003605858768914018,
        0.00043176850682845113,
        0.00022161156038827775,
        0.0003071809717313009,
        0.0026343726152757998,
        0.00024469634483684666,
        0.0004582513997942861,
        0.0019933804248233357,
        0.0011356685895365724,
        0.0008131364664045475,
        1.9094022061674906e-05,
        0.00020569185542471512,
        0.0002017721669477856,
        0.9853886825090793,
        0.0001363734421193522,
        0.0017988589632566378,
        4.642360086196754e-05,
        0.00010780687444187078,
        3.0670483126277695e-05
    ],
    [
        0.020988029775459462,
        0.28537439253622215,
        0.008989496388779843,
        0.007540235760796412,
        0.006174322941222342,
        0.01986784727720568,
        0.01030728567606839,
        0.04739673921087229,
        0.09481058357805984,
        0.016607522732059548,
        0.024846007297154873,
        0.0036506138599071325,
        0.3226665046789433,
        0.008189959558075681,
        0.0407975485511376,
        0.008616779842432924,
        0.041965472116652906,
        0.009217592134241167,
        0.017143927833926865,
        0.004849138250781488
    ],
    [
        0.021362359197560094,
        0.01991499204467622,
        0.10490794371548856,
        0.011325222431407992,
        0.3143389785968392,
        0.04945247842801098,
        0.005886223515752731,
        0.019829201966550542,
        0.03543287826765367,
        0.04333397787726428,
        0.21651997851507612,
        0.0033366168923341455,
        0.0047102793868491,
        0.02082221891071962,
        0.045632427108681504,
        0.05370736789322133,
        0.018467773961234755,
        0.0035166758308183645,
        0.0032174099043041126,
        0.004284995555556687
    ],
    [
        0.0023390385294087975,
        0.01751069260358639,
        0.006055154263484417,
        0.003523451760895628,
        0.006273825193650957,
        0.03235054972775923,
        0.0031355860516337685,
        0.005433006035497984,
        0.016177817892427025,
        0.01111964702857136,
        0.009696604272779057,
        0.0003003910118117765,
        0.002003137498160853,
        0.0039053335898161165,
        0.8641112229895056,
        0.0018335967383906855,
        0.011872392920379378,
        0.0007536891239177875,
        0.0011003533652724248,
        0.0005045094030508443
    ],
    [
        0.0038360537011033697,
        0.7028767164688923,
        0.0036789617208092327,
        0.002640371351142749,
        0.0017391026278885736,
        0.01034357948758517,
        0.0032174860656175135,
        0.0066381583062758865,
        0.04353503306807224,
        0.012387068879822006,
        0.007472030538587569,
        0.0002896401274980231,
        0.00888146454163882,
        0.0019742862990446306,
        0.1382652895486516,
        0.0015936546552003555,
        0.04657842259976995,
        0.0008549317858234404,
        0.002696341955879908,
        0.0005014062706969206
    ],
    [
        0.01647471651144016,
        0.02748253028500012,
        0.2673304025433056,
        0.01611819399417899,
        0.012946073636089385,
        0.012703717378899866,
        0.005915275098580631,
        0.007507354324582411,
        0.028078679455651175,
        0.4257206776769441,
        0.04512390332811271,
        0.001101068652198056,
        0.0036038416533819037,
        0.007735048885275662,
        0.029911575405989557,
        0.016540994989793934,
        0.06833913168515794,
        0.0020481945560846277,
        0.0032700294157582406,
        0.0020485905235750825
    ],
    [
        0.026236550099590895,
        0.028071197293972516,
        0.06022693594769955,
        0.25862945071384486,
        0.03288477986704933,
        0.031116757993524626,
        0.14535552651754777,
        0.012380680394386319,
        0.038094868028561886,
        0.06902991924857887,
        0.029616826238117,
        0.00782029134978314,
        0.016835123341851235,
        0.06600567757369759,
        0.030847029133196046,
        0.02669650299721311,
        0.07349976868338491,
        0.015419337956219085,
        0.018468570428562616,
        0.01276420619321868
    ],
    [
        0.019887428820352878,
        0.01198830223119341,
        0.009739579284100923,
        0.017935569757436303,
        0.006678082224572046,
        0.00959620941391027,
        0.00817635559772467,
        0.007547682156272288,
        0.017428764428790298,
        0.011136793506066682,
        0.009998468400573685,
        0.005884741340891005,
        0.00629945470142978,
        0.018532282299662764,
        0.007867222164907246,
        0.01251114669928851,
        0.012788455306671791,
        0.659770286556392,
        0.013575431975692985,
        0.13265774313407036
    ],
    [
        0.0075007040093473185,
        0.012032827873992681,
        0.009242823040138279,
        0.0019026991057071265,
        0.015135428251630568,
        0.015578600233194271,
        0.0017108745002120734,
        0.002743315877599465,
        0.06806483528814876,
        0.009754190090804596,
        0.8200580134414577,
        0.0003808937236815553,
        0.0016174268687709412,
        0.0032721478737759756,
        0.011132406706872664,
        0.009665346229842924,
        0.008561236641676942,
        0.0005303678272428875,
        0.0006184862801899682,
        0.0004973761357135865
    ],
    [
        0.0016330522348440113,
        0.0019561736764457205,
        0.0017862727833507853,
        0.0010875021516821204,
        0.006969025074651382,
        0.9520434214360386,
        0.0005401010937898491,
        0.001186513534938076,
        0.007298844639769155,
        0.0016322624392702246,
        0.0053859520984465056,
        8.51912291060854e-05,
        0.0002721903895953887,
        0.004104545303211441,
        0.010507120918571613,
        0.0012790604564976245,
        0.0015542990074651091,
        0.00020474909852407554,
        0.0003127107047886627,
        0.00016101172901325446
    ],
    [
        0.03343201166185749,
        0.024056865440709327,
        0.39342823515995323,
        0.01513642265947889,
        0.049827528821950226,
        0.021831136276562673,
        0.0070965149240592084,
        0.020067864708066967,
        0.024955124152016502,
        0.137083188217098,
        0.09358777398453884,
        0.004881539606201647,
        0.006389863580889819,
        0.011854351266413569,
        0.030051555645686612,
        0.0745898770243521,
        0.0356164516223922,
        0.0041044659497079,
        0.006465853693666208,
        0.005543375604398552
    ],
    [
        0.003027202960042225,
        0.002412875883118829,
        0.8966996836210295,
        0.0062482439604696505,
        0.007365780741130708,
        0.0022413858169020714,
        0.0014654126353716584,
        0.0013742052097445983,
        0.003248882468560614,
        0.04126563682723278,
        0.010153097613272677,
        0.0006052593025063054,
        0.0007619513687323049,
        0.0026374112450970543,
        0.002873672044647935,
        0.008080766950948682,
        0.007934417905131597,
        0.00044657801352712044,
        0.0006056076239294875,
        0.0005519278086039067
    ],
    [
        0.0405410823292148,
        0.015670121139302728,
        0.042515051058265176,
        0.007495694049311004,
        0.07130790975063733,
        0.06013813121866087,
        0.0029446904417189126,
        0.006918141233959513,
        0.1060666713848765,
        0.02292021177263384,
        0.5050443641801019,
        0.0008014554879903828,
        0.001846932367669434,
        0.023751794646514803,
        0.022693443778738626,
        0.051156511278949,
        0.012702986162492774,
        0.0018149946311575235,
        0.0017211482486449137,
        0.0019486648391599695
    ],
    [
        0.012454486609885157,
        0.04770120339220943,
        0.01120376115037799,
        0.011197153268474092,
        0.0040640521638952345,
        0.006292703694879095,
        0.017779913008782438,
        0.0081190621837908,
        0.02042599091241298,
        0.027301159544772437,
        0.012168242211774066,
        0.0048033419757861,
        0.6880867108795282,
        0.004767131987134952,
        0.012113737422620554,
        0.007641303769355288,
        0.07402064722342096,
        0.0054922375433288095,
        0.020234552159055376,
        0.004132608898515952
    ],
    [
        0.025918903210543652,
        0.026559742845928602,
        0.03520852754089619,
        0.054704135852073295,
        0.03237813833833739,
        0.041024081143943986,
        0.47521385525854476,
        0.012859730317652097,
        0.039382553058234224,
        0.041643148389965294,
        0.028095306640274983,
        0.004584757404729671,
        0.010191475443529946,
        0.036406999364151385,
        0.0329817405516471,
        0.02215643755816709,
        0.041950393283127135,
        0.014661835227394981,
        0.013721148055731103,
        0.010357090515126918
    ],
    [
        0.000638009263744748,
        0.0003696577924362612,
        0.0002031839012681844,
        0.00021981022313026405,
        0.00015286068036152254,
        0.00023453592729311587,
        0.00031219189719247674,
        0.00020463322899777077,
        0.0004660390036389068,
        0.0002685941345274826,
        0.00027300995170278564,
        0.00013449807554719216,
        0.0001749899498772089,
        0.0002219193010016372,
        0.00020079087599187166,
        0.0003380843864341649,
        0.0002986997527064913,
        0.9866534521082372,
        0.0004012475731244669,
        0.0082337919727862
    ],
    [
        0.06251785793391701,
        0.033034118760483504,
        0.057784869308957085,
        0.018852500266095956,
        0.10156476016501748,
        0.18045029775618476,
        0.005377014123456093,
        0.030757777932630202,
        0.08315577463417483,
        0.03651893787029014,
        0.1461584226022139,
        0.0030508171634019733,
        0.006124796419235078,
        0.06061462506731783,
        0.06621777415359272,
        0.06319229167362392,
        0.025306133201658705,
        0.005537119323240626,
        0.007837079346885238,
        0.005947032297622855
    ],
    [
        0.013682885959477885,
        0.010631657782847505,
        0.005971359286392828,
        0.004510988927152982,
        0.004207385140030113,
        0.004713983554176201,
        0.006655073842873274,
        0.005811858051147792,
        0.011641958016623617,
        0.007728183232981772,
        0.008974388668047001,
        0.005649495935253054,
        0.006373563383502077,
        0.00445790309340052,
        0.0051224698710117915,
        0.009855748812210869,
        0.007690432584924251,
        0.6004789697979179,
        0.0062669430392488,
        0.26957475102077977
    ],
    [
        0.012715233027745536,
        0.014047332072889307,
        0.054692188047158946,
        0.6159868036475015,
        0.013218140904795405,
        0.013922462125390223,
        0.005923165669812187,
        0.0059534882215894385,
        0.01992024029245662,
        0.054559835893169775,
        0.015891608893723992,
        0.002574137713066693,
        0.005830734496313398,
        0.07098482942774913,
        0.017331057074878958,
        0.012941830317133777,
        0.04481649980782493,
        0.005832893064618871,
        0.007296691089617938,
        0.0055608282125635036
    ],
    [
        0.0003576253533646859,
        0.00019143148692498042,
        0.0016709541099880485,
        0.00025056353556479155,
        0.9890973694320112,
        0.0011475445794568557,
        0.00012712983305120695,
        0.0001386777504535537,
        0.0005238529969742505,
        0.0005986244014542459,
        0.0029874540040621526,
        3.6659117278976856e-05,
        4.5134169519204086e-05,
        0.0006105136131934943,
        0.00045405033882776435,
        0.0013453667958738431,
        0.00024193513268537585,
        5.86098656499704e-05,
        4.238280774923345e-05,
        7.412067591645216e-05
    ],
    [
        0.07567510096122396,
        0.029605134819719117,
        0.06878203187494707,
        0.029854213162007596,
        0.07727093763916172,
        0.03145680046338687,
        0.13237449964034775,
        0.01750478732527451,
        0.052467299395809436,
        0.052259056239935556,
        0.08964583278978118,
        0.017510126233604664,
        0.014359166766934441,
        0.030698118039593873,
        0.022483607870961295,
        0.14710228126734068,
        0.03631712050585934,
        0.02594016006202772,
        0.012441128373403696,
        0.036252596568679525
    ],
    [
        0.06061837881086798,
        0.020039793748095378,
        0.029561015742723087,
        0.10225994614829285,
        0.0269111598266595,
        0.04340044471222669,
        0.012058351015366087,
        0.013094880537699537,
        0.0591153315318278,
        0.02171264148626531,
        0.033263138146965174,
        0.00592258613398757,
        0.009013508192057847,
        0.44265830861302957,
        0.016931018650099446,
        0.04047035770251385,
        0.029602181907654564,
        0.010173424760817376,
        0.0143163281027244,
        0.008877204230125916
    ],
    [
        0.017318761823752124,
        0.6871258632420408,
        0.005502733728811588,
        0.004170035670555002,
        0.0020603408887430426,
        0.009914845480071292,
        0.0072517996133998905,
        0.009277044733035636,
        0.05383136998836841,
        0.018328890837334307,
        0.009608159857865393,
        0.0006407087497750973,
        0.02522079941881922,
        0.002599699016804743,
        0.025026093855917503,
        0.0038212435084434278,
        0.09147629676056042,
        0.002039914562776621,
        0.023574295383961625,
        0.00121110287896363
    ],
    [
        0.008449662759235976,
        0.0033285890596225043,
        0.002945395008456398,
        0.0026727755694664437,
        0.0020993447901866934,
        0.002070517415207931,
        0.002079012518123428,
        0.0016769914529584887,
        0.004474404519764608,
        0.0034702874213937227,
        0.003875528653158852,
        0.0022529703123484093,
        0.002068825051799607,
        0.002667670900124719,
        0.001821537874399721,
        0.006645621411826505,
        0.0031465947674138082,
        0.09217486365751126,
        0.003406428386049268,
        0.8486729784709516
    ],
    [
        0.022544339745374883,
        0.2833586736292381,
        0.030022537582664422,
        0.006298365314783927,
        0.011096231830054579,
        0.030635371203797262,
        0.011047272616703609,
        0.18244795489652138,
        0.08690208790193503,
        0.048162424352041294,
        0.0652199202092514,
        0.002227259246054058,
        0.015505943105206291,
        0.005936365414967344,
        0.11267594185189088,
        0.012444261393037385,
        0.06179857112550229,
        0.0032068765458198893,
        0.006254674714995486,
        0.0022149273201605554
    ],
    [
        0.0373750488417716,
        0.1218557650568235,
        0.024682329266463774,
        0.005626278681139498,
        0.03262789654734234,
        0.04828443302710564,
        0.01366697901328663,
        0.03585243184281863,
        0.13864673426884852,
        0.03368771081024607,
        0.32940487880042757,
        0.0028538526582742433,
        0.016676173190036035,
        0.007907955435588707,
        0.0763769329957846,
        0.031007033415489056,
        0.02987683393642076,
        0.004413381083627934,
        0.005154187582962714,
        0.004023163545542235
    ],
    [
        0.006020070755711319,
        0.05638711317961385,
        0.005030215926486132,
        0.005480298211087944,
        0.0022991867062745522,
        0.005751677927697169,
        0.0072157370953585594,
        0.00818183468321486,
        0.015051000522457468,
        0.01271271063993415,
        0.006563172667739225,
        0.0018082980388265208,
        0.7831899105660955,
        0.0029336939704950465,
        0.014937656050734202,
        0.003101207193931121,
        0.042769419313789886,
        0.0028068566675240486,
        0.016043537771948436,
        0.0017164021110799598
    ],
    [
        0.013783799783654103,
        0.018239606124612263,
        0.006495894292043179,
        0.00924934346029117,
        0.001957477976079958,
        0.004819528924762445,
        0.006226094154557024,
        0.003995363130197636,
        0.009454169008414885,
        0.017009435550361066,
        0.004617178122511859,
        0.0011975413233879957,
        0.01265509662526146,
        0.0031299401063061734,
        0.006771762542026354,
        0.004666176764836597,
        0.03923161889069217,
        0.0037712426823477896,
        0.8299847818765446,
        0.002743948661111295
    ],
    [
        0.11090139315986958,
        0.12793806082099013,
        0.03184004695032272,
        0.02646172447486568,
        0.011519793977229336,
        0.023515795365994883,
        0.0100941622425556,
        0.04599352476580897,
        0.09072430138935901,
        0.046950570261058575,
        0.04513618293876333,
        0.013875883358200353,
        0.11417038192611682,
        0.02164308435937761,
        0.02986090205357772,
        0.03695773535604262,
        0.09068409388076748,
        0.020273149271786736,
        0.08471472886372403,
        0.016744484583588914
    ],
    [
        0.03182769722421812,
        0.008148332685486362,
        0.17910994912775424,
        0.008337192080731281,
        0.10628322993639651,
        0.017051924917254435,
        0.0023081884471352968,
        0.006759500037097693,
        0.022960357606840662,
        0.02811935693065394,
        0.2572631974959707,
        0.0019195842535783352,
        0.0019050148381875944,
        0.015963264379652915,
        0.009125467569070282,
        0.28556160394392627,
        0.011400970626306108,
        0.0017710679811581492,
        0.0017339647228822915,
        0.002450135195698696
    ],
    [
        0.008231849659597383,
        0.006722807121784029,
        0.012287234250403758,
        0.039882418814844785,
        0.021946738997830208,
        0.025741970901547225,
        0.004905281005356297,
        0.003539492398263833,
        0.02742272279085843,
        0.009176035690295025,
        0.016145208891592315,
        0.0009705355411512586,
        0.0019193500149681571,
        0.7851486845367169,
        0.010350390218182048,
        0.008644007365940742,
        0.009728386999150726,
        0.003121383047035782,
        0.0017530832042308973,
        0.002362418550250012
    ],
    [
        0.06670459079735283,
        0.0015788310894116818,
        0.007939745272183149,
        0.0018553849502650345,
        0.004240505047695075,
        0.00213535983880285,
        0.0007582126490593183,
        0.0008657788150404728,
        0.0038402435017984866,
        0.004013229960986773,
        0.009754917361150155,
        0.0005174451018543906,
        0.0004876185392948996,
        0.002459055452589454,
        0.0010641600243875035,
        0.8857705483283786,
        0.0021353586554919484,
        0.0009006002228409884,
        0.0010069925997637725,
        0.0019714217916524594
    ],
    [
        0.002550920714431992,
        0.036899137833830156,
        0.0034060327311206187,
        0.0027293278529091805,
        0.003322188410263622,
        0.029285576402244967,
        0.0028139568434788374,
        0.0034218306317202376,
        0.028332215301210058,
        0.009587557834708695,
        0.007993934985730847,
        0.0002157229517191865,
        0.0025806652542732923,
        0.002798544006003225,
        0.8441110729088728,
        0.0015356941836179737,
        0.015555484315468982,
        0.0009133837844542392,
        0.001405066310327083,
        0.000541686743614042
    ],
    [
        0.06203498372341543,
        0.0476426069016355,
        0.04192599578912784,
        0.025126337170144158,
        0.029294373457748848,
        0.022918143151103743,
        0.021721834606299686,
        0.030728193346488634,
        0.050485879974161395,
        0.04567454405141058,
        0.058550908336813715,
        0.030824654342118646,
        0.040803007463224614,
        0.02547421271007302,
        0.026589195202422092,
        0.06799191818317435,
        0.0390770634562139,
        0.10342293663746133,
        0.025685924285091036,
        0.20402728721187152
    ],
    [
        0.006891915736283484,
        0.004213368772786342,
        0.0016482700682504227,
        0.002202533230686406,
        0.0007381244711442886,
        0.0020643279741815643,
        0.001478878572434548,
        0.0014708205879915054,
        0.0030813036094237824,
        0.003014600033713462,
        0.0015302904672054988,
        0.00041353044450027194,
        0.0022828250289901896,
        0.001254817289958085,
        0.0020052692096233656,
        0.0018594597665049484,
        0.004899633674970886,
        0.001707894694897232,
        0.9559350312872018,
        0.0013071050792519412
    ],
    [
        0.009731850869953988,
        0.04713379662514377,
        0.0048781759610694074,
        0.004478851314842859,
        0.003131767686427955,
        0.006855890672411434,
        0.008787994528971596,
        0.015830730622331528,
        0.022428012307214397,
        0.008006186089882078,
        0.009848464375710023,
        0.00418903414034322,
        0.797801088161876,
        0.0039441803429197215,
        0.010987442861480836,
        0.00483733597553828,
        0.019494596472266257,
        0.0041677231527584195,
        0.010913150947695086,
        0.0025537268911632245
    ],
    [
        0.0028716893273293374,
        0.0021692507967437154,
        0.009707558150230451,
        0.0023138379819822364,
        0.8986263721071558,
        0.023983947618409773,
        0.0014689297437998133,
        0.0016280428636112033,
        0.006040071235229639,
        0.004696400182240229,
        0.022286635696256874,
        0.00029440470370446374,
        0.0004836128733164989,
        0.006364837961204625,
        0.006934470569118838,
        0.0063287982155214514,
        0.0024801328596945034,
        0.00043595079391534866,
        0.00042313859025966774,
        0.00046191773027561705
    ],
    [
        0.03415804306130086,
        0.06233063657895921,
        0.03048121220457241,
        0.013286855991040137,
        0.04623680068927903,
        0.21936563769585854,
        0.007616302884512384,
        0.05394183224639745,
        0.09662267590916182,
        0.032410635080439426,
        0.0823773489757212,
        0.002509255638426596,
        0.008527329943259986,
        0.029429933391590505,
        0.20844625487669086,
        0.02309386335175165,
        0.027630333562786012,
        0.006961662387979838,
        0.00892543227035453,
        0.005647953259917479
    ],
    [
        0.009612054786847317,
        0.005957364143991441,
        0.007221890201377117,
        0.0034676963232313,
        0.03440483485654785,
        0.8216862822431372,
        0.0018695060243216885,
        0.0030640835806224767,
        0.02996949716080629,
        0.006408856758065662,
        0.029272544364920557,
        0.00029196805877672793,
        0.0007976945695570566,
        0.012247306273007116,
        0.017573057052406384,
        0.008175608800218016,
        0.005228067861236213,
        0.000901264426399731,
        0.0010930013951104892,
        0.000757421119419213
    ],
    [
        0.03709707293678386,
        0.046852231763949544,
        0.024141688185216805,
        0.02461191111319674,
        0.014225907166278735,
        0.019180014244510928,
        0.44445197089937466,
        0.009879705402934057,
        0.036561585563381224,
        0.056415704104445845,
        0.02592559137502403,
        0.005523284621396617,
        0.03718874852453807,
        0.01164541710853902,
        0.025397781145214612,
        0.023935692996870848,
        0.06577684654485635,
        0.02354903683877508,
        0.046658306895592645,
        0.020981502569120323
    ],
    [
        0.040652340325261375,
        0.05178887419815142,
        0.06233472827782345,
        0.0399198649956293,
        0.03288356784590437,
        0.02909785503936653,
        0.03070331568029899,
        0.029395679254449414,
        0.052708608991678695,
        0.08245986939647755,
        0.050881950663591184,
        0.009852047606358145,
        0.020669888700033955,
        0.029737207008122196,
        0.04280104572637706,
        0.04259125927142166,
        0.05654509431268048,
        0.1458449562459062,
        0.020413873265231336,
        0.12871797319523667
    ],
    [
        0.004064841886593352,
        0.02402056787613501,
        0.016372612576645813,
        0.00703702673118992,
        0.014377242621454464,
        0.07458350024842764,
        0.004824573964685419,
        0.007441069949752371,
        0.02815081774329459,
        0.028383447405267534,
        0.022333524905200443,
        0.00045483446275915537,
        0.0027899749455838467,
        0.006838471561288801,
        0.7216249603123989,
        0.003567456496949812,
        0.030172381772137682,
        0.0008079082940782482,
        0.0015646824271913998,
        0.0005901038189656404
    ],
    [
        0.01990394909004074,
        0.24087856062337498,
        0.014818862259564284,
        0.012625963283321691,
        0.006447847288662804,
        0.06716712037286995,
        0.013214773010745027,
        0.014683794185016651,
        0.11965733633491606,
        0.04682813596383582,
        0.020656194836756625,
        0.0007274418288347698,
        0.008743225280154344,
        0.008602008114071706,
        0.23611593435671085,
        0.006350410789874098,
        0.145072782161967,
        0.002566962939025562,
        0.013388785252865978,
        0.0015499120273910793
    ],
    [
        0.9125156983434803,
        0.0052577489866189745,
        0.004813588986067144,
        0.0020693943866501906,
        0.0022628006694908583,
        0.00398127001645913,
        0.00207301450943432,
        0.0023525715830899608,
        0.010090809757895353,
        0.004835607475359512,
        0.007921165305483861,
        0.0005882925236933779,
        0.0011834126046209705,
        0.0023064338283951295,
        0.00219576793259093,
        0.022521806954258854,
        0.004534712501594001,
        0.0017109303839387285,
        0.004760301879103044,
        0.0020246713717750327
    ],
    [
        0.009270368762128587,
        0.003875514930475921,
        0.7906518397577822,
        0.026771953447888144,
        0.017759907027176645,
        0.006283825303212808,
        0.0020020839553702235,
        0.0019234540703329502,
        0.007847408952735828,
        0.050922927225479274,
        0.020704037394228186,
        0.0007550826547043437,
        0.0011041410685466158,
        0.01180375638153248,
        0.0047142193855858145,
        0.02582889537205286,
        0.014827392822054959,
        0.0007394473280972428,
        0.0012938651837707382,
        0.0009198789768442487
    ],
    [
        0.002497545881269372,
        0.004724964063845198,
        0.003466655011145451,
        0.0021932257670076926,
        0.0020525791917570574,
        0.00252473377119619,
        0.9483729728856625,
        0.0012316614731604464,
        0.004978594830281603,
        0.006277521060208033,
        0.003790227042186615,
        0.0003543680966077059,
        0.0015760089370117822,
        0.0012536405726777773,
        0.0034862468246415384,
        0.0019955148759565043,
        0.0067310284340187185,
        0.0008566801307979497,
        0.0010031622893013777,
        0.0006326688612662216
    ],
    [
        0.0649404524209089,
        0.03456401901342851,
        0.043256375261541254,
        0.18307600014071673,
        0.02022941781709103,
        0.0414488735602757,
        0.0339993383959313,
        0.011995584668609224,
        0.04258266242357712,
        0.0693864690222126,
        0.02522212797765189,
        0.005314834115590348,
        0.016297067850895658,
        0.05383491661984697,
        0.031279394123907504,
        0.0338287597873111,
        0.08512584375293383,
        0.02134331223752185,
        0.16323581295300116,
        0.019038737857047305
    ],
    [
        0.0062452822399481495,
        0.003506358356994875,
        0.015677476424132943,
        0.0009996013529616106,
        0.016549223119723667,
        0.004095605044848744,
        0.0010089463423184218,
        0.0017704595093640289,
        0.009950662820723266,
        0.007379324744776442,
        0.8993204834963537,
        0.0003472992927285463,
        0.0006072552713496926,
        0.0014690745076425895,
        0.0031410833302116725,
        0.02352599816016826,
        0.003227012508152431,
        0.0003850690316017647,
        0.00033912982951354506,
        0.00045465461648556336
    ],
    [
        0.028007843859036468,
        0.050638276131412335,
        0.008219747634576759,
        0.004417044715931924,
        0.01207218162787796,
        0.036898026823765154,
        0.0039342731619895505,
        0.011368180054561266,
        0.6435444557310611,
        0.010168697008327534,
        0.11199383402653673,
        0.0010791291836240965,
        0.006140229258781676,
        0.011473672964063701,
        0.02365828085028014,
        0.014027110431088646,
        0.014053869281681076,
        0.0033528999391144614,
        0.0024843093661859094,
        0.0024679379501034897
    ],
    [
        0.0030711352010620086,
        0.0021248254296408215,
        0.015970165704770337,
        0.00314579551298584,
        0.8853317104762728,
        0.008437067988363281,
        0.001233904435394414,
        0.0014559678278421927,
        0.006280392285580547,
        0.005832889100001958,
        0.03715375402558694,
        0.0004817096035781291,
        0.0005983291385013816,
        0.008785259694391218,
        0.00426890794927261,
        0.011304047656899678,
        0.0028034912141758988,
        0.0005963216540885655,
        0.0003961384545154725,
        0.0007281866470760795
    ],
    [
        0.008136907510841167,
        0.008301382811489174,
        0.04743349137102729,
        0.0184910211206019,
        0.6332176836545431,
        0.05609996321340173,
        0.006708871320665847,
        0.005700892453466403,
        0.023926617037461725,
        0.02179783119056961,
        0.058846394120762965,
        0.0013596770116662766,
        0.002192331835592761,
        0.048735651033621104,
        0.02334805498319467,
        0.017223069942672063,
        0.013431524261724153,
        0.0018014075694283147,
        0.0015401019568081075,
        0.0017071256004616434
    ],
    [
        0.0017942956183451067,
        0.001058945624968988,
        0.943605673627277,
        0.0031216784725273073,
        0.004252867827741405,
        0.0012916813536120652,
        0.0006492498586548939,
        0.0006045396078464932,
        0.0015704910497186717,
        0.024445052554127183,
        0.004778965900956282,
        0.00022569298273181736,
        0.000274785176077742,
        0.00136532343031032,
        0.0013911301120956999,
        0.005184540303485519,
        0.003477568854434006,
        0.00025981555359709665,
        0.00031757333582043177,
        0.00033012875567151387
    ],
    [
        0.017961045671093263,
        0.02279573234168085,
        0.08043965650682143,
        0.43214327055164803,
        0.018587692949492165,
        0.020605745803837703,
        0.02054801132419768,
        0.010111182096139528,
        0.023317303402162395,
        0.10237877320377961,
        0.019993131864337696,
        0.0041774572116603115,
        0.012970319143066084,
        0.04072381364416221,
        0.027911445813374278,
        0.01769284037083246,
        0.09614762082764755,
        0.006448057084730062,
        0.019014945221560966,
        0.006031954967775694
    ],
    [
        0.04214375099960664,
        0.14129909804738477,
        0.012073045687162425,
        0.009774551319561163,
        0.015966792801672517,
        0.23213473107936897,
        0.019229990681270924,
        0.04278327853725843,
        0.15968465884311403,
        0.020415351759393966,
        0.03914607347711184,
        0.0022329888471599823,
        0.01888194474252219,
        0.015444794436557626,
        0.14017597482143737,
        0.014058251796501825,
        0.03541118326061367,
        0.009266111656732195,
        0.024780546097198774,
        0.005096881108370657
    ],
    [
        0.013092967430397713,
        0.018787324380621633,
        0.12787120126983056,
        0.010515692074152795,
        0.24949525859836452,
        0.04092639353214506,
        0.006782484092949586,
        0.007132547945505137,
        0.03357039439638732,
        0.10348529803973669,
        0.2530700497021044,
        0.001350330936651791,
        0.0036625135909353966,
        0.011407898681982411,
        0.052505734070438584,
        0.0316732526087241,
        0.02809572730911613,
        0.002051152332373656,
        0.0022211212818545986,
        0.0023026577257279223
    ],
    [
        0.050435260333797666,
        0.07165115894845223,
        0.027230515091388904,
        0.0211624724959911,
        0.015957778774510843,
        0.019118616461600495,
        0.26368981234687333,
        0.020081251828417652,
        0.053761763631953896,
        0.04751559554497468,
        0.039330530228801994,
        0.016283194975087074,
        0.11813686711806601,
        0.013278099482994648,
        0.025020866175106977,
        0.033496007374811496,
        0.06763953996316738,
        0.032091880098006884,
        0.03769362956975285,
        0.02642515955624392
    ],
    [
        0.011501129128391858,
        0.008937961945249925,
        0.0019917082139419124,
        0.0032220989413244555,
        0.0009601160954033609,
        0.0027475064922079765,
        0.0025565090556937337,
        0.00228734755384709,
        0.006452106389078713,
        0.0037966209973457504,
        0.0023619641162141033,
        0.0006877085530871455,
        0.006450173978109298,
        0.0020219643689231527,
        0.0028414542668946633,
        0.0025502971839189382,
        0.007801215528186924,
        0.004386823533329593,
        0.9237466190253726,
        0.0026986746334786305
    ],
    [
        0.07636541293624255,
        0.005863556273702242,
        0.039090105465135805,
        0.006973438398372417,
        0.08663445194508197,
        0.022735873298252364,
        0.0029984777073100307,
        0.003725258056433382,
        0.019008753758171577,
        0.015778278951604174,
        0.07468824037931979,
        0.0011438880815571029,
        0.0012874447197019378,
        0.015708668908704704,
        0.0068659305572658,
        0.6050894379467494,
        0.007182760817752039,
        0.002515801318582027,
        0.0022841144541992735,
        0.00406010602586143
    ],
    [
        0.025157466243190846,
        0.062394713327418805,
        0.020147286010469886,
        0.020410750968063048,
        0.028814286742838348,
        0.268493446252891,
        0.006939391435061861,
        0.0346313093255761,
        0.12779910966839592,
        0.02530993760934334,
        0.04785041908596645,
        0.0020613905961851765,
        0.00991844714197262,
        0.059266152072232195,
        0.1910388248569777,
        0.014672927898564609,
        0.03218396781413851,
        0.007914352217070778,
        0.009837665692626613,
        0.005158155041016192
    ],
    [
        0.01180079672549675,
        0.016293467313355178,
        0.013420364525168763,
        0.009665589949651875,
        0.014752874801092565,
        0.7207596222566651,
        0.003267999500730298,
        0.008672045059275605,
        0.042727966901740036,
        0.01590415136257267,
        0.019556186989034954,
        0.0004960239795249647,
        0.00175125751929304,
        0.018422053839776072,
        0.07241978795761214,
        0.006655505267292667,
        0.01755656215771389,
        0.0015750389910397528,
        0.003228964730722449,
        0.0010737401722411678
    ],
    [
        0.01341320270649833,
        0.03645760093180606,
        0.07101430339618445,
        0.042298029322833754,
        0.008923938404674136,
        0.014351651742838156,
        0.005362070448149794,
        0.004899681761135654,
        0.03165477687480135,
        0.47342312884168425,
        0.02481208095950623,
        0.0009065623386960669,
        0.0061308383805773825,
        0.011208373069629103,
        0.04249174972996417,
        0.010120787347389644,
        0.19216803076596864,
        0.00228641830447001,
        0.005911717409304538,
        0.0021650572638882556
    ],
    [
        0.0046939730539202204,
        0.027946880503801366,
        0.013453314419436885,
        0.0065958893456728555,
        0.0031356571908061834,
        0.008061288857052222,
        0.003569329349115732,
        0.0017600539152614783,
        0.0219448451807888,
        0.15292183227641173,
        0.01275462814576344,
        0.0002521363719077519,
        0.003346731907516713,
        0.002401059677982052,
        0.02264824827403704,
        0.0031756595148882427,
        0.7084485650951388,
        0.0005340735812501848,
        0.0019207320401353851,
        0.00043510129911298093
    ],
    [
        0.01051177142518065,
        0.004592283364474906,
        0.012277294011101609,
        0.03158556165444823,
        0.020953597841961748,
        0.03394473169820482,
        0.0023298995217853656,
        0.0034409576557740983,
        0.014726634835667217,
        0.007449511007349138,
        0.011730789625952899,
        0.0008991327296534747,
        0.0013506113173060402,
        0.8122824610815693,
        0.007845415950006564,
        0.010720569364371822,
        0.007113416915404003,
        0.002050594610749237,
        0.0023402653741690605,
        0.001854500014869755
    ],
    [
        0.005744726141915173,
        0.024977380306118836,
        0.0061073017911985866,
        0.0048573390751484175,
        0.011780569529674816,
        0.5668460069916339,
        0.00501606042842037,
        0.011950546916171433,
        0.06947128368438205,
        0.007914724211462396,
        0.018723796732478922,
        0.0004563025944673514,
        0.0025005105544097244,
        0.011946254773787626,
        0.23293488137149654,
        0.0034736172455027423,
        0.011445383656233302,
        0.0012951655920639136,
        0.001775392726464987,
        0.000782755676968954
    ],
    [
        0.017305032706202744,
        0.09624675665198361,
        0.017865588670895334,
        0.012699651072544414,
        0.03502083733342419,
        0.15998329727604882,
        0.027833174174651327,
        0.042218284085474164,
        0.10204629309540361,
        0.027349065723463076,
        0.05685213902217704,
        0.0032568627527763245,
        0.026042923994767913,
        0.019547331278457078,
        0.2830415234463758,
        0.013008246235406862,
        0.0392274971287665,
        0.007176202398706518,
        0.008805089108807687,
        0.004474203843666935
    ],
    [
        0.011187928268857738,
        0.020444522047005212,
        0.024527396638181216,
        0.0038484636082535325,
        0.02385703054567661,
        0.026551809460885922,
        0.0017101148427959326,
        0.005268945897837517,
        0.07466497700576348,
        0.025287325612111333,
        0.7117498205634916,
        0.0005657141395974873,
        0.002479498167434749,
        0.006213745067000777,
        0.026065199005130237,
        0.015091052278155256,
        0.01766278378897319,
        0.0008596416950177535,
        0.0011260584339430717,
        0.0008379729338873916
    ],
    [
        0.0018905375707981176,
        0.0027418363871309056,
        0.021498942686146973,
        0.0038277200850231363,
        0.001454593446554368,
        0.001391704136367035,
        0.0010411378298164963,
        0.00048572570590658666,
        0.002422869847777591,
        0.9252649863837457,
        0.003460816630759988,
        0.00014214715388259787,
        0.0006613863394836183,
        0.0008633702270198699,
        0.002723475182396497,
        0.0021674803666270064,
        0.02659029283872621,
        0.0002889362659518665,
        0.0007664500842812016,
        0.00031559083160409297
    ],
    [
        0.011237255883195513,
        0.07673732953153872,
        0.01259074457425338,
        0.0071484402988786595,
        0.013173841958622496,
        0.08435624189849446,
        0.004300700481204666,
        0.004958472008918303,
        0.38621574414376897,
        0.03339050182266843,
        0.07477293597183493,
        0.0004588582892257951,
        0.004098390449149877,
        0.009807963864304676,
        0.22360527036738986,
        0.0069815530356355186,
        0.04097858328639711,
        0.0017048632717631407,
        0.0022143494194426815,
        0.0012679594433126962
    ],
    [
        0.6068561091933881,
        0.026183084899460276,
        0.014129574278457057,
        0.009657168534234423,
        0.01125789296992036,
        0.02708758125843777,
        0.01074350792558728,
        0.010528539704156696,
        0.0497914514480774,
        0.01768811969920048,
        0.028228305925548508,
        0.00238554145809588,
        0.0059725230282110095,
        0.013070599600005995,
        0.013432587722681964,
        0.05339550668822928,
        0.01746466013503526,
        0.02180520911986094,
        0.03634282137092405,
        0.02397921504048731
    ],
    [
        0.007609130392105104,
        0.74980989914449,
        0.0034396521845181773,
        0.0023495226526525984,
        0.001941580067021723,
        0.007389551287669035,
        0.0035814596161709367,
        0.01540008663209242,
        0.07299789456490254,
        0.007606106354996995,
        0.01119267117548253,
        0.0007479979553297742,
        0.05835845027203116,
        0.002330523492447742,
        0.02092754933197496,
        0.0027536312508705707,
        0.02454104635788918,
        0.001943544804465661,
        0.0040257520392793355,
        0.001053950423609354
    ],
    [
        0.05123732621077495,
        0.1879619339548363,
        0.022103302424574447,
        0.030073078256368523,
        0.009789410427437042,
        0.07079980049875113,
        0.010067841589809143,
        0.04583396202311342,
        0.12169023030776621,
        0.042860964060176025,
        0.026882915522724007,
        0.002381091164049297,
        0.023739234345021128,
        0.025822489767358577,
        0.1054356200107935,
        0.013595621279573658,
        0.11000950993307029,
        0.008962576538838002,
        0.08559607646664558,
        0.0051570152183187815
    ],
    [
        0.10347167360972807,
        0.2503209978650033,
        0.010826552490912146,
        0.00814726845085934,
        0.00807270581162767,
        0.04941030491621097,
        0.011332049102246696,
        0.02811879646411713,
        0.26827487002668016,
        0.019512889709036165,
        0.041088165281149724,
        0.002384667700625497,
        0.03920471753074417,
        0.010160833275030019,
        0.03806598332178274,
        0.01704254030405143,
        0.05070512366629806,
        0.005992405805810879,
        0.034027250693631064,
        0.0038402039744548956
    ]
]