[
    [
        0.08360475840025146,
        0.0032355518454111206,
        0.014461492751821535,
        0.00468673077203459,
        0.007665065506321246,
        0.0028244755730504234,
        0.005243784556867617,
        0.004049012864965582,
        0.0022359431104200383,
        0.006010179214700687,
        0.8335775960545609,
        0.007802832763775264,
        0.005082130487173803,
        0.002566329683822816,
        0.004228101499470782,
        0.005104586393063435,
        0.002742659549129254,
        0.0048787689731593625
    ],
    [
        0.01735344015604311,
        0.0038757220303427473,
        0.07213179489940211,
        0.00271150334899409,
        0.8214113392086722,
        0.004074465030415635,
        0.010426223917695446,
        0.003462213908944234,
        0.0027968150700336796,
        0.003738997767901992,
        0.01904844697352506,
        0.00405722231098422,
        0.005266002625448306,
        0.002967491139244393,
        0.005694264553481217,
        0.012969721992894258,
        0.006268852650443874,
        0.0017454824155333675
    ],
    [
        0.012143006631510958,
        0.0042488678786670245,
        0.053999458109536644,
        0.0036763118276836137,
        0.8486360237860604,
        0.005130417013093634,
        0.010263700730199471,
        0.0031196903036914874,
        0.0023836138269268214,
        0.0029472647849522384,
        0.012064839831355267,
        0.004021285602616043,
        0.005380909081824251,
        0.0028883440043925303,
        0.006153698675885405,
        0.013506908164414686,
        0.007522924406008854,
        0.0019127353411804127
    ],
    [
        0.03989570453136775,
        0.025241739563555476,
        0.0053183278031259445,
        0.001679118116513636,
        0.007646745015532474,
        0.026199565875533237,
        0.014035506430233146,
        0.003951417560285847,
        0.006111180790882874,
        0.0037664384067819376,
        0.009662086642341762,
        0.20608375003328355,
        0.016560280097028954,
        0.5303250105348021,
        0.05964538017036977,
        0.03069509973246014,
        0.010570953363681948,
        0.002611695332219552
    ],
    [
        0.02871028023238751,
        0.14599768449390743,
        0.012353568637288221,
        0.004535022891493102,
        0.018047440111416332,
        0.00940018714380501,
        0.011067898561766324,
        0.3200067866037414,
        0.01042083941186455,
        0.11038427638587683,
        0.016129109982559287,
        0.040101130449186305,
        0.019374076424757098,
        0.015840520074270545,
        0.1560221589697502,
        0.01595529286859239,
        0.04887131201095558,
        0.016782414746382042
    ],
    [
        0.03436956497103585,
        0.05796710227284566,
        0.009997017555125992,
        0.0018305370747516135,
        0.011989313487145214,
        0.020860335818140383,
        0.021978054398488846,
        0.009092450662872049,
        0.0043536921329679155,
        0.005905454667581657,
        0.006864885423248406,
        0.029867589642214018,
        0.010359907212873696,
        0.025637349808380873,
        0.6234596269349796,
        0.06569180202245073,
        0.057121169365213144,
        0.0026541465496844052
    ],
    [
        0.14496057115450964,
        0.025145307727872455,
        0.04724742159592415,
        0.016272862660047127,
        0.0254278333655394,
        0.053685651630631576,
        0.1817503505655381,
        0.01595891680448479,
        0.06130480437311541,
        0.020515688876387425,
        0.08149429494761762,
        0.015370305949880685,
        0.15768911090176468,
        0.011062865570882843,
        0.012489314077555552,
        0.07814347153717847,
        0.045631305580205006,
        0.0058499226808650965
    ],
    [
        0.015592322627287441,
        0.1819727287439858,
        0.008263787953894175,
        0.002541069672791691,
        0.0117337268538963,
        0.010677499593041548,
        0.014905595782186962,
        0.036179386459070116,
        0.00554314964903826,
        0.013675764331300407,
        0.005552833852779947,
        0.008057926890468197,
        0.018442582921847844,
        0.004934842758181142,
        0.054551995892107345,
        0.02367562728333135,
        0.5805498026025132,
        0.0031493561322782464
    ],
    [
        0.03583574340706945,
        0.03325730377674134,
        0.07019889435542383,
        0.02234210125834705,
        0.05640891366458202,
        0.1498436557925815,
        0.1816555024267963,
        0.01445377699794679,
        0.014225658290235746,
        0.00956875419269535,
        0.020922131886376004,
        0.015851837886489244,
        0.036096663658914355,
        0.014876673727562002,
        0.0316925060100149,
        0.16553185620412839,
        0.12081157263781378,
        0.006426453826281917
    ],
    [
        0.025948162675694556,
        0.01577055751615409,
        0.011856356968988907,
        0.006645973985023174,
        0.010078246279423681,
        0.5382945303165085,
        0.1366024629647981,
        0.003503849706623769,
        0.01703954327098614,
        0.0038007745612511903,
        0.009556653517259718,
        0.010586490329215272,
        0.03946647500420195,
        0.008741395647987288,
        0.009433125791102042,
        0.11986143896334617,
        0.030709038833561495,
        0.002104923667873889
    ],
    [
        0.11671230316812611,
        0.042194485775587945,
        0.015283013491878963,
        0.004032623490932087,
        0.019599384668832338,
        0.034418374877837506,
        0.02431237046653805,
        0.010791082495660863,
        0.0052273325639083995,
        0.006307850153253718,
        0.03938684163307792,
        0.3184372048784681,
        0.03199520051171863,
        0.1457776877593726,
        0.1194751066058318,
        0.04047482811106798,
        0.019665248686346563,
        0.005909060661560479
    ],
    [
        0.11488804046853313,
        0.028864132406133346,
        0.08053863157413438,
        0.006576043815769672,
        0.3673625902364844,
        0.0159680495273026,
        0.027943676040178254,
        0.02224661932305658,
        0.00853811494691651,
        0.01820935068843625,
        0.11886598150500795,
        0.035691734038957645,
        0.03405986325821043,
        0.012893530029300876,
        0.035471561312693474,
        0.037005317798632094,
        0.028568684417517153,
        0.006308078612735239
    ],
    [
        0.016692322431582918,
        0.03148350620886022,
        0.007859637900066952,
        0.0037667208802075183,
        0.005988352184107953,
        0.005393279538507268,
        0.007832624848118844,
        0.7279992971158864,
        0.007109885295862023,
        0.08426831829590388,
        0.013478449495421017,
        0.011823876962513243,
        0.011525855020875383,
        0.006148279559368249,
        0.021502431670645694,
        0.007750520677427624,
        0.019587729743008372,
        0.009788912171636308
    ],
    [
        0.018066818059528113,
        0.6076985354825308,
        0.004897932985194238,
        0.0033783268261089504,
        0.005850167418178137,
        0.0226932036293242,
        0.014399693641710678,
        0.026400026799310385,
        0.01598002000241024,
        0.020078744056426873,
        0.00639015089912024,
        0.0251696763366873,
        0.03384815895509839,
        0.012691615301306297,
        0.0637764487170946,
        0.021822303329218272,
        0.0912365597973757,
        0.0056216177633765275
    ],
    [
        0.04050523536862068,
        0.24627381120463468,
        0.007850729368474358,
        0.003303161539509599,
        0.011384689460083489,
        0.01808975631093474,
        0.012752685745200816,
        0.024131771272845305,
        0.006527394916158331,
        0.014317478695922571,
        0.01236724451496492,
        0.12383902615077075,
        0.026676284006758002,
        0.030748368725452575,
        0.3453540789002895,
        0.023314483221810185,
        0.044647298022954585,
        0.007916502574614919
    ],
    [
        0.060481317622998416,
        0.1813526813400238,
        0.007056302006661948,
        0.0022685920580166694,
        0.01011313599395338,
        0.11718423727520622,
        0.036574269638138056,
        0.0067314033094367795,
        0.01997574700422035,
        0.008277975492214498,
        0.008971683403372496,
        0.1435065466439372,
        0.043841932030078135,
        0.04849099316370167,
        0.11605863510107955,
        0.12707710177517392,
        0.059371353768120194,
        0.0026660923736667504
    ],
    [
        0.13587324981279184,
        0.08469019076376225,
        0.021052620788236113,
        0.01412800115816829,
        0.016502172876106617,
        0.1088579148770326,
        0.07679721103449315,
        0.020838250549887406,
        0.026433417721730818,
        0.020528610824630856,
        0.05044113464293083,
        0.045648972005963,
        0.18993459089593384,
        0.013790607033977881,
        0.028357280068461523,
        0.06784545666778638,
        0.0706634993012601,
        0.007616818976846549
    ],
    [
        0.017131981248594125,
        0.008389278502713841,
        0.0449964518109555,
        0.7204091900961365,
        0.018006962067113975,
        0.019560887705349837,
        0.031975143748841986,
        0.009170922001673763,
        0.008167818774132111,
        0.007680582544794365,
        0.019597522427261694,
        0.006627960843983701,
        0.01081436050405516,
        0.0072915279620129276,
        0.010123960446951377,
        0.023280818707304706,
        0.015768765874703505,
        0.021005864733421153
    ],
    [
        0.02295590477622573,
        0.004034940931650824,
        0.041580790696270964,
        0.0027519969786140995,
        0.011570648655386604,
        0.02576659036643639,
        0.755941486245643,
        0.0023785527809741126,
        0.0031916639006009224,
        0.001643484268764193,
        0.011068608057163629,
        0.0025606731390564867,
        0.01146110266636368,
        0.0030128226047880305,
        0.0036759547217734287,
        0.08104827142920198,
        0.014552649526280213,
        0.0008038582548060098
    ],
    [
        0.06944224018561662,
        0.035589028160236076,
        0.020704121972509017,
        0.005308562467671712,
        0.025782034513938602,
        0.07142372465974449,
        0.08132827460874174,
        0.009621495202711659,
        0.049458456758566825,
        0.011412530048308238,
        0.020301352399865063,
        0.045860604979683355,
        0.04301814196494916,
        0.2742984581741922,
        0.04767100599891481,
        0.1477612345673122,
        0.03530228733085723,
        0.005716446006181094
    ],
    [
        0.035377334267318865,
        0.06555633250971485,
        0.07260295049485677,
        0.021153928978612707,
        0.09015166873257564,
        0.03818912842942765,
        0.07024412163553123,
        0.0800859583171801,
        0.024213390517206786,
        0.03245695460253169,
        0.0247708128435529,
        0.01911821270995168,
        0.04268650561998641,
        0.027265221801618097,
        0.06439921442024771,
        0.07340896795254527,
        0.20068567203250234,
        0.017633624134639283
    ],
    [
        0.028053613957106913,
        0.021605029811836093,
        0.008949700529189778,
        0.006970349784767589,
        0.009228766391842256,
        0.027230564370754905,
        0.026600734567179263,
        0.008061819782150082,
        0.6825350230991936,
        0.020027470592805366,
        0.012497084154035004,
        0.018489442821279803,
        0.038429733275358466,
        0.023471461313576227,
        0.012561435121901277,
        0.029253949994901475,
        0.01898517779217756,
        0.007048642639944349
    ],
    [
        0.018735952707014395,
        0.004137712663794616,
        0.7592214308231581,
        0.009178279767176495,
        0.07927870317298222,
        0.007566230750343642,
        0.021027164336896987,
        0.006383956369315948,
        0.0029660835346654022,
        0.004556966528107186,
        0.031779899949053746,
        0.005683631988198482,
        0.004506888669486898,
        0.005834760534448465,
        0.009166013648031547,
        0.018304242191677193,
        0.007580150382064796,
        0.0040919319835839236
    ],
    [
        0.046047178057261454,
        0.03185683259066707,
        0.04117991730985736,
        0.01595181996551281,
        0.038799850193905285,
        0.10672872536057135,
        0.1428612740736921,
        0.013842156975729216,
        0.021910131976425665,
        0.008799999797624428,
        0.02381923691164479,
        0.023423614804269223,
        0.05989126147252739,
        0.18292720970013973,
        0.038555234658933034,
        0.13407618318182543,
        0.05899864990283188,
        0.010330723066581768
    ],
    [
        0.05770184202086837,
        0.04513310602861289,
        0.008566403324299289,
        0.00478616964297567,
        0.009807265100272662,
        0.041856761955032414,
        0.018426303834879094,
        0.008951360079554941,
        0.015525833752745353,
        0.012384922667501042,
        0.02041710540860107,
        0.5639739711301185,
        0.024626978663314786,
        0.05371288208221366,
        0.05961265319617727,
        0.031014832312633925,
        0.016119740147053228,
        0.007381868653145878
    ],
    [
        0.01692151739828477,
        0.12826200529644258,
        0.011557419250603138,
        0.005076129234992095,
        0.012660696156597224,
        0.023628701697745554,
        0.03169542990198659,
        0.04808213153982455,
        0.018397934904442883,
        0.021008723514699505,
        0.007394784228003143,
        0.009955210725049207,
        0.03448928928293148,
        0.01000127659688821,
        0.0374103422797041,
        0.03692036815197818,
        0.54136745805564,
        0.005170581784186844
    ],
    [
        0.05467821821913473,
        0.026592334690228165,
        0.10798066998795453,
        0.19147219961349965,
        0.135841724427741,
        0.03936347174873257,
        0.04953274423484311,
        0.021738418662675202,
        0.01907164605744114,
        0.021770333360463523,
        0.06802150298720869,
        0.028324467286512844,
        0.03543310812557201,
        0.024306417925849096,
        0.03434765132329297,
        0.052989416845201844,
        0.03575153231612421,
        0.05278414218752475
    ],
    [
        0.03585549204616892,
        0.019594551324995158,
        0.020029024161151675,
        0.009907041775071294,
        0.015988071968427768,
        0.09630874423073602,
        0.15656620501660395,
        0.006275921334010676,
        0.32868366851150216,
        0.012331408556817578,
        0.01204095372171877,
        0.011614644489364327,
        0.031598284616996285,
        0.013948947063243844,
        0.013767023639675122,
        0.16791384068528706,
        0.04324718310112995,
        0.00432899375709952
    ],
    [
        0.013406214438507438,
        0.013130361707401344,
        0.004984387344416986,
        0.0020365749028034273,
        0.0038803026156424038,
        0.5773604243655872,
        0.17465916133386142,
        0.00239362342642578,
        0.0075625049494873,
        0.0017722121787516613,
        0.004010462650554667,
        0.005093311606537566,
        0.03513897832702561,
        0.008351249713963099,
        0.006628136624224258,
        0.10453327961531646,
        0.03413008522613495,
        0.000928728973358487
    ],
    [
        0.007336239126507707,
        0.0022877909172211806,
        0.14131022502527493,
        0.002315402228964097,
        0.7887822447400411,
        0.003880228162552868,
        0.010886770810420159,
        0.0019282302825880046,
        0.0014605694160461456,
        0.0016258908977454592,
        0.006414535000227637,
        0.0021700588261702853,
        0.002538423417399939,
        0.002248440909221999,
        0.004432905398123857,
        0.013922965370396934,
        0.0053689525951800664,
        0.0010901268759175864
    ],
    [
        0.07543729593198692,
        0.052711598036389855,
        0.014879871156134818,
        0.0029098146434161066,
        0.019393151516581407,
        0.0172880666624936,
        0.01866226081425605,
        0.024685453508162522,
        0.006553555705338418,
        0.011558956297945748,
        0.02834572871462516,
        0.17736316392214843,
        0.02494514364451283,
        0.27290810444664226,
        0.19347938086351543,
        0.028871771317442015,
        0.023647926934932707,
        0.006358755883475574
    ],
    [
        0.01935131854089455,
        0.007279559332866604,
        0.019862963506248846,
        0.7511452986727503,
        0.009563456671198749,
        0.009961480699776282,
        0.015061036595455619,
        0.009811744257511874,
        0.008803790004297887,
        0.011438401090671456,
        0.02987665380728101,
        0.006969720300540223,
        0.010388440471259641,
        0.005853586101079079,
        0.007545239494338228,
        0.01171182206616752,
        0.008629256229926024,
        0.056746232157736456
    ],
    [
        0.026184720870966533,
        0.0490969531358174,
        0.0058978235399664534,
        0.0041036047270747045,
        0.00654158439032993,
        0.01878092058129491,
        0.021388162452993444,
        0.01211853625174439,
        0.0175558337112095,
        0.008317449824913913,
        0.010566254091837526,
        0.009907931022473298,
        0.7219917558963758,
        0.011432972625057351,
        0.010308507079151083,
        0.018652870823852915,
        0.043247757461088616,
        0.003906361513852289
    ],
    [
        0.005486031731690044,
        0.003905141493023874,
        0.0018476778974864155,
        0.0006365238678762639,
        0.0015889028690315866,
        0.8347549308973125,
        0.03256112131107416,
        0.0005937190921138252,
        0.0020730128278856857,
        0.0005983262457329443,
        0.0013188772036896892,
        0.0030760774159419666,
        0.0037610200428787547,
        0.002837404500559436,
        0.00379728521548124,
        0.09402295694343984,
        0.006825100679727666,
        0.0003158897650542287
    ],
    [
        0.029815597918018993,
        0.0327848194484317,
        0.01041304738593966,
        0.009512164858547943,
        0.011306753162300016,
        0.0421434811079555,
        0.031506480994137005,
        0.008556238013756528,
        0.6178740805882016,
        0.02509598825219596,
        0.011811752513891164,
        0.022074363656937327,
        0.03359000155780809,
        0.014417438130309714,
        0.017778512685166014,
        0.04323807199944259,
        0.03013705403550305,
        0.007944153691456972
    ],
    [
        0.010945339403189437,
        0.007412199239467976,
        0.0011611898575727593,
        0.00030243359116872217,
        0.001864484255874983,
        0.0026551469007204194,
        0.0017876757043258477,
        0.00116095389898758,
        0.0011630933905362828,
        0.0016299871042868353,
        0.0022583412047745915,
        0.9133933418228064,
        0.002019711429687703,
        0.008206366406786583,
        0.03691467529365506,
        0.004328171960980746,
        0.002183828040463813,
        0.0006130604947139157
    ],
    [
        0.03794734564160437,
        0.12680822531540833,
        0.01823009750875237,
        0.008388868671261132,
        0.02424189133107779,
        0.02678766341849495,
        0.020189677951861443,
        0.049609981730309546,
        0.00813545306603687,
        0.021327876849455227,
        0.020366431320363254,
        0.08856478360797804,
        0.023053333870696094,
        0.03305222077445431,
        0.38595785579353065,
        0.03250389815624404,
        0.056739423521752534,
        0.01809497147071901
    ],
    [
        0.009633828976404383,
        0.01778920818443501,
        0.0034046953083880604,
        0.0007030818579153985,
        0.00418769908719635,
        0.006005838477442675,
        0.005335822505159307,
        0.004052753264401453,
        0.001027696179094776,
        0.001794780929360856,
        0.002929974281745758,
        0.01568939558709501,
        0.003080128326202509,
        0.011203290465397716,
        0.8888308909516924,
        0.012216105560194224,
        0.010960321517023836,
        0.001154488540850296
    ],
    [
        0.06751373299965824,
        0.020773491640457296,
        0.09818011373771177,
        0.05403487052311871,
        0.06471947146768052,
        0.11705718107257188,
        0.2035720321599652,
        0.009505445790358509,
        0.018393856898790896,
        0.009664156891888431,
        0.0454950545956612,
        0.01492598819075778,
        0.05244848812140245,
        0.010629758340587681,
        0.01664290802655662,
        0.1388119183923299,
        0.05030106039235644,
        0.007330470758146539
    ],
    [
        0.015021080180650669,
        0.09324957036910435,
        0.003815400535709627,
        0.0010387831865813345,
        0.003938349459427879,
        0.014684269151167231,
        0.019705014960090455,
        0.006095676254481315,
        0.005034352604271221,
        0.00468721310643069,
        0.0027348676236084914,
        0.005400152248786,
        0.01420547126578003,
        0.003656048075093486,
        0.024832897170976562,
        0.04150053792284748,
        0.7393749267618596,
        0.0010253891231335865
    ],
    [
        0.004822216561169018,
        0.0020828683487573,
        0.006095699135558077,
        0.9383930639161829,
        0.0035939064612298998,
        0.0035749435212962684,
        0.004842665413505247,
        0.0018827062282133445,
        0.002838571927430663,
        0.002580024433744378,
        0.00574487970332278,
        0.0017838160349292309,
        0.0031554661724515647,
        0.0013340827350398928,
        0.0019679727176444787,
        0.0040840750929803035,
        0.0029129890937692783,
        0.008310052502775273
    ],
    [
        0.07573278138332067,
        0.0310659010265044,
        0.012465822661870718,
        0.006627622875423134,
        0.01253745709678153,
        0.08964582636471609,
        0.07253740451258904,
        0.007362948241384152,
        0.03904721462119654,
        0.008271912013388553,
        0.027302411841443226,
        0.022642202698173512,
        0.4743508421381455,
        0.017346622153198932,
        0.011876833445441807,
        0.05680261827615113,
        0.03076946580788044,
        0.0036141128423905953
    ],
    [
        0.22862565432249188,
        0.036627096926704274,
        0.02571414209759901,
        0.012384277849573267,
        0.021956115881130472,
        0.03850246320550253,
        0.04043545076620095,
        0.01668228332424789,
        0.11601906461529729,
        0.06929986241141141,
        0.08203630587126705,
        0.11977937632593878,
        0.043990724546328734,
        0.02645606319721416,
        0.0321459857962522,
        0.051247780145724606,
        0.023724403240882732,
        0.014372949476232744
    ],
    [
        0.036360477306279275,
        0.2111323857474696,
        0.011713870857500582,
        0.00708864117781501,
        0.015422669605160933,
        0.01613378386288364,
        0.013826138117093304,
        0.1185710560593342,
        0.014146324267407267,
        0.0759516674614481,
        0.019310621336366803,
        0.09550558355511639,
        0.02730698163686554,
        0.02867220692077992,
        0.21156520486089891,
        0.02038840537378691,
        0.04658000278618019,
        0.030323979067613395
    ],
    [
        0.006730880346171436,
        0.8590027553327197,
        0.0014654993260601735,
        0.0007526217293875455,
        0.0017487348657299255,
        0.006267514272794713,
        0.004539587597374506,
        0.010042329725290148,
        0.00380151587504542,
        0.0058659466736583595,
        0.0020327427129863402,
        0.008057332723339024,
        0.012504109660301077,
        0.003465762322428038,
        0.02407483260638896,
        0.007013111294382599,
        0.041416125720431185,
        0.0012185972155107174
    ],
    [
        0.009171896873022209,
        0.879732791521974,
        0.0011773178520631741,
        0.000615068054605111,
        0.0015847778629756316,
        0.007641771263579987,
        0.004047793346821553,
        0.0032306951262370824,
        0.0031474553376062216,
        0.003491618800338214,
        0.0018248892946740652,
        0.011636389947259433,
        0.013879910870005212,
        0.0025916322832075242,
        0.019992947113154948,
        0.008166400396006994,
        0.027204456345025125,
        0.0008621877114433885
    ],
    [
        0.03754636002445875,
        0.03633970265599718,
        0.05960775966815817,
        0.2337412974824338,
        0.05766091940908063,
        0.035743993126403605,
        0.049727531417071966,
        0.03322608804220931,
        0.03577145329539627,
        0.035551097067723206,
        0.031288000936349494,
        0.019929740201112295,
        0.03328562018703451,
        0.025130349741423953,
        0.04063574513725849,
        0.053760591018408,
        0.058877163526883526,
        0.12217658706259686
    ],
    [
        0.05766067835976893,
        0.04599324746757786,
        0.03519221610249174,
        0.1411973066124421,
        0.03248976739830873,
        0.04707873065765258,
        0.061487572504498926,
        0.029692442508786096,
        0.08972112854831181,
        0.037265815418779935,
        0.04306888308176624,
        0.02409385185036585,
        0.09889480799058976,
        0.03371520769412512,
        0.029076151504514865,
        0.05489221313232798,
        0.055194955619827506,
        0.08328502354786395
    ],
    [
        0.02029278719297385,
        0.012859641594282314,
        0.006962395215517117,
        0.0024284923238869017,
        0.00825321536897727,
        0.018881036814085053,
        0.017920263059059787,
        0.004454691788539571,
        0.0058459908452170185,
        0.0029606664602177205,
        0.008674897693482286,
        0.017718040277123644,
        0.021559279010443702,
        0.7966939261692726,
        0.017476252662650973,
        0.022623509251442343,
        0.011285452502030042,
        0.0031094617707978123
    ],
    [
        0.009807025023130704,
        0.7238093646572606,
        0.0015540520240518846,
        0.0004574970417557939,
        0.0018242381060375734,
        0.008674198878160535,
        0.007406422420821959,
        0.004703235482515028,
        0.0029200530585953227,
        0.0031234658223788596,
        0.0017560474506611572,
        0.005991322593869066,
        0.015214828973735958,
        0.0024969369147469886,
        0.01888686165883214,
        0.013998275459549177,
        0.17684819587984768,
        0.0005279785540496548
    ],
    [
        0.10089075887423363,
        0.022808297354949263,
        0.040789359145345136,
        0.007271867904027269,
        0.03210257221631158,
        0.06852286529383517,
        0.20660713108883139,
        0.009259667432397643,
        0.009837833590338848,
        0.005392707198791096,
        0.04254706453966866,
        0.013218061155012738,
        0.25642056252547146,
        0.01664463809963017,
        0.013617781982377519,
        0.09759611104335883,
        0.053301375404120006,
        0.0031713451512995292
    ],
    [
        0.09077969900425713,
        0.038968580874301606,
        0.04638597106276283,
        0.015771463035949614,
        0.05087167875209534,
        0.16868989824243577,
        0.11959457084178929,
        0.009701861047366412,
        0.021749364850480526,
        0.013265694276258774,
        0.03420799831508286,
        0.034159536120919716,
        0.040171981893330405,
        0.011328676288177165,
        0.03358283441823444,
        0.20477195840707105,
        0.060290797616115756,
        0.0057074349533713905
    ],
    [
        0.046572339093854935,
        0.014439215935669242,
        0.09938316392031943,
        0.4237654390123856,
        0.04343981603567007,
        0.02898172308894643,
        0.05960695545110523,
        0.016732805211138978,
        0.013880022175258043,
        0.013524639578558255,
        0.07609785991156733,
        0.012457879945890659,
        0.029023014049753996,
        0.014052280405827037,
        0.015427067942465388,
        0.03904074165910175,
        0.02356289356399995,
        0.0300121430184877
    ],
    [
        0.0507076923500943,
        0.17044578927384016,
        0.007146022309370624,
        0.003005137528082395,
        0.010561445150706162,
        0.012961444271668494,
        0.010354337389579043,
        0.030720973353772715,
        0.0075758354481429814,
        0.020799730320443702,
        0.01882961795628606,
        0.29191606414758625,
        0.0262961115034277,
        0.040069814210761744,
        0.24883139041219482,
        0.017306247232715316,
        0.022952231154435992,
        0.009520115986891483
    ],
    [
        0.006437883985245181,
        0.004026992887449681,
        0.001934930650579029,
        0.00036280643861784915,
        0.0018474201694123674,
        0.047650286425234875,
        0.03786294018627455,
        0.0005579197005377881,
        0.0015969145872295565,
        0.0005674092439421696,
        0.0010560613758173168,
        0.0022212553922433967,
        0.002692284804153025,
        0.002316186613586989,
        0.005109687744540266,
        0.8734654117866931,
        0.010065056712656084,
        0.00022855129578665492
    ],
    [
        0.004088515887463538,
        0.0010076674740958954,
        0.0268750281774054,
        0.0005550505893782092,
        0.9459369608455024,
        0.001185401745313435,
        0.0029053615644993765,
        0.0008793258835511321,
        0.00041430639304121576,
        0.0005719671355762343,
        0.00422025944248582,
        0.001150530984729226,
        0.0013111238407282253,
        0.001135181140038555,
        0.0019546315326506476,
        0.003654790927572425,
        0.0017739322628252834,
        0.00037996417314293694
    ],
    [
        0.018211802461600177,
        0.012359708907930846,
        0.00485813544650907,
        0.0023234961088107135,
        0.004772452717319961,
        0.01883707127627956,
        0.013117266256194703,
        0.0038936066301038497,
        0.008206729572280368,
        0.003735955595600947,
        0.006711115385052803,
        0.029584318020675203,
        0.011149683957731282,
        0.809311937090881,
        0.021494805923699713,
        0.01927079615424277,
        0.008390018212629502,
        0.003771100282457471
    ],
    [
        0.03401815745209121,
        0.09266347866388608,
        0.009171064559799536,
        0.0065768862421320545,
        0.009709590124215978,
        0.036932941738044116,
        0.03449788303147969,
        0.019205070385718004,
        0.015442989015271625,
        0.0103067748448223,
        0.014555837075598927,
        0.014666920943094257,
        0.5442496469349472,
        0.012473593838685942,
        0.017326796609649538,
        0.029890710910265798,
        0.09320859108832832,
        0.005103066541969582
    ],
    [
        0.030404141703190862,
        0.021376430982610224,
        0.06942489921681382,
        0.4036289641924879,
        0.03723906209025185,
        0.023588326274608103,
        0.04390379045265259,
        0.03790997906514701,
        0.02472647216064746,
        0.03191902203990964,
        0.03407767936702763,
        0.012455663534336681,
        0.024368572796361867,
        0.01568863385542994,
        0.022551245214440456,
        0.034617904104948964,
        0.03932386892506467,
        0.09279534402407034
    ],
    [
        0.07577550154378727,
        0.012463237474751022,
        0.2406882496012154,
        0.046171369640837616,
        0.03671228408936126,
        0.042422967900619515,
        0.2517909511107279,
        0.01282831664093586,
        0.011850445712776997,
        0.009634540069175438,
        0.08344750393058069,
        0.009076967318959923,
        0.029354158368747336,
        0.008234223833701291,
        0.011886838377040916,
        0.07869115490739714,
        0.03233682566771069,
        0.006634463811673765
    ],
    [
        0.06010312542350106,
        0.003954991192477437,
        0.026466627279457804,
        0.002672791867418921,
        0.024982013787208542,
        0.003032235760744373,
        0.00580894865895347,
        0.005837697609565594,
        0.002200501823387027,
        0.005685246394572305,
        0.817404106271514,
        0.011748328143346283,
        0.006147849261695419,
        0.004849629203478834,
        0.006292197733210573,
        0.006022807357758948,
        0.0033509809244753963,
        0.0034399213072339543
    ],
    [
        0.016622898095626348,
        0.008844510595408046,
        0.01779674392084897,
        0.003810519479493305,
        0.010816174012388125,
        0.13007553542109732,
        0.38406219887466647,
        0.0030721038172178746,
        0.010771733194648388,
        0.002851390768298079,
        0.005922165133621759,
        0.005510655126515651,
        0.011133110402973377,
        0.010395077205005626,
        0.010206209193580762,
        0.337198646084844,
        0.029378602261646323,
        0.0015317264121195609
    ],
    [
        0.006356262260614002,
        0.0022602438252032286,
        0.0016864063712223975,
        0.0003172686619433364,
        0.0019872626459055474,
        0.074150495527106,
        0.06078942140021765,
        0.000332745926559181,
        0.001435475875568294,
        0.00035000676172252694,
        0.0010600750625322079,
        0.0014366411664303294,
        0.004539810995462947,
        0.0015382261206999402,
        0.001820312825746111,
        0.8343129767831313,
        0.005469968312715998,
        0.0001563994772189323
    ],
    [
        0.03385469317018253,
        0.07624989461111645,
        0.006909084375019803,
        0.003618753501525508,
        0.007830186641192961,
        0.02843762034579027,
        0.03146389704720841,
        0.014951594005668593,
        0.04283704662408031,
        0.012312249690738061,
        0.011961674781827391,
        0.015127294603091897,
        0.5917260941885032,
        0.018546621996823328,
        0.014762576381272196,
        0.02912183222253375,
        0.05659096650788648,
        0.003697919305538873
    ],
    [
        0.007869050044347868,
        0.007416094377068096,
        0.0016978796733086705,
        0.000604094682699258,
        0.0018135710347934517,
        0.7696991816657464,
        0.02962931855499896,
        0.0007185181553438103,
        0.0033852551084109696,
        0.0007651522720651784,
        0.0014756365059737247,
        0.004964041308415016,
        0.0071261986061388494,
        0.005425008039426959,
        0.005816839096847939,
        0.14126542076197846,
        0.009950044644958427,
        0.00037869546747809716
    ],
    [
        0.007676649713547505,
        0.0022781071226666977,
        0.00457452259707678,
        0.0009809884719033744,
        0.0018998671025001728,
        0.03846838667156578,
        0.8689069083519076,
        0.000895713988275956,
        0.0018900160585494108,
        0.0006440246857411985,
        0.002549997641974119,
        0.0012433407364298046,
        0.006284599534830286,
        0.001742333589205465,
        0.0017208362149462048,
        0.050106677266221665,
        0.007810917437872735,
        0.0003261128147851304
    ],
    [
        0.010858405339493062,
        0.0019641032923114403,
        0.039776179615685026,
        0.0009470648613048694,
        0.902430806482857,
        0.0017011377955407007,
        0.0038501479906265794,
        0.0019539378716153057,
        0.0008671575847692818,
        0.001583395352881278,
        0.012200613044574019,
        0.0031858535817005152,
        0.002001965214662272,
        0.0025115771331848625,
        0.005057298285952137,
        0.005575793057193672,
        0.002568326140240378,
        0.0009662373554074532
    ],
    [
        0.02993672390773654,
        0.020930743995536363,
        0.05031558974440877,
        0.01373775125336692,
        0.03891314693907,
        0.16343697207169056,
        0.246791819729871,
        0.00818346368915927,
        0.012473046620648714,
        0.005591596062218082,
        0.01426631969227787,
        0.012281432802224485,
        0.030456271592329744,
        0.026403999087963783,
        0.02457619868810767,
        0.2220743493197975,
        0.07477402077272621,
        0.004856554030866498
    ],
    [
        0.011609481055515129,
        0.015132703172091599,
        0.01464751038160983,
        0.0032591540969598124,
        0.009846228459580126,
        0.0036930574114379246,
        0.00797994818358043,
        0.8336986792323862,
        0.0030175967437221386,
        0.02159005926934428,
        0.011214268112115865,
        0.004437946984476377,
        0.007560408364397076,
        0.0030461126840110415,
        0.013225116574664705,
        0.007132061835318975,
        0.024303604442951026,
        0.004606062995837621
    ],
    [
        0.07523060715041188,
        0.037693603715686294,
        0.055226943137225336,
        0.09183390491041099,
        0.03974182404637426,
        0.10837360923705214,
        0.08361922309771615,
        0.016040169184982807,
        0.025070314760322135,
        0.018604019067543758,
        0.03772502416181862,
        0.04803304000181383,
        0.030936094959290086,
        0.04846760665757894,
        0.06933392867053151,
        0.1206035977616039,
        0.048792705504178496,
        0.04467378397545899
    ],
    [
        0.012806103143788454,
        0.004476746995511033,
        0.001142320496684775,
        0.00042279562234654567,
        0.001544140039328056,
        0.0017805229609198906,
        0.0013590413398976869,
        0.0013897807069550917,
        0.0011333405580796127,
        0.0020922543455444555,
        0.0045267127556465475,
        0.9434933021172107,
        0.002194106286210247,
        0.006318657085510526,
        0.010507885281844685,
        0.0023404447545506617,
        0.0013584307830306424,
        0.0011134147269403964
    ],
    [
        0.0196781445810606,
        0.014476331102553013,
        0.002769085824521942,
        0.000914031149726391,
        0.004437848142242157,
        0.005921072986393605,
        0.0039028949195865905,
        0.002976644265370054,
        0.0038998668114173653,
        0.005169475267701048,
        0.005798290968165094,
        0.8525009666800127,
        0.005079956950436749,
        0.0181756801935678,
        0.03959815614215174,
        0.00813569098604099,
        0.0045559911777238084,
        0.00200987185132823
    ],
    [
        0.08606862908712731,
        0.06405356842769475,
        0.05304605463878442,
        0.006819663360649848,
        0.21231965626225852,
        0.016369171653809963,
        0.025087224052393924,
        0.04208840426608686,
        0.00960724136575182,
        0.027132261094545192,
        0.041691325226815686,
        0.054124606554435614,
        0.029450172707762304,
        0.034122543900288835,
        0.18393909329423386,
        0.04465142559049877,
        0.05564414591034435,
        0.013784812606517993
    ],
    [
        0.07581519622761065,
        0.011878951169337272,
        0.3084508861886449,
        0.029564797519374828,
        0.07285178863425386,
        0.020128192661343473,
        0.05581120890394914,
        0.01846962123322676,
        0.005797110627887124,
        0.008025021502682842,
        0.25362345662951924,
        0.014136954506202724,
        0.02613794345316893,
        0.017597485727297434,
        0.016862187500969572,
        0.034202320415701044,
        0.019169349460686914,
        0.011477527638143326
    ],
    [
        0.009255590389373443,
        0.004301887550816791,
        0.005639156439107969,
        0.0008653115717202212,
        0.004459463714459721,
        0.056637961230447016,
        0.6026202325946576,
        0.0010889334749325434,
        0.004171588919764316,
        0.000983864946188084,
        0.00245992787711563,
        0.001850378004223033,
        0.010262576356579897,
        0.0023519751085034324,
        0.00286224392557869,
        0.27023963586262817,
        0.019588571578193895,
        0.00036070045570966096
    ],
    [
        0.15381555133588665,
        0.024735808567085252,
        0.06577021192269285,
        0.03224135331703636,
        0.04232951548359767,
        0.03269275610544894,
        0.05878667445593687,
        0.020272421204418283,
        0.1447860766832739,
        0.09149771282596199,
        0.11244130114867967,
        0.036471233004923165,
        0.03684719058109869,
        0.01729273707704059,
        0.0231658167223221,
        0.05826675317012921,
        0.02740754331485637,
        0.021179343079611373
    ],
    [
        0.021886497974746212,
        0.012131285889631967,
        0.01053158907689423,
        0.0031119668773269874,
        0.012502647026899306,
        0.012459052157484657,
        0.01256051673069989,
        0.006712036987997194,
        0.0046099465038803985,
        0.0043657976491920936,
        0.012648032666808749,
        0.03347414960912462,
        0.01031452203585783,
        0.773295341405744,
        0.03644212130786759,
        0.01777730487372873,
        0.009223433009427448,
        0.005953758216688186
    ],
    [
        0.014966332755444707,
        0.043995787071277624,
        0.008581890762093492,
        0.0033036106412003153,
        0.0069718182332252415,
        0.05367508160335653,
        0.06981070237677334,
        0.008824122185140011,
        0.006271005715184462,
        0.004025230059444814,
        0.004927769597964281,
        0.005595248797209841,
        0.03639970696702448,
        0.006745903663543834,
        0.016363692967203587,
        0.06274007891176853,
        0.6449033712168873,
        0.0018986464752576465
    ],
    [
        0.008499734124771669,
        0.0020276549382291726,
        0.0033725030970190024,
        0.0006746227139996227,
        0.0017415296437469454,
        0.059298553304941236,
        0.8207287967041457,
        0.0005946775227646557,
        0.0018809875780851563,
        0.0005158748186345759,
        0.001987942906798243,
        0.0012425661986455426,
        0.006925857929380653,
        0.0015976810035791802,
        0.0014474719919874341,
        0.0803927800089539,
        0.006827191247973879,
        0.000243574266343579
    ],
    [
        0.03678193169381609,
        0.043466224223952125,
        0.02151545294184151,
        0.004517798805161169,
        0.023529849089535346,
        0.0910527271137603,
        0.18523785525478387,
        0.011556742882453406,
        0.030817249801900034,
        0.008311148638693906,
        0.011597770845846539,
        0.015373523871678953,
        0.059790618003684584,
        0.05930123204859293,
        0.033597556896466055,
        0.22794332824210675,
        0.13211553875748344,
        0.0034934508882429713
    ],
    [
        0.05140291585243203,
        0.03614957432496913,
        0.15560959706451055,
        0.04649618475330424,
        0.053297296260039206,
        0.03716231503236997,
        0.09676191665568824,
        0.11890813476284663,
        0.019809898763900834,
        0.03496244894331107,
        0.057168615045038215,
        0.01888480214054918,
        0.03376985769946151,
        0.024447627909925003,
        0.04387601461653858,
        0.06216691590886212,
        0.0830273649637675,
        0.026098519302486054
    ],
    [
        0.01823369338970339,
        0.006692140333960097,
        0.20195927632727725,
        0.00969115773656474,
        0.6182476490057859,
        0.009809293803979751,
        0.019302672307205882,
        0.006287021551339792,
        0.0036882804686871043,
        0.0051000377704759,
        0.01876133080313897,
        0.007930003124029522,
        0.0062851747284193545,
        0.00816902802987165,
        0.016183865576667945,
        0.025825216614581818,
        0.012369546395969823,
        0.0054646120323413455
    ],
    [
        0.04692316810546002,
        0.01887019127099113,
        0.010036447165903292,
        0.002690451532176349,
        0.013202569942316611,
        0.01543220554932528,
        0.01242008441862816,
        0.006807014700942489,
        0.005196890485391937,
        0.006104890121881165,
        0.018507547522473935,
        0.2831894746158669,
        0.010217055210949707,
        0.40147953381446105,
        0.11033235747370605,
        0.023422440559217435,
        0.009353427307721405,
        0.0058142502025871085
    ],
    [
        0.041489735778249326,
        0.029541200995879896,
        0.00842207751166072,
        0.0045855963270172865,
        0.007779606891775031,
        0.5392393942258055,
        0.07066174713591557,
        0.004023998241466967,
        0.008431591332006834,
        0.0033077309675521496,
        0.010098709773037942,
        0.027016786809296728,
        0.04914048187388832,
        0.030321544944405147,
        0.022549388615188397,
        0.10902078621124095,
        0.03163751977970736,
        0.0027321025859059064
    ],
    [
        0.13119780039063025,
        0.02730598298910208,
        0.05687501402672241,
        0.054557753738478564,
        0.03673089649194831,
        0.018446556613705884,
        0.033464468498770335,
        0.04182974366745997,
        0.013073830550782695,
        0.029757266543652596,
        0.324508583743787,
        0.027564637132059214,
        0.04107605691281471,
        0.017686988270254084,
        0.02970413619296528,
        0.02988150466055827,
        0.023690147859000605,
        0.06264863171730777
    ],
    [
        0.00666360890864459,
        0.02691749378621551,
        0.002266602407369927,
        0.0006009380382652038,
        0.003175938484305946,
        0.004924636922190065,
        0.004124415987430231,
        0.0036770290047188595,
        0.0015023487190368753,
        0.002640152905040184,
        0.001877517399932956,
        0.011820410759606562,
        0.0025669183421954405,
        0.0059128499543373795,
        0.89651252594361,
        0.010991019564526864,
        0.012748554365505904,
        0.0010770385070675128
    ],
    [
        0.2816915474527066,
        0.019479484058619736,
        0.07006782084038908,
        0.009130772321715535,
        0.038680477519405156,
        0.0413370095158382,
        0.053865754055828975,
        0.010965508892634054,
        0.009971649918728818,
        0.012844942663975333,
        0.11784563857627049,
        0.11254598431301918,
        0.015551563555948602,
        0.03319077326340825,
        0.06254495280233704,
        0.08438985011787763,
        0.01773769335359074,
        0.00815857677770658
    ],
    [
        0.011386113704962437,
        0.09058519454867241,
        0.005014531022067822,
        0.002027430318253269,
        0.005579376763688693,
        0.016906779645777407,
        0.023260320019670412,
        0.013746452004775141,
        0.00854126664001888,
        0.006522428647757034,
        0.0041107305337246955,
        0.004613385169302739,
        0.055878521413135956,
        0.0038260216157609763,
        0.011707046001200516,
        0.023521043148847228,
        0.7112180037503414,
        0.0015553550520429876
    ],
    [
        0.22151880027602233,
        0.040122591021605904,
        0.01526036203441512,
        0.00925768187746754,
        0.012100998512275557,
        0.0940895883584472,
        0.046270771551430584,
        0.01008741351152845,
        0.018222829655715703,
        0.011542431749334257,
        0.05755266725945395,
        0.22041308586166164,
        0.06071185731267604,
        0.056192263148023794,
        0.038765865507231684,
        0.057572673697088045,
        0.021412621413841648,
        0.008905497251780584
    ],
    [
        0.10418581861608942,
        0.033580434622960134,
        0.007422891417877573,
        0.0027412783319102664,
        0.006797405733049471,
        0.028439434557048303,
        0.033097230149186,
        0.008598116401319555,
        0.01047062015746405,
        0.005847535490562104,
        0.02889896967856209,
        0.021901660624765944,
        0.6300870690396526,
        0.015951095410703324,
        0.011505664668105556,
        0.026563638239812986,
        0.021527572781239342,
        0.002383564079691206
    ],
    [
        0.052843082654376095,
        0.018118931179987995,
        0.09107388994711248,
        0.008381220699684307,
        0.5259501667516528,
        0.013196686081496913,
        0.018787040054700874,
        0.013198057409293024,
        0.005946205799652778,
        0.014130983115020363,
        0.04083811505385834,
        0.03651025987693462,
        0.010648193701940265,
        0.01559315009422118,
        0.0701477109555823,
        0.0347514662765842,
        0.019161410114982673,
        0.010723430232918697
    ],
    [
        0.1060726332061122,
        0.048552251010508723,
        0.08124661158215117,
        0.013910393389320137,
        0.2580216950712076,
        0.021747183473659913,
        0.03225008714227513,
        0.03693341213353958,
        0.013143594772091208,
        0.03662360355967826,
        0.10085684741898779,
        0.04192236262963181,
        0.044823015683015374,
        0.012617711507777619,
        0.047433038553675776,
        0.04285913147012492,
        0.04825487764333212,
        0.012731549752910588
    ],
    [
        0.022160243079968306,
        0.001443080415777486,
        0.013797778265848444,
        0.0013887082600293223,
        0.006080344762323488,
        0.0013746898669143408,
        0.00320856095917502,
        0.0024311227639170273,
        0.0006866667098265205,
        0.001594177010842209,
        0.9327313357609146,
        0.0024089808430198846,
        0.0026906249584720456,
        0.0011143682574641788,
        0.0018191626306614474,
        0.0025637553541934676,
        0.001515169242245883,
        0.0009912308584061368
    ],
    [
        0.08553730722275264,
        0.018278778339114312,
        0.19395229556439977,
        0.0383353705834617,
        0.1914747382337883,
        0.021945163731874003,
        0.050178769718075125,
        0.01939490620878941,
        0.046462500012931736,
        0.05189793656398259,
        0.09936610611002279,
        0.021361361614775785,
        0.02561302167328257,
        0.013964017756360433,
        0.021836267601191867,
        0.05312955777584846,
        0.026841801265637028,
        0.020430100023711536
    ],
    [
        0.010479552838358915,
        0.0005408950620797932,
        0.0057583401368429,
        0.0009026717252261455,
        0.0023105860244208446,
        0.0005820769755951408,
        0.0013624647063359965,
        0.0008443576342355524,
        0.0003098697976109506,
        0.000598291652296572,
        0.970444744849641,
        0.0009844869580450256,
        0.0012621805922393803,
        0.0006318014909027706,
        0.0007010679528128316,
        0.0010530664830003822,
        0.00057781558538562,
        0.0006557295349701155
    ],
    [
        0.004323232687672757,
        0.00019079775184236686,
        0.0021947651432847413,
        0.0002534909204425851,
        0.00087175057431964,
        0.0001994496505039209,
        0.0004854905783952819,
        0.00030437616020154726,
        0.00012383260932240155,
        0.00024947870401440745,
        0.9887816385666083,
        0.00036684393463176873,
        0.00042070178148395854,
        0.00020891313630057903,
        0.0002458959235681738,
        0.00038245701023576504,
        0.00020199188546865011,
        0.00019489298170319695
    ],
    [
        0.004411980441665228,
        0.00019414572408568118,
        0.0022974065020359754,
        0.0002634543206337407,
        0.0008733492866751843,
        0.00020518302182546326,
        0.0005128380433636418,
        0.00030889193683121676,
        0.00012227743853910716,
        0.00024306730707478338,
        0.988533644261816,
        0.0003511361762674799,
        0.00043889725746384337,
        0.00020250313795047882,
        0.0002448603199367863,
        0.0003949273098487054,
        0.0002103273571411533,
        0.00019111015684551838
    ],
    [
        0.09303178394177734,
        0.003633682285070811,
        0.09619912988960991,
        0.005793998458636332,
        0.02190657370707351,
        0.00614459567111147,
        0.021021155795887907,
        0.004296644745838054,
        0.002908324179178702,
        0.003851953160934839,
        0.6973362489958579,
        0.005554704133055527,
        0.008312330239359015,
        0.003724003547433101,
        0.004675091586081351,
        0.014072097899109971,
        0.004995974586962435,
        0.0025417071770217313
    ],
    [
        0.03550134248718251,
        0.0039177830856697415,
        0.7432305289770607,
        0.005967124392103327,
        0.041828971828906596,
        0.005390049187147493,
        0.019015144616045015,
        0.00766233732414714,
        0.0024463760498346474,
        0.004649286902299839,
        0.08207832954500387,
        0.005347695346991398,
        0.005111850476311023,
        0.0052167647771995986,
        0.007785606998800888,
        0.014452384465290671,
        0.006766098564943292,
        0.0036323249750623383
    ],
    [
        0.07510030012505821,
        0.01628697281005281,
        0.030770403707356966,
        0.009651559491159431,
        0.02519295965543773,
        0.20230088545126812,
        0.22975298309857678,
        0.004256462478188621,
        0.00625725155216238,
        0.003132847407302074,
        0.02286759089858179,
        0.013937917443428349,
        0.04943842184884807,
        0.01850426583809773,
        0.016957630163872268,
        0.2396867639526775,
        0.03266571877569721,
        0.0032390653022340136
    ],
    [
        0.03284274181762952,
        0.002318506285756319,
        0.015670615610289103,
        0.0020340852618216266,
        0.00906983718687821,
        0.0022845265956748136,
        0.004287120798519209,
        0.0034188000032540867,
        0.0010207296244413562,
        0.002178616436625774,
        0.899640708055831,
        0.006415700204938852,
        0.0038292119987284917,
        0.003210692934212943,
        0.003804433622522538,
        0.003890926813954049,
        0.002038955759593128,
        0.002043790989328876
    ],
    [
        0.003300810682099311,
        0.0007501457488890575,
        0.91745698093707,
        0.0011715197116401188,
        0.0546291061902779,
        0.0012103940800382666,
        0.004734215486334323,
        0.0010696812226487337,
        0.0005066885793312208,
        0.0007080886170648762,
        0.004579602422971915,
        0.0006947884547302494,
        0.000981711738729375,
        0.0007431200925826485,
        0.0013065517811794414,
        0.0038652025459442454,
        0.0018177468389462168,
        0.00047364486952228356
    ],
    [
        0.2430185621794836,
        0.021160941307994223,
        0.038022415910456665,
        0.01412289407456955,
        0.025013076334572677,
        0.018230402769350566,
        0.026202788420159592,
        0.020510384547411803,
        0.02164063588929589,
        0.054525302184804475,
        0.3386128190806108,
        0.06083352177901879,
        0.026829903956472147,
        0.012170563084585242,
        0.022006526526655204,
        0.027104192763675688,
        0.015431191408295573,
        0.014563877782587402
    ],
    [
        0.0035329538530057773,
        0.0024624383280958955,
        0.0021554190264660308,
        0.004654885926661039,
        0.00201868024626498,
        0.001061512130130754,
        0.0012642785053401473,
        0.004750561755615199,
        0.001509766776486192,
        0.007470301582398562,
        0.004397949982290113,
        0.0032249164130543186,
        0.0016417500389052798,
        0.0019047031099630163,
        0.003545284291050221,
        0.0014599263299413143,
        0.0016027200673622661,
        0.951341951636969
    ],
    [
        0.9486790018608124,
        0.0022411296058207583,
        0.0021617331630404777,
        0.00026435298798881254,
        0.0022671926275147436,
        0.002682517011553715,
        0.005280430669655167,
        0.0006430324044103766,
        0.0007901092669555509,
        0.0006401949215143835,
        0.009795135719788997,
        0.0047227303716131895,
        0.005841484836745141,
        0.0019492563425800725,
        0.002296819686764061,
        0.007681361800705302,
        0.0018256033356558543,
        0.0002379133868809429
    ],
    [
        0.003546256280172659,
        0.021457732981940238,
        0.0015726552552497626,
        0.0007344570586674066,
        0.0013799650379888243,
        0.01031273032287646,
        0.011959548139491865,
        0.0024836618873998973,
        0.002391675478781573,
        0.0015336654192929888,
        0.0010337729515320832,
        0.0013503322599162989,
        0.008126001830105527,
        0.0010933621100804568,
        0.0042652571105535825,
        0.013888721132022787,
        0.9124064529731657,
        0.00046375177076198796
    ],
    [
        0.0016445548474578985,
        0.003177583280715517,
        0.000710211130090343,
        0.0004250658990742404,
        0.0007389633408152295,
        0.00047394791242718454,
        0.0006440845341207498,
        0.009497839204310549,
        0.001675734344419539,
        0.9713226939951706,
        0.001048533878263697,
        0.0012209671440149554,
        0.0009901549105735242,
        0.00045254667991359695,
        0.0019520210932899705,
        0.000787674783366548,
        0.0018189362646679169,
        0.0014184867573079952
    ],
    [
        0.020819000450115692,
        0.0050838974541064785,
        0.0016114833067083912,
        0.0005252820041309232,
        0.0017059265284187278,
        0.007187450822513322,
        0.01175750475618318,
        0.0010047913127641933,
        0.0034472434695920927,
        0.0009620786349613683,
        0.0036643024391434763,
        0.0023604089901366624,
        0.9204369738167429,
        0.002248230871938413,
        0.0016312233324317213,
        0.009397423210092366,
        0.0058005001956448156,
        0.0003562784043752159
    ],
    [
        0.00874410402580185,
        0.02078370896685181,
        0.0028501558096156463,
        0.0008730134051724444,
        0.00416963523366115,
        0.0049835401140366125,
        0.0038421661683211606,
        0.004395552000515237,
        0.0021208800340717206,
        0.004363322821941232,
        0.002817153236474849,
        0.03469858764572968,
        0.0027983672544240057,
        0.011621672353271474,
        0.8713523715390229,
        0.009291720828340585,
        0.00816129226552567,
        0.0021327562972218435
    ],
    [
        0.02012984026424693,
        0.05228882240839735,
        0.003290265845820033,
        0.0013473791477460815,
        0.004123622990671025,
        0.028614531575505173,
        0.02862262158998537,
        0.0035868772397215486,
        0.007174286044356626,
        0.002557351632165568,
        0.0040387129555330085,
        0.005669138545612662,
        0.6995872658472666,
        0.006777288105159564,
        0.008491873528996805,
        0.035660599378246755,
        0.08698350339675158,
        0.001056019503817348
    ],
    [
        0.07789231745097612,
        0.03431123387472527,
        0.03563497380853844,
        0.01787010118405993,
        0.030263563300467172,
        0.020052325201562724,
        0.03393470135419526,
        0.047087623388997656,
        0.17243249977197916,
        0.23194906563479384,
        0.056960347493028404,
        0.03694193054513604,
        0.03768485025831358,
        0.032700820120917004,
        0.03152618464975711,
        0.03516258498742599,
        0.030505984617322374,
        0.03708889235780395
    ],
    [
        0.053314568806903516,
        0.07589605635646222,
        0.04018754259285937,
        0.006041767208245097,
        0.12508897922917844,
        0.015204891914237807,
        0.023090492657702157,
        0.05428566510059499,
        0.008987737714868755,
        0.028801089631673875,
        0.027341719069766745,
        0.04021636448917887,
        0.020656180457174503,
        0.026708590618775608,
        0.3358490762836219,
        0.04329567359995615,
        0.06240959399462986,
        0.01262401027417011
    ],
    [
        0.06376666093288308,
        0.02185763991672451,
        0.010978400183341895,
        0.0031207681224038066,
        0.013199099497635227,
        0.020331166637394957,
        0.02340118960847504,
        0.008165384911957287,
        0.020578672804561896,
        0.009302293620838087,
        0.0213068800043286,
        0.05960143181761002,
        0.02909817383310537,
        0.6110863223051957,
        0.0313516735297257,
        0.0337448783470825,
        0.013777316564319037,
        0.0053320473624173656
    ],
    [
        0.00986194079658947,
        0.023125792256181044,
        0.0032860462000664542,
        0.0009279578580359416,
        0.00479785718999587,
        0.0035666749656069036,
        0.0033651731005296644,
        0.009139444593109856,
        0.0019366149530777607,
        0.006766167310374073,
        0.0039264808392314296,
        0.03542746677731112,
        0.00303413659722398,
        0.010242775791889274,
        0.863182321334797,
        0.006741494602330193,
        0.007748988928354818,
        0.0029226659052951874
    ],
    [
        0.03714585284487033,
        0.4339013905455791,
        0.006440967875993194,
        0.0029071675320781025,
        0.007465091965775151,
        0.025169045938585252,
        0.022868113784000534,
        0.025536366143312124,
        0.030968288632080558,
        0.029356519188394808,
        0.010148157820764805,
        0.021236528440444408,
        0.13437766559897452,
        0.007566751394833271,
        0.02529181015676901,
        0.028651985306970905,
        0.14777617819254443,
        0.003192118638029495
    ],
    [
        0.017993357477374586,
        0.027076322619500257,
        0.0073510674902897795,
        0.0059109856268314345,
        0.006530363934668919,
        0.01848140652643555,
        0.023727727951692597,
        0.011739220396438437,
        0.7156255521422423,
        0.03583486865597743,
        0.007714103250436626,
        0.008221886079024068,
        0.03326396900501866,
        0.0064103497211236244,
        0.00929286766339765,
        0.02251985297821121,
        0.0375750035716305,
        0.004731094909706443
    ],
    [
        0.07894255434482098,
        0.003527998689470172,
        0.008735175205478162,
        0.0016175006603578687,
        0.005802902357957614,
        0.0019796406225225005,
        0.0036052481764869255,
        0.005605336336261092,
        0.0012272430946760073,
        0.004363746350254603,
        0.8541446169984317,
        0.00933836440184412,
        0.004300710287487624,
        0.0026979657350960974,
        0.005388638657295054,
        0.0037206840234641483,
        0.002409091919352991,
        0.002592582138742536
    ],
    [
        0.03871874493307251,
        0.018114937492386306,
        0.0207903686875214,
        0.007701904207082717,
        0.013421040439922883,
        0.1380606379907408,
        0.3611299328398203,
        0.006498384365443552,
        0.0196329892803933,
        0.004728987978922748,
        0.01367968545075566,
        0.010603786805785173,
        0.05515321088037861,
        0.05217033323433319,
        0.015537809101928831,
        0.17604540248048786,
        0.044207278035288906,
        0.0038045657957352717
    ],
    [
        0.1517775973050978,
        0.00980162437943218,
        0.03435485322875876,
        0.007782079371641227,
        0.021858944372754215,
        0.009946897693609966,
        0.015904948049126635,
        0.010511591955914945,
        0.0038399081181755028,
        0.006784207764395894,
        0.6123867467355513,
        0.030920090643361292,
        0.018743184066026382,
        0.01786232057407859,
        0.015325958530320965,
        0.015010777451731058,
        0.008121115412583637,
        0.009067154347439708
    ],
    [
        0.010720076183389748,
        0.010355585627504153,
        0.006428193833391894,
        0.004048514889437824,
        0.006227860676215876,
        0.002714057512334662,
        0.003775296607656723,
        0.03814721216684167,
        0.007165767931629052,
        0.8486165381585996,
        0.010179760730590206,
        0.00801040068921006,
        0.004691261914714757,
        0.0026936086245674096,
        0.009934118340262152,
        0.004422214822690291,
        0.007077496765331141,
        0.014792034525632752
    ],
    [
        0.005085664971198153,
        0.0027942033234821875,
        0.001468331323231356,
        0.0007160790841156903,
        0.0009788326624682565,
        0.8737186517009815,
        0.05454572369572686,
        0.0005362995369929662,
        0.0022290558476176173,
        0.000499408770176355,
        0.0013082194801296641,
        0.0017550763433881514,
        0.0059675536071870155,
        0.002089335952661332,
        0.0018051226258122084,
        0.038663196738404224,
        0.005553207470602055,
        0.00028603686582428795
    ],
    [
        0.026287201355136028,
        0.015623542045519752,
        0.018605671011018572,
        0.00530495151951695,
        0.014078777835253017,
        0.1316654643130035,
        0.3782183211020687,
        0.00518754151002334,
        0.028170147935708403,
        0.004628249821777074,
        0.009419266731537356,
        0.008328156023392475,
        0.034948840556856944,
        0.026311923042915204,
        0.012854893431107585,
        0.23289277631876232,
        0.04493298435970807,
        0.0025412910866947987
    ],
    [
        0.030713171258765458,
        0.6162799199313038,
        0.004672917039346076,
        0.0015280065695712328,
        0.0067991241224967126,
        0.010566567957685869,
        0.011117153113798493,
        0.030732934062791498,
        0.007455405413696209,
        0.013015643409660858,
        0.008156833898298934,
        0.02974812334999049,
        0.05208954205450573,
        0.019632317467023715,
        0.07884044492401814,
        0.01726921591628722,
        0.05828472628335266,
        0.003097953227406915
    ],
    [
        0.029358957348775805,
        0.10989636944147535,
        0.007597783541724346,
        0.0022525001415537728,
        0.011560202037037698,
        0.007797994575263908,
        0.007347624722885523,
        0.0457831510196317,
        0.0037324092579943792,
        0.018893874790744697,
        0.013025060261155415,
        0.09525266009428413,
        0.011145910285477366,
        0.013813086529814327,
        0.5803649646243405,
        0.012592478098356332,
        0.023015195587019657,
        0.006569777642465129
    ],
    [
        0.9312284388734349,
        0.0020207700786615355,
        0.0033239096333037245,
        0.0003629306611622011,
        0.002776064273812371,
        0.0016396074966988786,
        0.003993051189767198,
        0.0010871568846599492,
        0.0007309918953393016,
        0.0009472739815985585,
        0.03277277472902427,
        0.003723667935469673,
        0.004821274325760574,
        0.0017790887884177214,
        0.0022754452076793295,
        0.004440457852044784,
        0.0017064690111960252,
        0.0003706271819694411
    ],
    [
        0.02565573805610569,
        0.04024997187299943,
        0.009942080014949766,
        0.0036952325785016265,
        0.010684213520314689,
        0.10904375792163451,
        0.14835023688257182,
        0.005363195779404789,
        0.012607126024170488,
        0.004297340567467619,
        0.006911075683773315,
        0.006203327994584264,
        0.13488733657379604,
        0.005214678657367775,
        0.010670425876046693,
        0.13838318525740523,
        0.3262490466033199,
        0.0015920301355863752
    ],
    [
        0.0061898747220606965,
        0.009660068850587915,
        0.003183989535809944,
        0.0014284802249236986,
        0.002883664509482302,
        0.0013890598014870918,
        0.0021585968648410725,
        0.9170236162612402,
        0.00144119949454711,
        0.017450773708447297,
        0.006099278183261848,
        0.00364711965795494,
        0.0042710964436811424,
        0.002018339294645369,
        0.0075615799814836935,
        0.0022079221008870623,
        0.0061053545918020435,
        0.005279985772856842
    ],
    [
        0.04713608400299934,
        0.028841985291199707,
        0.03568159084097788,
        0.09200518550568539,
        0.022060325943872985,
        0.014153880171045236,
        0.024543696189990576,
        0.09686833698870397,
        0.0310222032168385,
        0.15411529409409508,
        0.06108389172050976,
        0.017680670994012358,
        0.027496402354511663,
        0.01280707325863196,
        0.02462751685633715,
        0.02162312787304223,
        0.02874638299392011,
        0.2595063517036261
    ],
    [
        0.14665100150851623,
        0.031592079503032056,
        0.044884543975464465,
        0.01893807409986309,
        0.03354652742921249,
        0.044167368210551235,
        0.07824945811978765,
        0.021805439451289547,
        0.028381482118927832,
        0.020200951971886715,
        0.1546785273456236,
        0.025544967333839954,
        0.2256336462050623,
        0.014813238856150856,
        0.01604106516581205,
        0.04849895744836195,
        0.037869144558214766,
        0.008503526698403228
    ],
    [
        0.008074405853474331,
        0.00284567060946526,
        0.0126573669521036,
        0.8943942541823348,
        0.00678773387256386,
        0.0041380778682493435,
        0.005775104707261313,
        0.003201055084127513,
        0.0029086869410500887,
        0.004337990647687355,
        0.012129182756139684,
        0.003197008525216079,
        0.0034416500168906973,
        0.002074590713084028,
        0.003530166592272201,
        0.005348718838510382,
        0.0036093415381823458,
        0.021548994301387604
    ],
    [
        0.015468388450049615,
        0.0029170013159951678,
        0.7408151517774215,
        0.00727563612943055,
        0.14165334555400663,
        0.0052134213896495385,
        0.016315934091100708,
        0.0034621389968067778,
        0.002007923190646953,
        0.002763685914644497,
        0.02703914734721268,
        0.00292641914994288,
        0.004692622344319785,
        0.0021822883108081003,
        0.00404528504738549,
        0.012918719369037211,
        0.006330961828680047,
        0.001971929792861723
    ],
    [
        0.06259843716530593,
        0.02706164109831747,
        0.0123984279342084,
        0.0036882060224978784,
        0.013414991657649995,
        0.0275818322447829,
        0.0177894548648516,
        0.007620828494175171,
        0.007681255554569642,
        0.009714072391732357,
        0.018560171573832617,
        0.47572041302558443,
        0.009822817119892423,
        0.057552152705602856,
        0.188506313808416,
        0.040264626064988464,
        0.01373125169955049,
        0.006293106574041221
    ],
    [
        0.6594235337575373,
        0.018295134752348355,
        0.010670828368290287,
        0.003375713826653052,
        0.006982192701271931,
        0.017196562623162805,
        0.02369311102711501,
        0.008268192722759844,
        0.010598788071668468,
        0.01042442712660169,
        0.07065517579052652,
        0.05015452176063909,
        0.038021942751639316,
        0.01733301418034934,
        0.01526081852454448,
        0.023965990850037828,
        0.011695965449308562,
        0.003984085715546122
    ],
    [
        0.06246292749407323,
        0.1316552814554526,
        0.0382778545747448,
        0.009173455974095726,
        0.09646888564522708,
        0.018373611423226303,
        0.02535156591865349,
        0.12588075130568435,
        0.017018333937516724,
        0.08425954314912035,
        0.03958978075263946,
        0.04286720538912831,
        0.04983189387081058,
        0.016279978116112266,
        0.0913770487854282,
        0.03570900040002144,
        0.10006597372043871,
        0.015356908087626376
    ],
    [
        0.10912473849280233,
        0.15467075201251387,
        0.018550684750925066,
        0.002299516871373762,
        0.02697949279355634,
        0.0224286559342017,
        0.04151395765494115,
        0.021038294241270305,
        0.006884254883101312,
        0.011688120618488349,
        0.015883481138852573,
        0.02754674835137475,
        0.030731989756884983,
        0.01439386342202974,
        0.20597776499832282,
        0.1042219868121688,
        0.18326416256011738,
        0.002801534707074785
    ],
    [
        0.02028622438382949,
        0.002425935561399629,
        0.17860569226931863,
        0.0018437983604785986,
        0.7177537463208136,
        0.002453184866471127,
        0.0064344163104242975,
        0.002970092697834542,
        0.0012507332554560946,
        0.002414804281615471,
        0.03498062561369783,
        0.0040392198161794115,
        0.0028784676653481767,
        0.0030996415750189966,
        0.005672094539097359,
        0.00787989735266375,
        0.003418850202108852,
        0.0015925749282440563
    ],
    [
        0.018601906191855127,
        0.00739789899246048,
        0.003466277333776453,
        0.0004905057820982955,
        0.0044214368835820955,
        0.05199316284271493,
        0.05239574801216957,
        0.0009177194822630396,
        0.0027443286068480426,
        0.0009140066194498881,
        0.0022747412654812393,
        0.005219647098059476,
        0.008152722648723123,
        0.0057997161677267785,
        0.007900385118016542,
        0.8119362442302335,
        0.015027212293595982,
        0.0003463404309455872
    ],
    [
        0.11861365473305908,
        0.1811992274413097,
        0.013899050265007757,
        0.005829740812636371,
        0.01470983892087619,
        0.0355957542372505,
        0.03438314908195424,
        0.032760711415335785,
        0.010173023857489069,
        0.013455262342623632,
        0.031289977397404405,
        0.0611985111299344,
        0.19865157053788612,
        0.04652599795902952,
        0.0731524817176179,
        0.041618024505641546,
        0.07818376274115774,
        0.008760260903786095
    ],
    [
        0.005489250078866337,
        0.014176358395913908,
        0.003661889022632977,
        0.0006929965812891804,
        0.0036799320674188373,
        0.01248094651048983,
        0.028778683091532132,
        0.0027192488648392363,
        0.002666208142310776,
        0.0016831442099464256,
        0.00158817669373734,
        0.0016967893266104043,
        0.008760971283344415,
        0.001473788666449983,
        0.005290306020923934,
        0.0362051446444964,
        0.8685415058964263,
        0.00041466050277146424
    ],
    [
        0.16359964146491152,
        0.15270350765091795,
        0.01050654092808993,
        0.003202874264816268,
        0.015193180542978644,
        0.019664926082432477,
        0.021120963851211805,
        0.024362062071185304,
        0.01481293098346281,
        0.018979772150089433,
        0.02975334427541913,
        0.14169560070212608,
        0.12114960036879395,
        0.09716384370231144,
        0.08784455361096667,
        0.032785975581211206,
        0.03833513484300967,
        0.007125546926065698
    ],
    [
        0.020060159507748018,
        0.009428785505187554,
        0.14300115904857122,
        0.005361424523808476,
        0.6338514364654768,
        0.012428562632845879,
        0.03008410309022143,
        0.00828532971428648,
        0.004582498476459207,
        0.005166108714033882,
        0.0163557347844237,
        0.007984534597398927,
        0.010013630534367927,
        0.011841102760369107,
        0.018609097444041205,
        0.037766696004124696,
        0.021618046549391316,
        0.0035615896472440487
    ],
    [
        0.07514796003260292,
        0.055156828528056145,
        0.023251219529192416,
        0.004183396999338427,
        0.02734614289929849,
        0.0405173857029773,
        0.03129751341547868,
        0.01221057506785502,
        0.00629812626384033,
        0.011134490190221148,
        0.019758003924436916,
        0.10721953290981498,
        0.012683907533042946,
        0.01696680709482808,
        0.425260558502036,
        0.08667518449927458,
        0.040263376761941826,
        0.004628990145763836
    ],
    [
        0.05083394528869024,
        0.001879434724030902,
        0.005683375288287062,
        0.0014327721519832352,
        0.004063542965474026,
        0.0016981259821445152,
        0.0026883348922291596,
        0.0019251525616930895,
        0.0009128775391738649,
        0.00184498713567792,
        0.9049938646795748,
        0.00755930591573318,
        0.0032923396223001364,
        0.0025111939469966184,
        0.0027948587468713455,
        0.0027341850212223525,
        0.0013355864175707125,
        0.0018161171203468177
    ],
    [
        0.003682718702888561,
        0.0038368329264405385,
        0.0008361012621219243,
        0.0004315078660432173,
        0.0007700367373527135,
        0.0006263587151484395,
        0.0009258679736346649,
        0.006795533308710099,
        0.0028957097125671856,
        0.9670459527103664,
        0.0018345751944853206,
        0.0018080217369625517,
        0.001625865381730001,
        0.0005894280673857259,
        0.0020335907622551657,
        0.0010975647975788626,
        0.001973061838678883,
        0.0011912723056496744
    ],
    [
        0.09790134652192498,
        0.0595217154035022,
        0.03019927593012001,
        0.028240334672627862,
        0.026732790014467624,
        0.04323039675255605,
        0.036574631518466495,
        0.032489501228918756,
        0.08525099149275182,
        0.16576326109189357,
        0.056876786572372134,
        0.10690770221483435,
        0.0351781726578188,
        0.020477528085652497,
        0.053736520581837886,
        0.04819553975124141,
        0.03743337781378413,
        0.035290127695229434
    ],
    [
        0.02703453938930645,
        0.017844698074293668,
        0.044275291092792705,
        0.005499596440744145,
        0.038498505974583014,
        0.12625931970067067,
        0.1829989308016194,
        0.005412150868865174,
        0.005934263310750369,
        0.003995816249916903,
        0.010244711428082982,
        0.01023990285340824,
        0.013752544390033112,
        0.008830398077457608,
        0.027217867796839428,
        0.4006801906810821,
        0.069081235980201,
        0.002200036889352994
    ],
    [
        0.017134867639052767,
        0.014391944365847375,
        0.004214072590741205,
        0.0032921163140332125,
        0.003859671623505152,
        0.7610155825895721,
        0.04140236310688709,
        0.0019612273334573952,
        0.007505986392598144,
        0.0020372440478841837,
        0.004681073295054974,
        0.011888095073394347,
        0.02004004357864516,
        0.010900196655238566,
        0.010160968016858356,
        0.06807149930609338,
        0.01583671545624345,
        0.0016063326148931319
    ],
    [
        0.10184721934094426,
        0.0465162022144165,
        0.014021233059336339,
        0.006323805158890385,
        0.015606079481943392,
        0.021422316428652815,
        0.015320611574844127,
        0.01703556188952499,
        0.00958122712628553,
        0.02436021256606639,
        0.04978707453810322,
        0.5159125086940696,
        0.020634100457594704,
        0.017950866054600813,
        0.07207152677982219,
        0.02364281053713965,
        0.016981660003445927,
        0.010984984094319094
    ],
    [
        0.07534166892132053,
        0.029888487995419117,
        0.047827349964039235,
        0.22758493810295252,
        0.03488773157312684,
        0.032973630662814675,
        0.048018451846226655,
        0.030857715783796612,
        0.04313530049963737,
        0.038794221261314446,
        0.11129317406814107,
        0.023592171993059192,
        0.08896674526124466,
        0.01749108475782115,
        0.019115307542852303,
        0.03584780672746743,
        0.033295857039044044,
        0.06108835599972219
    ],
    [
        0.09258031174063094,
        0.04404608274872314,
        0.013392316754386919,
        0.005703407767068053,
        0.016525310562377132,
        0.029458307499766773,
        0.01953077390134806,
        0.013167317463168701,
        0.00841005199066768,
        0.010240105042986227,
        0.040210807257243276,
        0.4150754749216451,
        0.03739444461809056,
        0.12212319441224313,
        0.07451212409806887,
        0.02886376028616014,
        0.01822300462736279,
        0.010543204308062512
    ],
    [
        0.3031056752367467,
        0.026729732352343428,
        0.05752652578805428,
        0.009813608930244553,
        0.06092437494248392,
        0.0252187887281541,
        0.029807028612901763,
        0.013760748862281754,
        0.007702337484468219,
        0.015058238365362861,
        0.13070994253921087,
        0.12697291075177833,
        0.021865817818164213,
        0.023021374852403853,
        0.06719171382389921,
        0.048058947541273135,
        0.021189396665302326,
        0.011342836704926479
    ],
    [
        0.014262424646940613,
        0.003582354443332764,
        0.012555380275796602,
        0.001397294088251656,
        0.008780723177161803,
        0.05062764243195573,
        0.12492015211819936,
        0.0010221806410695405,
        0.0025884699249094875,
        0.0010856020173442926,
        0.0034868027266141163,
        0.0033764272641935763,
        0.0038599421259030873,
        0.003499796088770285,
        0.005934010644010871,
        0.7485568239607522,
        0.009878643298493283,
        0.000585330126300708
    ],
    [
        0.13111679638042806,
        0.015101219220266486,
        0.004340332813252049,
        0.0012464239550684113,
        0.0048255168386668375,
        0.006314754046137472,
        0.005855254842114301,
        0.005213230411691618,
        0.003821118186503595,
        0.006991377151985223,
        0.028875537863373178,
        0.7206531925416895,
        0.010754530832999931,
        0.015519572007434649,
        0.02296897651291712,
        0.008942345374758586,
        0.004943523993661004,
        0.0025162970270519837
    ],
    [
        0.0005624427257125642,
        0.00033006167677644314,
        0.0004214052552130631,
        0.0015908545263030413,
        0.00032108584613431743,
        0.00019177687362745518,
        0.00024018144803565638,
        0.0005427693022102301,
        0.00019443846964625123,
        0.0006454673935274602,
        0.0006628853393201543,
        0.00038836904695788935,
        0.00023082988506005137,
        0.0002846819939815777,
        0.0005482396507340831,
        0.00027155619375495116,
        0.0002643967193532961,
        0.9923085576536514
    ],
    [
        0.01076979883898062,
        0.01142260961496034,
        0.004545231791895088,
        0.001593656858106543,
        0.004513351229114676,
        0.5072191677965912,
        0.1284469483211933,
        0.0016999225500636563,
        0.011753182157932675,
        0.0017777131693889608,
        0.0028485378180782587,
        0.004709910300187159,
        0.017050732483685202,
        0.006406358494389939,
        0.006775662902366993,
        0.24598195288394137,
        0.031716312386533774,
        0.0007689504025903093
    ],
    [
        0.01761542061909272,
        0.1379706217180265,
        0.006118580699716602,
        0.0010757660649228248,
        0.007418408821164353,
        0.018758472571323685,
        0.02517596215464561,
        0.011867376451110589,
        0.004500744381637795,
        0.005342372273266837,
        0.004323357309208551,
        0.008662628337341032,
        0.019513101770797833,
        0.005215471823744251,
        0.04006699926495745,
        0.045001364075966784,
        0.6403422970794242,
        0.0010310545836522674
    ],
    [
        0.04119464358344121,
        0.16269527917956825,
        0.012042498014169008,
        0.009450392787864368,
        0.01598959524850578,
        0.028112363542675708,
        0.022576505831068402,
        0.03330114771743464,
        0.15838440142087293,
        0.21152651346414725,
        0.015840586972236417,
        0.052556950976109,
        0.03968992723741181,
        0.01684653388471505,
        0.06021743711100851,
        0.0360994694182639,
        0.06551240426499257,
        0.017963349345515113
    ],
    [
        0.042735186735171744,
        0.10924769704126505,
        0.003861609004144423,
        0.0015811912399868351,
        0.005687481438630078,
        0.008566711553777326,
        0.006308989056669703,
        0.01251443815032443,
        0.007151299177320714,
        0.017812643183117025,
        0.011296832876331743,
        0.6162313037708838,
        0.01772733098322245,
        0.019014598429454393,
        0.09183115725005177,
        0.011254683047488487,
        0.012797968194953472,
        0.004378878867206722
    ],
    [
        0.1729844430635368,
        0.03590315067286549,
        0.057064480918960866,
        0.011921117090041766,
        0.0588379638041032,
        0.04211782576443986,
        0.045258239767378625,
        0.01833356770569405,
        0.006422736356497159,
        0.009193497218139517,
        0.11216412019986925,
        0.10592056220647203,
        0.038211472177599515,
        0.08285790806236545,
        0.09923190517465932,
        0.06073574689351064,
        0.02960960860634514,
        0.01323165431752134
    ],
    [
        0.08821143869132307,
        0.00956740866013712,
        0.10286292288680844,
        0.0045796809516636125,
        0.4901921958521632,
        0.006676471439943367,
        0.013836184976198729,
        0.010545122533143545,
        0.004172962642697799,
        0.00993947828704401,
        0.1683926971251953,
        0.01893948094715097,
        0.0118042547013943,
        0.009040917143698618,
        0.018203493036241816,
        0.017931500524999765,
        0.009905524547245219,
        0.005198265052951249
    ]
]