[
    [
        0.15043635353952625,
        0.008087978959212951,
        0.004747970570765601,
        0.003844973245755955,
        0.0021555459022201922,
        0.004642514996334662,
        0.008240204996083906,
        0.0012086052691750182,
        0.004459923207144436,
        0.0024732415195613798,
        0.004380274864478319,
        0.008122978375311164,
        0.0033854430724903676,
        0.7722951504451198,
        0.0007930015335885736,
        0.006200514563129201,
        0.005131081568642196,
        0.003608039950624645,
        0.005786203420835337
    ],
    [
        0.043294727667250676,
        0.019342523642050777,
        0.005298336573912605,
        0.009569290180160289,
        0.006535596114952685,
        0.007410153141984579,
        0.006325152104045724,
        0.0036514288244915392,
        0.009003042441950418,
        0.003146283795728925,
        0.006988182302249777,
        0.8024095255185204,
        0.004611122048881574,
        0.032827356136978236,
        0.005766288385879411,
        0.00523699708883294,
        0.00957944556352305,
        0.005481672519158628,
        0.013522875949447755
    ],
    [
        0.02404026481372795,
        0.01886816820832999,
        0.00388367045387819,
        0.010090712481957594,
        0.014324904020840254,
        0.006776160289751284,
        0.005398459155798135,
        0.004765864941590594,
        0.009368868485643717,
        0.0031315743105811,
        0.004893352059346764,
        0.8335799650253013,
        0.0036282641377902414,
        0.01777543096601512,
        0.0071506420969997975,
        0.005667018054423774,
        0.008830151169103921,
        0.005558709518006146,
        0.012267819810914127
    ],
    [
        0.03465162670330571,
        0.03539412030951542,
        0.004110139080278789,
        0.016115790767029667,
        0.0018176110620508664,
        0.01785585638778918,
        0.2777364825605492,
        0.0015406959483818083,
        0.025534932837976004,
        0.014532922231467175,
        0.009353172359213338,
        0.0073377615544147545,
        0.4191518786910626,
        0.010362374214345297,
        0.002369096053599066,
        0.0024610725488402644,
        0.07738586655435511,
        0.02778559030113075,
        0.014503009834695189
    ],
    [
        0.01348929815051335,
        0.007070878015183242,
        0.0871568656229165,
        0.021229991849145972,
        0.001773149114330971,
        0.009193839178624522,
        0.018159193054149175,
        0.002898378392459069,
        0.004805025795954979,
        0.6849920740703693,
        0.006803986758948827,
        0.006890605373706261,
        0.006967022060391898,
        0.007467141670067068,
        0.009530361846655915,
        0.0022360783676702114,
        0.056014306385755386,
        0.04852526296217256,
        0.004796541330984774
    ],
    [
        0.01826019864177823,
        0.03362107827191076,
        0.004799472906403484,
        0.05189578810789792,
        0.0007498825321030315,
        0.00593232340021884,
        0.017530126093765742,
        0.0011161633210175425,
        0.014588988537687197,
        0.013112466538811094,
        0.004583608015350154,
        0.0061917095475442436,
        0.011720188100495226,
        0.004068065463652501,
        0.003080531136200408,
        0.0013216427737860735,
        0.7651658030532277,
        0.030815135197228578,
        0.011446828360921245
    ],
    [
        0.11907510768043772,
        0.09797242505183157,
        0.0205575244613229,
        0.050660173943450425,
        0.006322344600127162,
        0.12979328164074544,
        0.014653726138171334,
        0.00685550823954621,
        0.07967390306146166,
        0.008359072282095726,
        0.09821866365928225,
        0.02700350224421719,
        0.01415971352120922,
        0.08957004517760696,
        0.007582910770476828,
        0.02264724248448838,
        0.01454018131398352,
        0.026385369782819138,
        0.16596930394672635
    ],
    [
        0.01889285046884433,
        0.027118619947217492,
        0.037838399750185846,
        0.45383432407620183,
        0.0025409485703622617,
        0.02632121612423133,
        0.009481316273787352,
        0.005474869641445917,
        0.015967755442516218,
        0.059471989690460365,
        0.011954010440274604,
        0.012986823000345484,
        0.005878376993299097,
        0.00736037422023035,
        0.03731062584524761,
        0.0038566423344744334,
        0.06891150259644509,
        0.17802776692731165,
        0.01677158765711862
    ],
    [
        0.034029718331132636,
        0.14812134415974398,
        0.013216141420449808,
        0.10918380581649494,
        0.01601409488819957,
        0.03271862681762843,
        0.01322123716813195,
        0.016932540687383462,
        0.17713321796255466,
        0.011760288103017874,
        0.0179841878056694,
        0.05984606434862601,
        0.011976567896193243,
        0.01983650265419287,
        0.04216995600411781,
        0.02494147121261289,
        0.031149853947824033,
        0.03289045295657626,
        0.18687392781945017
    ],
    [
        0.02402751023482682,
        0.15750466025187104,
        0.0041575788735448045,
        0.04013855109705196,
        0.004572246960464912,
        0.041530629022550926,
        0.010527328517509364,
        0.00386469869781338,
        0.4531024121797004,
        0.004774265997422482,
        0.023966909588754907,
        0.011535105713751631,
        0.009758375394977903,
        0.01063931209134884,
        0.004645878526178909,
        0.008871220820695221,
        0.011653939929748761,
        0.021219771702690404,
        0.15350960439909722
    ],
    [
        0.11252228285643621,
        0.058840201219631266,
        0.009785709322673293,
        0.03068423317008068,
        0.004537104807369303,
        0.03163703012114932,
        0.2935287121942514,
        0.002789773352686181,
        0.038471814376756334,
        0.03166144799187036,
        0.008317003382371138,
        0.018623765920325955,
        0.1051882363348664,
        0.04152378094723277,
        0.004318936004156105,
        0.006034611800421493,
        0.12830381587835152,
        0.045224053618599554,
        0.02800748670077061
    ],
    [
        0.2202895518909358,
        0.04717302170927129,
        0.02231429815844724,
        0.033377206365930806,
        0.012168149955882843,
        0.034676939825109505,
        0.03871964494684446,
        0.005381317032937601,
        0.024799946722048702,
        0.0189921625859783,
        0.01514481557445564,
        0.24975235495596654,
        0.014351019336802965,
        0.142202833413669,
        0.011257078762424178,
        0.00907286566041254,
        0.03968010743465454,
        0.03048949811816714,
        0.030157187550060995
    ],
    [
        0.009002067780621764,
        0.004299298063553878,
        0.8691020154203536,
        0.010406971627209802,
        0.0009339557113558554,
        0.006386795621517229,
        0.006173672344820599,
        0.001827238383435147,
        0.0035615900606708307,
        0.03199188643187965,
        0.005422391946368272,
        0.003141717766155185,
        0.003770173310659453,
        0.007650300791817317,
        0.0043244222993926865,
        0.002446021776125502,
        0.011158786061849708,
        0.014018260535622844,
        0.0043824340665903315
    ],
    [
        0.011949939930818521,
        0.01656528970141659,
        0.020949467081624644,
        0.07577015403404437,
        0.0018517391738496433,
        0.03242708744346687,
        0.018411704396581356,
        0.003477741266935448,
        0.016384232173699966,
        0.17020092167563322,
        0.016607270031308595,
        0.0042619109920237945,
        0.01033929123586184,
        0.005136477380355041,
        0.008391952145085476,
        0.0031789598075648738,
        0.04832554956726931,
        0.5248459030836473,
        0.01092440887881317
    ],
    [
        0.027020838157725588,
        0.02101632565190129,
        0.013423989284888372,
        0.04694364417154607,
        0.0025108622836493436,
        0.02094326127467311,
        0.08389655344546858,
        0.0025132094713552103,
        0.013626495106624588,
        0.3212036702239488,
        0.007527322790710697,
        0.007476497895902936,
        0.01902292081075243,
        0.009570945371124512,
        0.004840965387867573,
        0.0029068721410514527,
        0.19636859782878197,
        0.18945766137287717,
        0.009729367329150307
    ],
    [
        0.04094580712081725,
        0.10556073645684833,
        0.006302641022154648,
        0.0784686425256851,
        0.001758644650722383,
        0.04208110864008321,
        0.12627710424153052,
        0.0018669322789767846,
        0.08652127878422616,
        0.025616538532759383,
        0.029337660773365012,
        0.008164779849242902,
        0.04254750977418488,
        0.00822358410068763,
        0.0037882805347355967,
        0.0025229628202498708,
        0.1280985177723982,
        0.23212922465934113,
        0.029788045461991083
    ],
    [
        0.10334623812213892,
        0.09645917359555105,
        0.021761042637731577,
        0.08458674175144253,
        0.006716186919665357,
        0.15131097479586206,
        0.035993221074979605,
        0.005246747743400739,
        0.11638243550895093,
        0.023557560947443355,
        0.036780289835188516,
        0.01576685253082541,
        0.014589779421985223,
        0.04908668238620311,
        0.006265405019442408,
        0.015669843487543692,
        0.028461248192963785,
        0.10525383718414434,
        0.08276573884453743
    ],
    [
        0.019069391063579036,
        0.0281889473113827,
        0.010096557660184535,
        0.018441795809796265,
        0.03255383623856366,
        0.010628335971280243,
        0.00664989460884001,
        0.08310981009674956,
        0.024666108365406794,
        0.005688854337506134,
        0.011598162381285023,
        0.02262909503456649,
        0.007630540464131587,
        0.021944507406883536,
        0.011565152318547284,
        0.6309207924621906,
        0.011625590410671743,
        0.008911205618018335,
        0.03408142244041652
    ],
    [
        0.018138668655439328,
        0.07207957149120169,
        0.0021691656214759595,
        0.013356892973404326,
        0.0009191282912718676,
        0.00808914957647602,
        0.0018811327465290168,
        0.0011028206787746897,
        0.04735351220724946,
        0.0010026780438784617,
        0.0043432583082748145,
        0.011320822909227922,
        0.0025401157419741765,
        0.009921027464177872,
        0.0020321177570804963,
        0.0036973849191584028,
        0.003461448858951121,
        0.0031276887374213297,
        0.793463415018033
    ],
    [
        0.048603935506184304,
        0.09473817334501193,
        0.009100656634449039,
        0.03766817893736608,
        0.003682199156692822,
        0.03875574844186444,
        0.045578992684321744,
        0.005180159246173292,
        0.06374595747832576,
        0.012283070671634167,
        0.0609381330608635,
        0.020915852810913488,
        0.38602246892710224,
        0.017915786533401916,
        0.008802114736135978,
        0.006575030062470424,
        0.05485313122822555,
        0.028839212893030618,
        0.05580119764583269
    ],
    [
        0.00014989316162693716,
        0.00025291451104621454,
        0.0003115364019594575,
        0.0006570412712169574,
        9.02677612207095e-05,
        0.0001951703561188492,
        7.824884657151531e-05,
        0.0003386821076219676,
        0.00018314643967273414,
        0.00018648963953438554,
        0.00013460367524334004,
        0.0003869417951571718,
        0.00010472174851919263,
        0.00010849819308319921,
        0.9959156835990672,
        0.00011352206611781796,
        0.0002862341266926007,
        0.00023728198059188983,
        0.00026912231893787167
    ],
    [
        0.03529374084790255,
        0.044363810323082724,
        0.01522079856810389,
        0.033249358000161745,
        0.007131834381371772,
        0.06357778116578923,
        0.03122057906385578,
        0.010934174800126917,
        0.04067333706333463,
        0.0162438709326881,
        0.4970914425792007,
        0.014142941865095716,
        0.05364020794634659,
        0.02015394535007557,
        0.009449313615759626,
        0.012815580717633616,
        0.023057038966722433,
        0.0359390423372766,
        0.03580120147547174
    ],
    [
        0.0861386801023299,
        0.05585492153964068,
        0.020933202525873478,
        0.02436887638145272,
        0.016346745411834646,
        0.012331429554730381,
        0.017328490284286437,
        0.013664346462738055,
        0.0352489316434191,
        0.008623838400689185,
        0.013882386481810791,
        0.3987134788779517,
        0.01704343959053988,
        0.11309348876286558,
        0.01841447051360284,
        0.03907160875143183,
        0.031019894871081866,
        0.01174569563793825,
        0.06617607420578257
    ],
    [
        0.036963430227007245,
        0.12848213057588645,
        0.01262744674831452,
        0.07349354912005739,
        0.01440656690823901,
        0.06263025109999129,
        0.023283231328653654,
        0.024360478670152057,
        0.09385366064399187,
        0.015390990771997803,
        0.02686443195662454,
        0.03967724658965476,
        0.15652611994462218,
        0.024144769549708026,
        0.03697550031836028,
        0.025283474692606528,
        0.04586787478605728,
        0.029527668338349758,
        0.12964117772972536
    ],
    [
        0.052526567247856884,
        0.03668228036547243,
        0.009456047463255202,
        0.021305075377575502,
        0.003915494167711772,
        0.023931793031045322,
        0.5271266479295986,
        0.0028334592981359478,
        0.039008625568860915,
        0.03218673271673107,
        0.02040518407681955,
        0.009303106219377489,
        0.05638511055042088,
        0.02014946556236692,
        0.0033075323528240336,
        0.005644587357230341,
        0.061162597708646384,
        0.05534319309783329,
        0.019326499908237413
    ],
    [
        0.015612397495365716,
        0.0314286598989256,
        0.05354826124249168,
        0.3256335318110917,
        0.0034485522929860106,
        0.044305460318690794,
        0.00986913089320895,
        0.011820613782120548,
        0.026497395429256217,
        0.047283809924000546,
        0.026784858482708656,
        0.012601402671387195,
        0.010381390142213886,
        0.007990135427710116,
        0.17922900412086337,
        0.006451480595228284,
        0.04154167437653731,
        0.11548449943401999,
        0.030087741661193317
    ],
    [
        0.0016549584946056466,
        0.0016319148027235937,
        0.0005098585053042786,
        0.0010163589046331665,
        0.973799273641376,
        0.0008695495209592768,
        0.0007270991300928647,
        0.0026527034898020403,
        0.001137065263392411,
        0.0005095726791574711,
        0.0006591715518489258,
        0.00363856163002809,
        0.0005927591160829437,
        0.0018436024550298005,
        0.0007540235245444026,
        0.005127225604976558,
        0.0009354755616613631,
        0.0007186729846563587,
        0.0012221531391248342
    ],
    [
        0.025023608203972925,
        0.10065213858895361,
        0.006423556827219728,
        0.03824768673826212,
        0.0036392449202625947,
        0.026035316000512475,
        0.009641301849451623,
        0.007245046183661023,
        0.09448545321320209,
        0.004893685518620174,
        0.5109467732048573,
        0.013735719241795395,
        0.014130905267824363,
        0.01029054004980417,
        0.006966124421250878,
        0.009782638293551582,
        0.013951067867414296,
        0.01736492359911093,
        0.08654427001027279
    ],
    [
        0.011935871394562134,
        0.1226321991090604,
        0.0031789745600402093,
        0.056448526543488795,
        0.0013598923307592697,
        0.0480114462866141,
        0.0056778368052132384,
        0.0019381404363227723,
        0.4368122226404279,
        0.0035607809355302847,
        0.012361918703701203,
        0.004899929028033887,
        0.01062857656332806,
        0.005007651594660342,
        0.003953709123833412,
        0.003698503779084579,
        0.009613869997962213,
        0.017963943275640007,
        0.24031600689173724
    ],
    [
        0.003537037589287218,
        0.004162839210783913,
        0.0006230550388594436,
        0.0017751423597534457,
        0.0011555791858126007,
        0.0007818171351439851,
        0.0007234806174364941,
        0.0007894066484326018,
        0.0019056040291754448,
        0.00040195521874243195,
        0.0007734994282793169,
        0.9722585058092699,
        0.0006780314127223188,
        0.0023693922655100186,
        0.0015781376963454896,
        0.0009773461347439688,
        0.0016627467973808774,
        0.0007103894610051628,
        0.0031360339613154416
    ],
    [
        0.06802151834785754,
        0.03139690863121737,
        0.020237087776348757,
        0.031267476870136035,
        0.0029939515796024874,
        0.024888475926334763,
        0.20290169228422977,
        0.0026387932347128576,
        0.019374351623044038,
        0.06513717492926274,
        0.009859526268684589,
        0.017003572465148695,
        0.2000652381901291,
        0.029008982337329306,
        0.0067467082017841065,
        0.004142448889305266,
        0.19993116761552984,
        0.045219101927090395,
        0.019165822902252314
    ],
    [
        0.01930752274311996,
        0.013629892902900238,
        0.01046938413502728,
        0.009566085277721667,
        0.018102486810081624,
        0.009172466048779707,
        0.0064764449147687725,
        0.026260587852157898,
        0.011325473633482222,
        0.005143122059310847,
        0.011501353006436435,
        0.00997777334962324,
        0.0063810972361294065,
        0.030023792117161396,
        0.004151411463054276,
        0.7794235389225689,
        0.007888760553646958,
        0.00704354787521661,
        0.014155259098812496
    ],
    [
        0.013329393697149056,
        0.017404157479556245,
        0.008143046397191366,
        0.039112050379697796,
        0.0025005066204937553,
        0.778354357908444,
        0.007004181495136284,
        0.0034774962298556094,
        0.012912881373938598,
        0.011343258791363395,
        0.015568025415184844,
        0.004601612327155375,
        0.009965267667314912,
        0.008310051283957016,
        0.004951359062228032,
        0.004151852885012292,
        0.008510756539233603,
        0.03535124222174292,
        0.0150085022253449
    ],
    [
        0.005250870163654776,
        0.08781103011879508,
        0.0007390020042013652,
        0.010726266521992246,
        0.0004147982808233783,
        0.004179699640642968,
        0.0032267870967631652,
        0.00046218872465462796,
        0.8260775322879153,
        0.0010617097271733776,
        0.0036571357763209716,
        0.0018490588220059201,
        0.003107155354780365,
        0.0015064109800883645,
        0.0007450829318225589,
        0.0009478024568520075,
        0.005332114363863201,
        0.005433501502529237,
        0.037471853245121214
    ],
    [
        0.033964817990055234,
        0.05348717459910152,
        0.013418650576172,
        0.04243246763544135,
        0.0060032742632597546,
        0.04485585255299722,
        0.029299739234389405,
        0.012121298386939705,
        0.052746281658370656,
        0.016750623503131473,
        0.51269573729852,
        0.014237131414832757,
        0.023065935755705806,
        0.015689380074332487,
        0.008673588878265616,
        0.010858597750085717,
        0.026233089702075118,
        0.04839734825851568,
        0.03506901046780851
    ],
    [
        0.004486357863809986,
        0.0018450592607403367,
        0.00045389520480598224,
        0.001155053982181979,
        0.00011755374190601296,
        0.0007749190255519344,
        0.9637725274300972,
        9.28896720262666e-05,
        0.0011701052768409226,
        0.002137901426894509,
        0.0007559639647604323,
        0.0006276337117805272,
        0.0029946785031268325,
        0.0008961005152747558,
        0.00015146991808584852,
        0.00014369660241633577,
        0.014572077436909902,
        0.003165478389193037,
        0.0006866380735970078
    ],
    [
        0.03309782217327073,
        0.029041351276235073,
        0.030610839845478535,
        0.05525508386200565,
        0.007119194260785456,
        0.01947054895612179,
        0.06862468721073672,
        0.0070182918707706364,
        0.023048695361653132,
        0.2768050421096838,
        0.009504740303123451,
        0.018164537477010464,
        0.021582334250112176,
        0.017037876594334988,
        0.01571383084948673,
        0.007817530870361083,
        0.23633806428319734,
        0.10636876979973095,
        0.017380758645901318
    ],
    [
        0.007105318448472423,
        0.008240971334561732,
        0.002490994345876976,
        0.010967643894065158,
        0.0003945429348939512,
        0.002182824502910303,
        0.011170726386187725,
        0.0004902382884929186,
        0.005026051972325449,
        0.009513351545794118,
        0.0011837007167300666,
        0.002691118689768118,
        0.005699137874047137,
        0.0021210231119198216,
        0.0014177829585286421,
        0.0006657637629073637,
        0.9135961165377569,
        0.011259373999452678,
        0.0037833186953084522
    ],
    [
        0.06651878752312389,
        0.1822251361988116,
        0.00900666508909311,
        0.051742842215076114,
        0.03172638606312463,
        0.042330857981791065,
        0.012513937726269408,
        0.0148706686400234,
        0.14957811611889507,
        0.006913881749886671,
        0.02526342699429965,
        0.06746260469176214,
        0.009699552042912231,
        0.04438051420191327,
        0.010579832049873119,
        0.05640057977739838,
        0.016833295540491792,
        0.021290502242229205,
        0.18066241315302528
    ],
    [
        0.0074564548627690415,
        0.02332660126830227,
        0.004054097935524709,
        0.825838504175222,
        0.00038458423363169596,
        0.00990439047881459,
        0.0032134127873913736,
        0.0007607698454681417,
        0.0115464457148064,
        0.005911326256158042,
        0.006809564663019081,
        0.002331637146974503,
        0.0023370483060963306,
        0.0018396918866240353,
        0.0024114330377761665,
        0.0008133635514189796,
        0.019849358577690452,
        0.060747710330647305,
        0.010463604941664971
    ],
    [
        0.030908185643181228,
        0.030823790653626316,
        0.01192133707412794,
        0.019913325431490804,
        0.06859405328061377,
        0.017472330066811814,
        0.010316360450373898,
        0.08516095542077873,
        0.024827330434972737,
        0.007903419808540773,
        0.022734903977263264,
        0.023573531273581753,
        0.00860400847340882,
        0.03631964197276046,
        0.008170128011715287,
        0.5388231059218718,
        0.012841022134437607,
        0.013275823457815946,
        0.027816746512627014
    ],
    [
        0.05627098623927903,
        0.08199919692154173,
        0.00859544981865593,
        0.04105083430481202,
        0.0054910068526172915,
        0.42518128979091335,
        0.02247312144604446,
        0.004164787019825953,
        0.08796150201641138,
        0.00972024488777031,
        0.047986401782260484,
        0.013184977300186543,
        0.022927850584847344,
        0.03005258611295276,
        0.004967163273476713,
        0.009597093058610586,
        0.014501569617831,
        0.03841065036842791,
        0.0754632886035351
    ],
    [
        0.20689508344113605,
        0.06022299982831312,
        0.020588498324801526,
        0.028400520156899606,
        0.006259031626935597,
        0.03790491917148226,
        0.11965200773150503,
        0.005189250623147381,
        0.04687114929530459,
        0.019178617431105605,
        0.18210311201872226,
        0.020769323074785587,
        0.03498886717405381,
        0.07988534206949933,
        0.004516374007907641,
        0.012683345448920387,
        0.03569020832720023,
        0.04070037327149623,
        0.03750097697678367
    ],
    [
        0.0059075994376919655,
        0.003598059107242012,
        0.014338644021814053,
        0.008564228968433566,
        0.0010467641506121813,
        0.004807987699746313,
        0.01559258357050002,
        0.0013696069825872206,
        0.0027918365889958384,
        0.8637947144742864,
        0.0031985792345727054,
        0.0022760943704645343,
        0.004564108212747073,
        0.0032540291402640546,
        0.002563358922127887,
        0.001286420125196238,
        0.027281793885138884,
        0.031466452157672305,
        0.002297138949906823
    ],
    [
        0.0061860355372940655,
        0.0076196212551268155,
        0.011251898691454515,
        0.04925566920343882,
        0.0005663005003505685,
        0.017161041532629488,
        0.008151889555226404,
        0.0010117688341865457,
        0.006944495770099819,
        0.09545724330744051,
        0.006186778865919278,
        0.0017907849940762167,
        0.004051764929572054,
        0.0023402970954222065,
        0.0030091577852967306,
        0.0010352837409942806,
        0.02548606104529613,
        0.7475553589697436,
        0.004938548386431956
    ],
    [
        0.0017285956381833845,
        0.002263625007283307,
        0.000750833858367339,
        0.009022927157104788,
        0.00011765779159595202,
        0.003760233178009477,
        0.0023892676930086314,
        0.00014320978693010077,
        0.001741768897202758,
        0.00592846161805955,
        0.0012644205848885526,
        0.00034553429374815285,
        0.0006449473590657911,
        0.00045890734049027897,
        0.00026338345577400806,
        0.00017563439525824208,
        0.004684156564909254,
        0.9633839582796379,
        0.0009324771004826498
    ],
    [
        0.0007506807557915252,
        0.0010772883032076348,
        0.0006263359842673516,
        0.0012175457088542318,
        0.0024416236280133835,
        0.0006629618921836226,
        0.0003931663073885043,
        0.9807360005058282,
        0.0007480982834557368,
        0.0005293668787447765,
        0.0009145409486012498,
        0.0011761777128547538,
        0.0004926145245939443,
        0.0006446233171315374,
        0.001521749507354309,
        0.0036421558958305263,
        0.0008766644034832998,
        0.0006917138078902858,
        0.0008566916345250984
    ],
    [
        0.0388290154671805,
        0.049313909346265276,
        0.023384466519345753,
        0.05003051566818456,
        0.04239570831616786,
        0.08023871005178616,
        0.018903749843478267,
        0.2282157356475989,
        0.03630527157556968,
        0.02070020708648588,
        0.0773077394270119,
        0.025340826332127187,
        0.031245606547375324,
        0.03528012691243219,
        0.02248296521804601,
        0.1168780277659757,
        0.02572948675346107,
        0.03553628065287329,
        0.04188165086863454
    ],
    [
        0.02020582384702977,
        0.03235922012907952,
        0.005237774373879073,
        0.020185951290592943,
        0.00335681394463007,
        0.02984430073127185,
        0.025236439284437084,
        0.0036859183973555368,
        0.0217773529896902,
        0.010370387482724244,
        0.00964087999463066,
        0.010230989084685931,
        0.7197077415320142,
        0.011651711423148846,
        0.005786981431092172,
        0.004739246304194226,
        0.02765927805930636,
        0.015791665733821743,
        0.022531523966415463
    ],
    [
        0.006373417988853646,
        0.011434465318010349,
        0.004187798461351221,
        0.1855649725370057,
        0.0002667261587215905,
        0.015344847416860652,
        0.004574297666500958,
        0.0004051410473562773,
        0.008354331729723562,
        0.011846913600103055,
        0.004528108610696373,
        0.0014253777149073506,
        0.0022000072073205556,
        0.0015787100780369151,
        0.0014531622875509499,
        0.0004919836844153865,
        0.017433019986511786,
        0.7165408927085011,
        0.005995825797572651
    ],
    [
        0.07262777107072126,
        0.15550778841598958,
        0.008464742014137784,
        0.06853312957182132,
        0.005842820309425733,
        0.20426056648284385,
        0.011819886015211127,
        0.004437465201833961,
        0.08328195103799908,
        0.0069811861460526365,
        0.01432706604176332,
        0.0315085537164271,
        0.016464583502941138,
        0.04514892341114446,
        0.007755277340076752,
        0.010801458134572362,
        0.015159520621789406,
        0.022566538508944734,
        0.2145107724563044
    ],
    [
        0.09750556015647777,
        0.21289152485410842,
        0.009316130094927171,
        0.05845143479891258,
        0.010176933542106957,
        0.031705485279975784,
        0.026694150325835247,
        0.005986426065583453,
        0.22546897875413927,
        0.010255908463074125,
        0.031422732836777156,
        0.04449852684247125,
        0.009834395852218078,
        0.03072062532248285,
        0.006985422379805149,
        0.01453362251459801,
        0.031733631670371916,
        0.04233582930962924,
        0.09948268093650556
    ],
    [
        0.011807018245958796,
        0.011276416729894587,
        0.004082221079359756,
        0.006322197874027117,
        0.028389301487456074,
        0.00632620159167377,
        0.002850491771233739,
        0.013230580924989573,
        0.008510175050331194,
        0.002088707399352806,
        0.0046530916749175566,
        0.01188128027680578,
        0.003553713662996483,
        0.01960986946094224,
        0.0035298720468908778,
        0.8407218786123545,
        0.004049623653502656,
        0.003409545506837868,
        0.013707812950474593
    ],
    [
        0.03539225431404902,
        0.014544469739262024,
        0.018809347585553447,
        0.022072703484006924,
        0.002185068092340767,
        0.020500205779627474,
        0.20223838761154295,
        0.0021165849520359964,
        0.010334400364736445,
        0.34936392485446655,
        0.008418504869916108,
        0.006811954335169178,
        0.02957988331609622,
        0.01415803755272662,
        0.0037040706969838355,
        0.0029098858974708082,
        0.14387388400205883,
        0.10519123959963533,
        0.0077951929523214485
    ],
    [
        0.01546959303567375,
        0.5115283836997494,
        0.001733953918072533,
        0.04189634016786797,
        0.0006085735841559349,
        0.007433770811892866,
        0.005996055728983349,
        0.0008288382995688657,
        0.2772880456970331,
        0.002197469201742562,
        0.00907220370663273,
        0.005128718125700833,
        0.006415400812803973,
        0.003029775822531392,
        0.0017574019262513532,
        0.001393698372299392,
        0.020554899180249435,
        0.01241714723641018,
        0.0752497306723802
    ],
    [
        0.009832138993757185,
        0.006055830328567405,
        0.0012232299032075588,
        0.0029699767442328997,
        0.001883668661030986,
        0.0019204295296263677,
        0.0018418297098383835,
        0.0008028281864691579,
        0.0026378044292128945,
        0.0009344762689458507,
        0.0010253007191846804,
        0.9474320056135658,
        0.0015923882080168112,
        0.007554427592898474,
        0.0019731883053916805,
        0.0012135122379654834,
        0.0033807475877973697,
        0.0014704200841197345,
        0.004255796896171444
    ],
    [
        0.011328076702983669,
        0.016249675811656556,
        0.0031536077215045134,
        0.009345421539880012,
        0.0013433078888339944,
        0.009196653757665865,
        0.02813577643572228,
        0.0017742188934094351,
        0.013274945851760592,
        0.006967309556269374,
        0.008377165819501438,
        0.003752293488167918,
        0.8350049993255496,
        0.005494914657405782,
        0.002085822788273726,
        0.0025296727263204683,
        0.021781797169211917,
        0.009967707434135456,
        0.01023663243174733
    ],
    [
        0.02052997841708226,
        0.03157708108946125,
        0.013836535452343748,
        0.09062217015717888,
        0.004329656064635826,
        0.5868657342559832,
        0.010886122463224717,
        0.005247858539624912,
        0.027463469727885877,
        0.021360737487571307,
        0.0159337554327379,
        0.007630999871418298,
        0.010878205302667445,
        0.01253524311983929,
        0.009009930092481036,
        0.007137664282553687,
        0.015065344468360053,
        0.08031533770476695,
        0.028774176070183358
    ],
    [
        0.012949450314757726,
        0.01506497799650528,
        0.016664759692725066,
        0.01685322583348452,
        0.02206847041791044,
        0.009981743242584553,
        0.00511589508900992,
        0.6163664582191526,
        0.011403188450689054,
        0.006859218837984727,
        0.013490819266756904,
        0.01741253159247105,
        0.006854184593509747,
        0.015233051024474179,
        0.022656204962403035,
        0.15523722314489427,
        0.010255727587463096,
        0.008445947233282953,
        0.017086922499941006
    ],
    [
        0.08848784545917796,
        0.1067607945977243,
        0.016129710887006474,
        0.03869330496464549,
        0.009133882181900917,
        0.026681734574500307,
        0.008858122448393423,
        0.010586363875203075,
        0.07956678326558138,
        0.0054789010791060095,
        0.020974678698973435,
        0.04882490669975998,
        0.009460384790843535,
        0.10306538886438404,
        0.009087209204146416,
        0.09540209766039617,
        0.014311559593283086,
        0.013054354008902178,
        0.29544197714607184
    ],
    [
        0.11309033694542447,
        0.007703157935152669,
        0.005638617178264038,
        0.003983665995093171,
        0.002500130453587038,
        0.005283351232866437,
        0.011890351469330223,
        0.0011656758622586487,
        0.0042478314634093175,
        0.0032144663159530103,
        0.0035102779712762036,
        0.021392421931538036,
        0.0054462100821105345,
        0.789825585790389,
        0.001281073073250175,
        0.003480566792408476,
        0.006678444325199033,
        0.0037684406359975537,
        0.005899394546491884
    ],
    [
        0.017046897130644775,
        0.19541674925440836,
        0.004032186154648935,
        0.038948646723880154,
        0.0020265329399691795,
        0.012529852961138446,
        0.006075072189343895,
        0.0037913373134902373,
        0.2634093220155783,
        0.003100363746524711,
        0.01987666670430498,
        0.01402159522373126,
        0.012234493747100873,
        0.006955053988706012,
        0.007394195186802501,
        0.006391546275614081,
        0.014784276550705779,
        0.010160368557036389,
        0.3618048433363711
    ],
    [
        0.008538834865308294,
        0.67140891249484,
        0.0005865685110268723,
        0.012582763910139357,
        0.0003992160292159951,
        0.007252593261861822,
        0.0022456866476761885,
        0.0003995289080958761,
        0.21618682347356352,
        0.00072250581693956,
        0.00434344605041426,
        0.0032033819259063225,
        0.002589993091357378,
        0.0018114758893660792,
        0.0007012236412953794,
        0.0007317824215345544,
        0.0038513298446479,
        0.004184355688698046,
        0.05825957752811281
    ],
    [
        0.016385960741369294,
        0.02198906028957369,
        0.010966340571793524,
        0.044737557539428666,
        0.0019510862414935646,
        0.7033800995646916,
        0.010309910876178847,
        0.002987552621746448,
        0.01871110150921538,
        0.013932285370599554,
        0.032496876935177534,
        0.005198119533530553,
        0.016816832186931165,
        0.008829450138476526,
        0.006010462964082569,
        0.003560187441949363,
        0.011713970483505332,
        0.04971977873160236,
        0.020303366258654067
    ],
    [
        0.012179810325357768,
        0.2148491005374907,
        0.001579438656762631,
        0.03051645829118256,
        0.0008372184764304326,
        0.015026287586786629,
        0.00958779378129184,
        0.0009636857349014204,
        0.5941144394187932,
        0.002893073417459039,
        0.011001393695056936,
        0.003607721132451288,
        0.011052144835872883,
        0.0030377719339758917,
        0.0015905395112017677,
        0.0016514409048568098,
        0.015348270244310635,
        0.019038248188841596,
        0.05112516332697579
    ],
    [
        0.002436041390762786,
        0.021923922334410182,
        0.0004246419102371882,
        0.004107068535011934,
        0.00014000681432647648,
        0.0023611774769286852,
        0.00045803530333581743,
        0.00020989699966545417,
        0.03764692504628277,
        0.00024844032664378456,
        0.001255930879705171,
        0.0008637702947382127,
        0.0007713674737656539,
        0.0010966196770415835,
        0.0003585705879207114,
        0.0006583815990926842,
        0.0008408651457369897,
        0.0009348171460829092,
        0.923263521058311
    ],
    [
        0.0453490954570344,
        0.01294030474453419,
        0.0040479676960782736,
        0.006344247861172531,
        0.003361454867812574,
        0.004166293863121184,
        0.007692000818757485,
        0.0018771176600761513,
        0.005489541043296627,
        0.0029919918989313953,
        0.0032394438435263523,
        0.8347641077067927,
        0.005346097161687915,
        0.0315614910096888,
        0.0034555932610400328,
        0.002806391139081959,
        0.012681499451405051,
        0.0040044323176979734,
        0.007880928198264565
    ],
    [
        0.02600350455293085,
        0.2052086844439662,
        0.007511244848512897,
        0.08603670780211092,
        0.010410339602448183,
        0.029230355285612932,
        0.011184253713719276,
        0.014853222139872729,
        0.17056707339032334,
        0.007751299629895467,
        0.016525224270219286,
        0.04292702142544709,
        0.021291223795820796,
        0.014138109001357342,
        0.029490011838935324,
        0.01812834812336836,
        0.027712387373980775,
        0.02054113622830244,
        0.2404898525331758
    ],
    [
        0.011883825988968482,
        0.006490113467896293,
        0.849792363934373,
        0.019117663707129553,
        0.0015058416890581768,
        0.006960816520250832,
        0.003856508890842359,
        0.003272151272826269,
        0.004503234171650483,
        0.014393456039653621,
        0.004266132962480448,
        0.00891676181841734,
        0.0028663991158258554,
        0.011308414460136229,
        0.016717750512787066,
        0.0038025055710605112,
        0.01190097825128605,
        0.011018709200261094,
        0.007426372425096519
    ],
    [
        0.06849962988057126,
        0.14522981191558512,
        0.014725361981454039,
        0.06180808615475611,
        0.0357333459361339,
        0.027096326972517536,
        0.04468903884087271,
        0.03718471656153854,
        0.10335940725060634,
        0.021091539283878278,
        0.036008247045036086,
        0.03935241263663778,
        0.041396792371629104,
        0.03638429455320001,
        0.013203889530825562,
        0.08421094500369457,
        0.07643717855583382,
        0.03953245681134755,
        0.07405651871388165
    ],
    [
        0.011893972757652329,
        0.0025823221719178564,
        0.0012254315365329423,
        0.0016270913317553513,
        0.00034816962984802015,
        0.0018495181454176023,
        0.9460126256741512,
        0.00023704857314210117,
        0.0017980887774922878,
        0.00434336469426947,
        0.0015408100428802153,
        0.0012195136657178435,
        0.006102477907460321,
        0.003934652173407951,
        0.00027774548781221264,
        0.00045135472036146975,
        0.00908487727620962,
        0.0042254185708919,
        0.0012455168630792364
    ],
    [
        0.010864058300237059,
        0.004691573355929313,
        0.0015868641103825595,
        0.0030858804998430624,
        0.0005072646505046165,
        0.0026388122672307487,
        0.9157710625039596,
        0.0003756243797969374,
        0.0033595816332230113,
        0.007088065123465102,
        0.0030730577121681436,
        0.0020360320671672276,
        0.009554126741423105,
        0.0030721397134299776,
        0.0005394389333997385,
        0.0005557744789031198,
        0.02067311530778816,
        0.008494688737445666,
        0.002032839483702748
    ],
    [
        0.11208075295713432,
        0.05039220589721768,
        0.031451160807656024,
        0.06648627236639365,
        0.011801489006932163,
        0.03050377087588834,
        0.06062960200861612,
        0.009622115644016492,
        0.021130952639910754,
        0.062375928693071264,
        0.016837751096784075,
        0.1424019733912425,
        0.030701402436689545,
        0.04699182626878697,
        0.023975216989296,
        0.008525117634323108,
        0.19277237116376233,
        0.05736262529250101,
        0.023957464829777637
    ],
    [
        0.10557194293778208,
        0.05394384547242059,
        0.01951093025654923,
        0.02693651752353054,
        0.019374140459144425,
        0.026562089388295143,
        0.01567536071188854,
        0.01181413533382104,
        0.03261646395614111,
        0.009190982729971233,
        0.009980515787064837,
        0.10139977761987655,
        0.02008218769071213,
        0.362770003864835,
        0.01166963019140284,
        0.0640198580144826,
        0.021480240898850003,
        0.013003104909905729,
        0.07439827225332636
    ],
    [
        0.011939897583179494,
        0.1993932885064946,
        0.001897814560005999,
        0.033160647537456366,
        0.0007728585415105354,
        0.015810995361518827,
        0.002639521480358846,
        0.0010859127293715435,
        0.1925856647352068,
        0.0014100038562619142,
        0.01108254887362879,
        0.00722677927436375,
        0.003821851067707198,
        0.003930188757987165,
        0.002784950711481573,
        0.0019065222646152734,
        0.005340849338126572,
        0.006725507458552373,
        0.4964841973621725
    ],
    [
        0.16805947711858954,
        0.06259677995323695,
        0.02589635652089344,
        0.029407986889122748,
        0.011505320347371686,
        0.03147679638294137,
        0.03638755587130149,
        0.011229447194568564,
        0.04338960647951455,
        0.012745887795910031,
        0.2521621617041846,
        0.041451764662589395,
        0.02155227482050108,
        0.11416314149161794,
        0.007282358250878571,
        0.0298882731941077,
        0.025679685223363304,
        0.025223425375201378,
        0.0499017007241057
    ],
    [
        0.031719257849040186,
        0.029502407124906087,
        0.009269699083730527,
        0.01877263506650248,
        0.005240209687716275,
        0.016163227036021254,
        0.06261237375565094,
        0.005144351133626148,
        0.01973228074077129,
        0.019394461348768294,
        0.009595330348485715,
        0.01857850198213582,
        0.6152181046917916,
        0.020291864054796927,
        0.007756241360863162,
        0.006827747761451175,
        0.06696152105269802,
        0.017593110644683475,
        0.01962667527636062
    ],
    [
        0.009048591696640695,
        0.04940366576528798,
        0.006521305962131227,
        0.7013409900059575,
        0.001415983689366587,
        0.032735553939561055,
        0.003889302243922343,
        0.003055526923917463,
        0.042958076028106265,
        0.007137472306494912,
        0.007374941776448985,
        0.005422608451074586,
        0.0048116622858092525,
        0.003960964817932618,
        0.012383676675201124,
        0.003381548920881121,
        0.014374655760407347,
        0.03589960402813714,
        0.0548838687227218
    ],
    [
        0.0048836447240971515,
        0.09700075178007107,
        0.0005279865537957111,
        0.007625120097780915,
        0.00024232788907474064,
        0.0049467128822922105,
        0.0009108343984708314,
        0.0002902057003718684,
        0.1079986996432869,
        0.0004016888607224906,
        0.0025861736802419203,
        0.0015168238964829164,
        0.0013679913613039718,
        0.0016819361542634785,
        0.0004649533024058924,
        0.0007865625308707094,
        0.0014133362633383232,
        0.0017522538371692255,
        0.7636019964439595
    ],
    [
        0.03041217200831883,
        0.1481216562691293,
        0.012900139906619614,
        0.15757096283691285,
        0.0035863146743317503,
        0.07514947061447698,
        0.016436783853101385,
        0.007532299011500287,
        0.10184688675172981,
        0.013223295699437743,
        0.04687470980766102,
        0.024489946653962275,
        0.06747767005777776,
        0.012689796603699606,
        0.036519457983841395,
        0.0069340224812987974,
        0.04573003024273482,
        0.04135049790260302,
        0.1511538866408627
    ],
    [
        0.06684556209852374,
        0.1661438560815959,
        0.005894984026638729,
        0.11623468040497305,
        0.0013059128696291016,
        0.01584313427730092,
        0.03874530223161053,
        0.0015429817230008308,
        0.0639800082769923,
        0.014870164453338901,
        0.011083751003643448,
        0.008702557925702991,
        0.012607991099062799,
        0.008652260614124265,
        0.002733692363303445,
        0.0025791757901557,
        0.3268908351034663,
        0.10573070587456507,
        0.029612443782372114
    ],
    [
        0.06057173134530049,
        0.04508331110846701,
        0.035779438791990435,
        0.03638699338663695,
        0.02736461694683256,
        0.022349303089466657,
        0.0166654459982219,
        0.10068971203027395,
        0.029697671317367072,
        0.016551343882092957,
        0.018256841834449717,
        0.05256775440894216,
        0.019852269220615507,
        0.08228350988258978,
        0.021300410805321725,
        0.3131603557114225,
        0.03751206106550205,
        0.020246906329060385,
        0.04368032284544626
    ],
    [
        0.025016938487763308,
        0.7562161194556261,
        0.0010796185601675869,
        0.01737023794145339,
        0.00048455450793254595,
        0.007501042423212631,
        0.004462376475783066,
        0.0005566302764098305,
        0.08470593507545321,
        0.001172512000640687,
        0.00885306487312405,
        0.004994319339039331,
        0.00490049294436108,
        0.0038143900398604205,
        0.0008430756503881562,
        0.0010489407301063822,
        0.007322695801062795,
        0.0056059170045856515,
        0.06405113841302967
    ],
    [
        0.015247029199192895,
        0.010366037929410406,
        0.0030955081932387387,
        0.005746266089971821,
        0.0007895022456733936,
        0.009166755793125578,
        0.02370881557889482,
        0.0009777021726115477,
        0.007373820864125696,
        0.004643651072761736,
        0.007459021762240442,
        0.0027533920536626563,
        0.8719851944472108,
        0.007806705015345178,
        0.0011298868266114226,
        0.0018218488637095184,
        0.01212617358433037,
        0.006568773275381968,
        0.00723391503250088
    ],
    [
        0.008841583489994718,
        0.013211173512624,
        0.003264738904342004,
        0.0154969181887259,
        0.0006111962579777759,
        0.007839549012634523,
        0.004581668392303543,
        0.0012172377835056637,
        0.008850298609170503,
        0.0033030114885722953,
        0.8929339569710323,
        0.002300880435178268,
        0.003137250130506355,
        0.0025416492786794263,
        0.0013636760256512557,
        0.0013567481657044613,
        0.007263311173435884,
        0.015215488248069465,
        0.006669663931891503
    ],
    [
        0.005053376549750607,
        0.0032890398634780865,
        0.023363771141483428,
        0.010623101478680279,
        0.0005052483440804659,
        0.004631082986484611,
        0.00930747151931425,
        0.0007730171600657397,
        0.0027507025399480644,
        0.8580574853874148,
        0.002296229619186924,
        0.001550443210938713,
        0.0034046194793572156,
        0.0025934215802609372,
        0.0021261186973582174,
        0.0008935157039420178,
        0.026072610020014278,
        0.040319734073833505,
        0.002389010644408124
    ],
    [
        0.02144079329113825,
        0.08258316030829826,
        0.007422463059210752,
        0.4610971418339268,
        0.001537841200039587,
        0.05952719209142668,
        0.013976247569209038,
        0.0021972202913716366,
        0.04706757466605171,
        0.02001737879707985,
        0.007097224763508008,
        0.009532980022362728,
        0.016604561662949095,
        0.006681328026905031,
        0.009674451808842088,
        0.0024593650763610505,
        0.0757674107221715,
        0.11477768366131426,
        0.040537981147833725
    ],
    [
        0.2967251206357821,
        0.06920645391570494,
        0.0055332467767059005,
        0.015101761998226226,
        0.0038445996692587233,
        0.007293697072616465,
        0.012768106313411846,
        0.0022899507960496054,
        0.02376387038612386,
        0.003663201029466878,
        0.00627288458599319,
        0.38558090049576405,
        0.006945992674423458,
        0.08545432961063439,
        0.0033309002365090852,
        0.006321626250110602,
        0.021885441242372745,
        0.007429538685464821,
        0.0365883776253812
    ],
    [
        0.001906325866919223,
        0.0030118317893584427,
        0.0017846888117871308,
        0.003867490131051442,
        0.0056790525108224976,
        0.002169611799288922,
        0.0008719329204987396,
        0.9453714504914542,
        0.002104641027392594,
        0.001293873769812848,
        0.002190602911042343,
        0.003988992601473998,
        0.0011692949231333018,
        0.001693533080725576,
        0.008961927672104563,
        0.007307843186252892,
        0.0020655223321022873,
        0.0018461549247998012,
        0.0027152292499791723
    ],
    [
        0.06806477629907175,
        0.15825617606452544,
        0.015320008021438965,
        0.066629309133684,
        0.014355915924689829,
        0.021461990257969504,
        0.034065022840045506,
        0.012430149362855546,
        0.14529720275911234,
        0.018149179672205425,
        0.012163837698469394,
        0.06444958673910563,
        0.02860364291917285,
        0.03877578664807272,
        0.01795664515661747,
        0.031594244750251396,
        0.09444594014025723,
        0.032586287996202425,
        0.1253942976162525
    ],
    [
        0.010747302318568708,
        0.00826894648128457,
        0.019030550333304374,
        0.033773131549243836,
        0.0007490785743161003,
        0.015001078660112192,
        0.020470453799080524,
        0.001277077955569633,
        0.005648079951983048,
        0.540294319044698,
        0.007662679003971513,
        0.002898270397656929,
        0.010451189752971707,
        0.0038441962992912635,
        0.0037426854341837566,
        0.001205099085050139,
        0.08535791542534943,
        0.22485534883141828,
        0.004722597101945948
    ],
    [
        0.0853271907633754,
        0.2879378518128861,
        0.006774513561658171,
        0.06682218358790669,
        0.0010649589594076895,
        0.025051118870464135,
        0.011734582472878305,
        0.001528860195863059,
        0.12326833148846728,
        0.004762240123478674,
        0.016452687181556715,
        0.008802846892852184,
        0.015962264884587685,
        0.017706854262795557,
        0.0026284237693038415,
        0.003896021895465399,
        0.02344718969817239,
        0.018461047218408782,
        0.2783708323604718
    ],
    [
        0.009106502036233123,
        0.8474280002614959,
        0.0005234203378176802,
        0.01395295722932116,
        0.0004610208131774356,
        0.0074068415562638665,
        0.0024889231608796977,
        0.00043629558552308185,
        0.06507530582297422,
        0.0008065802379532409,
        0.0023616628694530678,
        0.0027825587881487542,
        0.003583265963361364,
        0.0019162002240831907,
        0.000597055981363791,
        0.0008293614364387491,
        0.005008891196965907,
        0.004208144091358747,
        0.031027012407187138
    ],
    [
        0.019862665864820203,
        0.12526093432324062,
        0.0053437597619945204,
        0.03553767038005542,
        0.002354181800144345,
        0.012379753847199873,
        0.007058386696538005,
        0.0036008085536657604,
        0.3639894496190113,
        0.0038012241994107316,
        0.01403034116774102,
        0.010144507891097592,
        0.008611789210456354,
        0.00956760618451482,
        0.005145857056577916,
        0.010619743879088525,
        0.013621890120090444,
        0.011938148787058667,
        0.3371312806572939
    ],
    [
        0.06837925128309837,
        0.036947038324849746,
        0.027483736223949697,
        0.02902864646286132,
        0.13382625027165854,
        0.03702667060533372,
        0.026950391993383095,
        0.04303549853687995,
        0.02432180956847332,
        0.022257929171690248,
        0.019039049487765868,
        0.03951567373845265,
        0.02997630514209767,
        0.12712480854903924,
        0.013248976756234552,
        0.23746908467131092,
        0.029441957946283712,
        0.02350051821722568,
        0.03142640304941174
    ],
    [
        0.04623162538866572,
        0.14038506161933922,
        0.012243372451045873,
        0.062380857961571196,
        0.009185946888688745,
        0.042921273368695605,
        0.021351206043269854,
        0.01281572370817198,
        0.28974796146082055,
        0.01232774829481865,
        0.044173087784371186,
        0.017924601773341316,
        0.016886539731862094,
        0.023260307004583283,
        0.009132143448609145,
        0.03735442515943118,
        0.03032631804786037,
        0.04400890331185536,
        0.12734289655299863
    ],
    [
        0.018772069798286793,
        0.3357343723980822,
        0.0029286750252035913,
        0.16611508941308623,
        0.0017214451305405992,
        0.029996051227589523,
        0.004474468423668815,
        0.0018425746820750978,
        0.21688250608012563,
        0.0033002601477180823,
        0.007502119060779291,
        0.011120714239816368,
        0.0035576779396907696,
        0.005538970705971918,
        0.004366441964419577,
        0.003094452067441881,
        0.011615343927827508,
        0.022620125171966748,
        0.14881664259570937
    ],
    [
        0.04763060495567663,
        0.021480674947064873,
        0.01763321724543542,
        0.03766221827897788,
        0.0016685350579114387,
        0.03719005515509937,
        0.16518296183821038,
        0.0016063651626511879,
        0.014234385887960294,
        0.1992131902933398,
        0.009363551610251217,
        0.006763826976483919,
        0.03643078611066205,
        0.014147280038212274,
        0.003655378488453693,
        0.0024317386078220125,
        0.16710510045599775,
        0.20559469993677235,
        0.01100542895301746
    ],
    [
        0.5758939041604485,
        0.018927973590070476,
        0.0155755861063556,
        0.01203537285708988,
        0.0019407012726881535,
        0.010109400676363386,
        0.05703283552333432,
        0.0012563749718735805,
        0.011582803931469019,
        0.012388393595078954,
        0.005973021429897681,
        0.013987218820551128,
        0.007910229378701472,
        0.19181598861793164,
        0.0017649849772176738,
        0.003824120219053958,
        0.029334709646346956,
        0.016635459483105908,
        0.012010920742421905
    ],
    [
        0.03923408127802962,
        0.20370233293333292,
        0.0038050652289971653,
        0.03176453988038692,
        0.0027822796978193114,
        0.01698601183751702,
        0.0043810181379706865,
        0.0026547786322560353,
        0.1031784872520129,
        0.002245618595450706,
        0.00950273488876503,
        0.04536274541215235,
        0.004409774030680914,
        0.017955146268756328,
        0.004739815407641191,
        0.0066869890001429845,
        0.007731026571703853,
        0.007566989162228894,
        0.4853105657841552
    ],
    [
        0.006992605980827039,
        0.11418504880401846,
        0.0014086770888999502,
        0.0202388610179175,
        0.0010067186295126109,
        0.008971741789447237,
        0.002075524193650266,
        0.0013175950369455187,
        0.23306653682784526,
        0.0011782341486793054,
        0.004188326320461029,
        0.006104001552292697,
        0.0034712350001836535,
        0.0032109798021912926,
        0.0028931427612467744,
        0.0027010435558081597,
        0.004309798889604364,
        0.004391060745407309,
        0.5782888678550617
    ],
    [
        0.015545154114179319,
        0.08206420112471083,
        0.0039034317964977555,
        0.03173701210164794,
        0.0011422301133774907,
        0.021503952688032353,
        0.004076425772414056,
        0.001666847850459037,
        0.14204151941586007,
        0.002562785012305945,
        0.006146614089004886,
        0.00548547978211803,
        0.008029276653928174,
        0.008509417918716969,
        0.00317312349839012,
        0.0052739420524996455,
        0.007598190631452737,
        0.008453168708112432,
        0.6410872266762921
    ],
    [
        0.0019270335277675914,
        0.0014412281677141097,
        0.006010916918694986,
        0.006100793398950651,
        0.00026070800036566877,
        0.003131552923601746,
        0.003180055081725107,
        0.00042455164016769214,
        0.0010719198804746647,
        0.9275366267498565,
        0.0012707381532051716,
        0.000654030025107247,
        0.0014147224953899792,
        0.0009328844416659638,
        0.0010451701172303491,
        0.00037692575137643266,
        0.00868377769333232,
        0.033611172952676856,
        0.0009251920806970935
    ],
    [
        0.38378904610419345,
        0.04231353082528698,
        0.009534451431419453,
        0.01920181932320985,
        0.004671090780823107,
        0.027933082180112395,
        0.18972030270653056,
        0.0022654590527970636,
        0.020836179656830676,
        0.015931125589945996,
        0.013674618236746466,
        0.04311697712383631,
        0.032753296722425905,
        0.09532086554424503,
        0.0034995758681962644,
        0.004302429807098176,
        0.04531438301018216,
        0.026455164273520394,
        0.019366601762599685
    ],
    [
        0.041358927816549575,
        0.43569570290386583,
        0.004211741799537502,
        0.045196328672499016,
        0.005522822087124263,
        0.011540838851413902,
        0.0156680176916275,
        0.005575734170138561,
        0.18933831788420186,
        0.005351272387034264,
        0.017633107724276283,
        0.032817270196182746,
        0.013167433447989478,
        0.011705380548606398,
        0.005601090184758392,
        0.009900994477307322,
        0.04023419449674795,
        0.017382544400701482,
        0.09209828025943764
    ],
    [
        0.005680437898734125,
        0.07031389946606662,
        0.0007489588378978814,
        0.008147352674530213,
        0.00043693236155676967,
        0.006700108958997999,
        0.0022555638847919775,
        0.0004732060460764529,
        0.791677910063851,
        0.0008009265061930991,
        0.004187386862171983,
        0.0017743168452345787,
        0.0028537261120224044,
        0.0020292843806597725,
        0.0006708971252571577,
        0.0012389644592161217,
        0.0027587167085000946,
        0.003708114364046376,
        0.09354329644419566
    ],
    [
        0.007448720857371642,
        0.011192762880547623,
        0.0029037993180702905,
        0.006529381227763434,
        0.02327351584496002,
        0.00468643479153178,
        0.0022496758941493956,
        0.02043754999591479,
        0.008546121177845383,
        0.0018152644646001466,
        0.003733088448931079,
        0.008556440564557682,
        0.003134675672266469,
        0.00860928125458548,
        0.003770242487778954,
        0.8634025106961464,
        0.004005729129667769,
        0.0030832406757065273,
        0.012621564617605066
    ],
    [
        0.148047987003166,
        0.019086470927789798,
        0.010677322056444984,
        0.009922983910061918,
        0.002822320784200204,
        0.009323746821112904,
        0.5632240091209219,
        0.0017756155468548278,
        0.013325285239405816,
        0.017758137371021242,
        0.008554847417451054,
        0.012253955365824864,
        0.03061563287851478,
        0.06785318468580367,
        0.0020036776218700777,
        0.004618086680949565,
        0.05037334869869291,
        0.01689953138093427,
        0.010863856488979298
    ],
    [
        0.0854398925790968,
        0.14541162908359323,
        0.010834116333450463,
        0.04781397684245696,
        0.00969753765465704,
        0.030066873414010657,
        0.007643117769466,
        0.009328367166324302,
        0.06024350757621562,
        0.004864149664381629,
        0.01334230791142127,
        0.11304783398980509,
        0.01007348994907905,
        0.07928303190136964,
        0.011515118593857704,
        0.03764148099382963,
        0.014902691732129957,
        0.011693910148926099,
        0.29715696669592884
    ],
    [
        0.01063694979138765,
        0.013054576147956652,
        0.0025673410518588487,
        0.006757161167409266,
        0.005343609471469636,
        0.003243890795467742,
        0.002730109347356562,
        0.0033721105714030843,
        0.00676882507321022,
        0.0017338120932323,
        0.002334477781484676,
        0.8964681913170445,
        0.0029153908363604842,
        0.008711981783623158,
        0.008920708131624011,
        0.00395605304603583,
        0.006274453124243502,
        0.002748923614221464,
        0.011461434854610594
    ],
    [
        0.04156220509472192,
        0.14074058442998247,
        0.005787330955322574,
        0.036217591797910946,
        0.001419522310449998,
        0.031895849694330354,
        0.014303478113563355,
        0.001639133849571087,
        0.3620128892497534,
        0.004970212262590459,
        0.01830410978673494,
        0.006497274790523847,
        0.016067413626568536,
        0.014932162882100272,
        0.002528649475551829,
        0.005060135885549224,
        0.014701776838298502,
        0.019728256722515405,
        0.26163142223396085
    ],
    [
        0.0010073050899574503,
        0.0009088768362193944,
        0.00032523631476660364,
        0.0006177277825490733,
        0.9834196105452504,
        0.0005906462883307398,
        0.00041486854742436765,
        0.0024097008212325697,
        0.000572318549217959,
        0.0003172215010882871,
        0.00047690415255643206,
        0.002004749527266679,
        0.00038829997945433024,
        0.0010979575553297226,
        0.0004750740093214114,
        0.003322312228644751,
        0.0005653408332190229,
        0.0004437695118962437,
        0.0006420799262747273
    ],
    [
        0.05765241149104528,
        0.018652785324266792,
        0.04368067524928747,
        0.023589936546604247,
        0.003176208022426293,
        0.011546080891395808,
        0.26890915610984206,
        0.003301138291262639,
        0.01303148326975029,
        0.18171507639964155,
        0.01630567089370517,
        0.014053233953818585,
        0.022322762650070146,
        0.022505982135274712,
        0.005605158387638688,
        0.004383505863336487,
        0.21804116822225678,
        0.061063216516669495,
        0.010464349781707467
    ],
    [
        0.01292585258010941,
        0.042324535864926995,
        0.006049915955989902,
        0.17052297203111336,
        0.0014014465172134112,
        0.5730021168728231,
        0.005595985193373857,
        0.00213830579752275,
        0.033376553439527744,
        0.007836922398134216,
        0.01192901406498658,
        0.005945130096169519,
        0.00816082980116069,
        0.005424675912568544,
        0.008219568500195356,
        0.0024451778169632746,
        0.011934435786603689,
        0.05149909674684687,
        0.03926746462377087
    ],
    [
        0.03488972088254857,
        0.020532983087133336,
        0.014967000591918085,
        0.026419399038158434,
        0.002820154262301771,
        0.021140161860225045,
        0.3698652836548064,
        0.002950555440204935,
        0.014819849427587788,
        0.15441637930607574,
        0.026403002993616913,
        0.007322334128275708,
        0.041210554348471144,
        0.011963075333210985,
        0.003921851821527077,
        0.0034802824883076707,
        0.1137203479191475,
        0.11941352576029902,
        0.009743537656183715
    ],
    [
        0.00443505335670007,
        0.05017542567866666,
        0.0008901569035868312,
        0.013449403874943214,
        0.0002685371867509716,
        0.0055105158807341684,
        0.0010407987975822798,
        0.0003899478010009936,
        0.05423769069031526,
        0.0006184361554610599,
        0.0018287669064515164,
        0.0022720962281697053,
        0.0020479375713039626,
        0.0018551671834599924,
        0.0011151585173567523,
        0.0008360730472496068,
        0.002317225087820277,
        0.0022885436435342243,
        0.8544230654889124
    ],
    [
        0.013393264054594362,
        0.18728259878853823,
        0.001671760579154255,
        0.031221581596449083,
        0.0005962918710796023,
        0.005990416032010372,
        0.004166110020190975,
        0.0006618052006339463,
        0.6349833677858988,
        0.0018502157743214985,
        0.004795376092165171,
        0.0036205371352333936,
        0.0024322266047624276,
        0.0031270115772347178,
        0.0012071229223669948,
        0.0015819437543080593,
        0.009679083268133486,
        0.011071397366330308,
        0.08066788957659426
    ],
    [
        0.018817097334211896,
        0.5130853068568247,
        0.0007370201039320086,
        0.00762538612134049,
        0.0005350060879930541,
        0.004596645217519625,
        0.003639878672113164,
        0.00043067614066902803,
        0.32307129095908166,
        0.0007940084484979645,
        0.0031470134227040286,
        0.005197276285591603,
        0.003506976661090472,
        0.003891773673711916,
        0.0006551235452739834,
        0.0011507607625116884,
        0.004800164029051895,
        0.003247570669490418,
        0.10107102500839037
    ],
    [
        0.003960245539713122,
        0.005509274070243772,
        0.002096319673495476,
        0.020796890541867428,
        0.0003538485001871124,
        0.006862349750073952,
        0.006781096519264292,
        0.00039911513228521145,
        0.004614353527708647,
        0.020049615467052744,
        0.0029194297760841564,
        0.0009937189672711735,
        0.001735493297397222,
        0.0011393775213697154,
        0.0008509711524725309,
        0.000479238745984508,
        0.014906467061757156,
        0.9031434821021015,
        0.00240871265367029
    ],
    [
        0.02444054748080892,
        0.08925670530659523,
        0.011219905279838146,
        0.41076310193344695,
        0.0012868761459587754,
        0.02300506906403,
        0.013358639719218437,
        0.002319090324852866,
        0.05005357414001479,
        0.018138892394279748,
        0.007801609856576182,
        0.011560819361036437,
        0.017386099143106414,
        0.00716212025519164,
        0.012954956059636726,
        0.002714319935575215,
        0.17652449060958683,
        0.06767070969415627,
        0.05238247329609049
    ],
    [
        0.05018254488090324,
        0.054065808473561384,
        0.1410154355276474,
        0.07410051734219952,
        0.012428849096064433,
        0.03050319624936372,
        0.016621110825265878,
        0.04101017676666597,
        0.04610130069730104,
        0.02444432533726556,
        0.025626265799538993,
        0.057880854792584514,
        0.02297702541515785,
        0.05777894747875394,
        0.10882405484301239,
        0.06667625529157453,
        0.04376406614166342,
        0.029238073982776832,
        0.09676119105869939
    ],
    [
        0.021108342210505164,
        0.021008843573906984,
        0.004686570500947658,
        0.010574798822296238,
        0.017469785108552537,
        0.004783397118791809,
        0.006635735797507918,
        0.00818510264151658,
        0.01073998714608959,
        0.003752610778277065,
        0.004556703832129733,
        0.8095549266992859,
        0.005733665976592424,
        0.016784961888054836,
        0.010910113060371396,
        0.009217758796289754,
        0.014512034954626734,
        0.005213891011982541,
        0.014570770082275253
    ],
    [
        0.04521115906569077,
        0.023729045572264167,
        0.006059757548196834,
        0.011812510653401028,
        0.002458458478207703,
        0.009271459939259366,
        0.41265711737840843,
        0.0019679233414632525,
        0.01568598332700669,
        0.01736451410724,
        0.007232960391514408,
        0.011191233118459916,
        0.26247191678357906,
        0.017385698335583667,
        0.002749327121577843,
        0.0033981643812799125,
        0.12060905900247844,
        0.01716504745161156,
        0.011578664002776958
    ],
    [
        0.03618634902263242,
        0.22634002236821416,
        0.004836070057829882,
        0.06472254494026793,
        0.003863180555718323,
        0.058305595887025385,
        0.029506379960213318,
        0.0034249011761908893,
        0.3081507874686623,
        0.010291149573552824,
        0.01476913614714302,
        0.009550084724171005,
        0.032982668322795644,
        0.012653951116998385,
        0.0040267633150747745,
        0.007419785472627002,
        0.03263521319031691,
        0.046239888370605844,
        0.0940955283299599
    ],
    [
        0.15072578974531653,
        0.03851030265846159,
        0.04155243100250344,
        0.02913146068459543,
        0.016327462139127925,
        0.03665104580501991,
        0.0262763049411866,
        0.01816751255384108,
        0.02406638947517713,
        0.019573350442511968,
        0.020575724294410326,
        0.035833746507713,
        0.020696690033412124,
        0.3394041315309041,
        0.008481812782082146,
        0.08433371176140568,
        0.032073209048866604,
        0.02493487784580308,
        0.032684046747661205
    ],
    [
        0.00400727519800628,
        0.005095472443649979,
        0.002096040333984852,
        0.009204044106578262,
        0.00025910590881970133,
        0.001531587425023713,
        0.0071965335712345264,
        0.00041342384803953107,
        0.0033064412428342026,
        0.009281696760994874,
        0.0014800556889737271,
        0.0016252041037066523,
        0.0029293130989715365,
        0.0011012565150523641,
        0.0011853834465311516,
        0.00043040755068715056,
        0.9327404006962282,
        0.01393635960725243,
        0.002179998453430801
    ],
    [
        0.41238398729206466,
        0.08258917378975146,
        0.00994955310390906,
        0.018508631273282172,
        0.0036972101026132255,
        0.010841632438893922,
        0.0916987631048852,
        0.002705917577974788,
        0.053267816447039144,
        0.008996083795319593,
        0.014251866116790383,
        0.03203046877075952,
        0.02776279019021658,
        0.09794046259591337,
        0.0030531725482036707,
        0.009478291190670606,
        0.05952150584073547,
        0.016190709582086644,
        0.045131964238890585
    ],
    [
        0.013835157114369478,
        0.031796214728179395,
        0.0208048084734238,
        0.5162412018694267,
        0.002036659958499392,
        0.1164351490852211,
        0.006240403071615108,
        0.004397894575617364,
        0.027043169326421385,
        0.019392331830508237,
        0.018362218852932894,
        0.007776659716129057,
        0.005840035281183976,
        0.006374877066648154,
        0.026476044234238855,
        0.003866061051763116,
        0.018473563716956052,
        0.12317245300858452,
        0.03143509703828154
    ],
    [
        0.15703224869977006,
        0.0952071117689712,
        0.01132373936178494,
        0.03352508412211541,
        0.0052943968292198385,
        0.05456199026091737,
        0.18757953113810374,
        0.00371938755385145,
        0.09658887912677404,
        0.020190003343703203,
        0.028208634230996774,
        0.012717304111559122,
        0.06831512844129986,
        0.05908031977504275,
        0.003414700509808753,
        0.012530385217619722,
        0.0458667594837089,
        0.05106334650914116,
        0.053781049515611794
    ],
    [
        0.07181866291380369,
        0.04642912169731404,
        0.011061601951221122,
        0.03684319995338477,
        0.0022518511659599533,
        0.5571716699729489,
        0.023995396628526466,
        0.0021315686643316395,
        0.03833996881869037,
        0.012135282889843472,
        0.018242036106133907,
        0.008133525504700473,
        0.025376210555393866,
        0.03668652823576023,
        0.0032797584590792293,
        0.0051057200052719645,
        0.016115819249742435,
        0.04138836680504425,
        0.04349371042284926
    ],
    [
        0.11119590997091452,
        0.04529846387870493,
        0.014274416112265802,
        0.02610421486184039,
        0.02302956820680181,
        0.012185709596955082,
        0.04840090010502713,
        0.008422696774505323,
        0.021438780101349107,
        0.01850107002902323,
        0.012091753946904874,
        0.43363163705305435,
        0.01657760443385252,
        0.053454136406963774,
        0.011935437895354643,
        0.011593769380759384,
        0.08868377403032066,
        0.021872856905934865,
        0.02130730030946764
    ],
    [
        0.1708285170741686,
        0.05405013323021575,
        0.0336342227471774,
        0.05152775175857726,
        0.027362149171438727,
        0.043669666979058754,
        0.04181882221261949,
        0.01032274114549241,
        0.030490632965661155,
        0.03232169275116486,
        0.02188684587134951,
        0.19044627496005245,
        0.013180971044008668,
        0.11280659632228655,
        0.016881467676297397,
        0.015588360250998082,
        0.04834704379295631,
        0.05176260302637155,
        0.033073507020105135
    ],
    [
        0.03167195438790453,
        0.002687060286364993,
        0.0019738808830180696,
        0.0014048622537766004,
        0.0006242071236839757,
        0.0017690255339078802,
        0.0017749979274193483,
        0.0003473209920878386,
        0.0016288463179314706,
        0.0007455920543812311,
        0.0008783368457762406,
        0.0047341501344545,
        0.000981898957770194,
        0.9414565533942846,
        0.00038451310655662383,
        0.0016269355380033512,
        0.001524281700493265,
        0.0010807402855735097,
        0.0027048422766119207
    ],
    [
        0.1339538285008239,
        0.06079489743509961,
        0.025358342862446776,
        0.03065875944455171,
        0.031301605916739035,
        0.026102680572517994,
        0.02500070386871233,
        0.025036519196926895,
        0.03426454078639158,
        0.011918234969786105,
        0.08707084896519116,
        0.21606305293025774,
        0.017928543301877046,
        0.12296697041341485,
        0.015569900935146066,
        0.04100453313440747,
        0.027517920598707703,
        0.020223472873804594,
        0.04726464329319743
    ],
    [
        0.01152580885303611,
        0.0012046323360367086,
        0.0006403615201338588,
        0.0005741267086681417,
        0.0003767369779636008,
        0.0008201166269876904,
        0.0007481487255210023,
        0.00019623678315146804,
        0.0006542849333750455,
        0.0002959068831291521,
        0.00039644437567152327,
        0.0018243995374782804,
        0.0005657380851053949,
        0.9767949481914612,
        0.0001545043305032846,
        0.001075744568153946,
        0.0006104229236996306,
        0.00041220403464511067,
        0.001129233605279031
    ],
    [
        0.0042732330441095125,
        0.0003341570038079643,
        0.00019466943824636378,
        0.00015579502883857028,
        8.220717293749754e-05,
        0.00021753632890519868,
        0.00022319296514220852,
        4.773404278356678e-05,
        0.00018341042521293732,
        8.0737093494883e-05,
        0.0001277662495904137,
        0.0005432858095687594,
        0.00015277543644027442,
        0.9925139884111714,
        4.1702048699360864e-05,
        0.00022591663625780843,
        0.00017041136128293795,
        0.00011511909382636555,
        0.0003163624096838249
    ],
    [
        0.0037231828676371603,
        0.0002985307259770699,
        0.00016955723060297034,
        0.00013953576088452955,
        7.05529212239866e-05,
        0.0001942796645042082,
        0.000182460920816324,
        4.187935387043088e-05,
        0.00016312170772197473,
        6.887415170676758e-05,
        0.00010880054221786368,
        0.00046988713494016586,
        0.00012677545218484957,
        0.9934684225119764,
        3.646326777332298e-05,
        0.0002040329713154199,
        0.00014581520656907067,
        0.00010040054773767072,
        0.0002874270603394745
    ],
    [
        0.12188739169174077,
        0.014181765326348536,
        0.0036369854993680653,
        0.004509532505918502,
        0.0017942422737259205,
        0.005127340223520362,
        0.004008059642132853,
        0.0012001075870032459,
        0.0075384179493552675,
        0.0014136862303255743,
        0.003812116907722489,
        0.017970895889274432,
        0.0032542674855214047,
        0.779091284006163,
        0.0010861265240944204,
        0.007194320200565455,
        0.004008168501184172,
        0.002625253740291092,
        0.015660037815744474
    ],
    [
        0.16863654086369465,
        0.05064310022839902,
        0.024539755617827615,
        0.023430247973228156,
        0.007370436193230764,
        0.013445428723251373,
        0.015984521574118078,
        0.007624329474063431,
        0.025643605382136336,
        0.007814585577761272,
        0.01238970619506017,
        0.16386281431538274,
        0.016191972271149744,
        0.33054180858885257,
        0.009431619538942589,
        0.025392696421546245,
        0.026716898799407196,
        0.010768206848331277,
        0.05957172541361673
    ],
    [
        0.043637984216630836,
        0.44931646755187965,
        0.0028583350110737483,
        0.03675391745151639,
        0.005232492283549936,
        0.03078652047004133,
        0.009037176757606374,
        0.0034686060476978786,
        0.16309828053484218,
        0.003553364710835405,
        0.007129249398060103,
        0.0185797459534576,
        0.011839971411333389,
        0.017161980713754927,
        0.0032199707110255084,
        0.010896467946794582,
        0.014504760610013214,
        0.012627727213109733,
        0.15629698100677725
    ],
    [
        0.056084996352699555,
        0.00533071757696471,
        0.0033828501180392574,
        0.00256973482837368,
        0.0014817943977826359,
        0.0033467733032771776,
        0.006300838251883957,
        0.0007234480288505216,
        0.0033003765253638863,
        0.0018789890479462207,
        0.0016242555161991316,
        0.009021129918466007,
        0.003582515248897918,
        0.8862981138148825,
        0.0007685471847214805,
        0.0031333499414662926,
        0.0041264017816774546,
        0.002266481530076628,
        0.004778686632430706
    ],
    [
        0.029157794152154776,
        0.022416761776696718,
        0.006539513945260458,
        0.010835584265775938,
        0.005509845429983557,
        0.005281670103752973,
        0.004056435849959807,
        0.004975188097959452,
        0.011280159254473043,
        0.00252027603595849,
        0.004837119178395141,
        0.7970751640253372,
        0.004248733288487369,
        0.03248975784130988,
        0.009407629126202636,
        0.010030917769530063,
        0.008690851295112129,
        0.004055391453785544,
        0.02659120710986495
    ],
    [
        0.3276053912979126,
        0.03401593702127843,
        0.02457652899266324,
        0.01780513566860554,
        0.006171884159400832,
        0.022039353234308907,
        0.055470709149871913,
        0.0040046783817637545,
        0.02485798339824871,
        0.01354152456022573,
        0.03480444983211652,
        0.02361747771736457,
        0.014577329114487452,
        0.3081925555271105,
        0.00348477831640709,
        0.014512346788991116,
        0.02282675889995988,
        0.02190333716616363,
        0.02599184077311963
    ],
    [
        0.07652410125166012,
        0.03377487224237978,
        0.08424476577041191,
        0.03695524248141568,
        0.047501997277205645,
        0.03170083448102347,
        0.0670393506562521,
        0.06515759942361465,
        0.02373612885470121,
        0.08503226980419949,
        0.04033165449476915,
        0.03830131998237612,
        0.041400935881874615,
        0.08953440861466831,
        0.01945784386388231,
        0.07676938464970758,
        0.0709461581328061,
        0.04703336021816358,
        0.024557771918888176
    ],
    [
        0.8395989656093483,
        0.03375274361856644,
        0.0019755949744291934,
        0.00762733506062917,
        0.0005653776923053067,
        0.01314762559433334,
        0.012598265688620389,
        0.00042569898453701736,
        0.011883443371935044,
        0.001971094924937313,
        0.00453299457767145,
        0.005744698319777411,
        0.006868098249670432,
        0.02928968816709866,
        0.0006167540530817492,
        0.0011403527276564434,
        0.008123163002527274,
        0.006394546530851823,
        0.013743558852022998
    ],
    [
        0.0037365424008879967,
        0.016462599991992715,
        0.003539507421005994,
        0.8739998444471706,
        0.0004700244412209799,
        0.012666263033752264,
        0.001597361138568281,
        0.001176425183994445,
        0.015020019211414824,
        0.0036368955780290316,
        0.005316565732977245,
        0.0017811617341869019,
        0.0014320309893185708,
        0.001413473641955407,
        0.004008969343261572,
        0.0011936367033698644,
        0.006349984271849585,
        0.03206936736276569,
        0.014129327372277881
    ],
    [
        0.04662461913328466,
        0.021311106985290023,
        0.3687166967140956,
        0.046005692661550246,
        0.0062141280296704685,
        0.027149339433273585,
        0.033365393251240126,
        0.012284919737911182,
        0.015440329235727851,
        0.11904550277253928,
        0.06858081584007308,
        0.01825733591223132,
        0.014183472151234005,
        0.029544566519303716,
        0.0173441320700852,
        0.011218761256353994,
        0.05166102998390377,
        0.07677266446162927,
        0.016279493850602633
    ],
    [
        0.022170393380169753,
        0.028834745795718746,
        0.002199075485933221,
        0.016830694888217923,
        0.0008390106135253893,
        0.837800514211886,
        0.004645526442839263,
        0.0007968970921154524,
        0.016188953590093712,
        0.0023106232971723995,
        0.01119125599813952,
        0.0033595813634948657,
        0.00601055077609181,
        0.008145623302015223,
        0.0011289141478042681,
        0.001615434539462401,
        0.004087056978225774,
        0.011069532103054067,
        0.020775615994040385
    ],
    [
        0.008424862785666572,
        0.007404129961485603,
        0.0037724595500181384,
        0.009037443169818549,
        0.0006593805279411859,
        0.0025309343809807217,
        0.037965296844352965,
        0.0008556742141474193,
        0.004930367374637596,
        0.023298599485928117,
        0.00308429639579104,
        0.0032799948654637836,
        0.008648142586531307,
        0.002547561730367434,
        0.0017647765967682349,
        0.0009149475808006775,
        0.85968391687155,
        0.017982450319526264,
        0.0032147647582243728
    ],
    [
        0.006934607020532899,
        0.02440937204451309,
        0.0018718169434865774,
        0.07768390906274472,
        0.0006277046424952391,
        0.802143393623803,
        0.002918798266661643,
        0.000863398439207845,
        0.013577444215707718,
        0.003327312787676807,
        0.006207014538137727,
        0.002099951321112655,
        0.004044262282340967,
        0.002372958198413714,
        0.0017511585228282664,
        0.0010639763744068464,
        0.005569022726435802,
        0.029562018912851935,
        0.012971880076642602
    ],
    [
        0.08765807131539428,
        0.04145102206157602,
        0.07309959497330074,
        0.03848238922986986,
        0.010650455006916294,
        0.04323731536315105,
        0.048181913318740714,
        0.018957340703494228,
        0.02846271321973615,
        0.032217820036161283,
        0.263109479446757,
        0.034406837015416566,
        0.05409267765167796,
        0.07067010994962408,
        0.016414450125520966,
        0.023103051615231143,
        0.042294988390257166,
        0.03787585943470801,
        0.035633911142466446
    ],
    [
        0.06793782041989613,
        0.03855331432606304,
        0.042772228000388844,
        0.06390544160434261,
        0.007519120616813091,
        0.020976044121611633,
        0.04244710621978132,
        0.009790306803144841,
        0.018903359136337627,
        0.07274273429592475,
        0.014838190771127286,
        0.09033272396911236,
        0.023700206427767247,
        0.028744045815546352,
        0.036273224732057296,
        0.007619472574374193,
        0.3342585637693438,
        0.058342400152662496,
        0.02034369624370503
    ],
    [
        0.02104493916013131,
        0.01464534178515939,
        0.0036928220261315185,
        0.007778487062541396,
        0.0011109692407940434,
        0.012624582984011049,
        0.03203834085821264,
        0.001311116720918724,
        0.009257963755826623,
        0.005718948494321555,
        0.012052248298489703,
        0.005235044114533106,
        0.8255155865523397,
        0.009435561644661238,
        0.0018302512428224585,
        0.0018994919289520027,
        0.017028242243570826,
        0.008649775702873551,
        0.009130286183709159
    ],
    [
        0.014257377336607069,
        0.007952121587983713,
        0.010629894349962152,
        0.011631339498877145,
        0.0009739488365798379,
        0.003899122550789945,
        0.05321665690621022,
        0.0012994673742784573,
        0.005247518012922595,
        0.07422857694981473,
        0.003923560258299943,
        0.005266710651969698,
        0.01142940949650055,
        0.005071738272565181,
        0.002965823431077841,
        0.001404438162067625,
        0.7576195082746539,
        0.024888749483890218,
        0.004094038564949246
    ],
    [
        0.025928822495305478,
        0.027283216706444013,
        0.025614630680619387,
        0.120286934416211,
        0.0017824259987965034,
        0.14147485870671403,
        0.01705142011747446,
        0.0024614374493300895,
        0.024239440035019058,
        0.0419725049956697,
        0.04040679267036117,
        0.006182570444406759,
        0.007764294778184578,
        0.009522461481571836,
        0.006179240644800169,
        0.003062594888655915,
        0.02327070795386321,
        0.4558028927260259,
        0.01971275281054674
    ],
    [
        0.01933065321763146,
        0.027410430803934085,
        0.020696631807003114,
        0.04535108782305188,
        0.003530895027132638,
        0.04719107753343562,
        0.010668228794292191,
        0.008418784736604611,
        0.025673473659716648,
        0.012998974357286969,
        0.6532258013777744,
        0.00841810272425636,
        0.010503077243353488,
        0.010506010652890042,
        0.010123113098617837,
        0.008093207903744551,
        0.013666198679075266,
        0.037767601251996914,
        0.02642664930820191
    ],
    [
        0.15976078290987697,
        0.0056293514132195206,
        0.0062885016634425485,
        0.0034317122564533203,
        0.0010220320889897624,
        0.00410133839823271,
        0.00979110325044515,
        0.0006866638159208023,
        0.0031949727692883946,
        0.003132157194242936,
        0.0023871835876964906,
        0.005970842406042941,
        0.003559458928389481,
        0.7734756773903794,
        0.0007101502334292483,
        0.0025807415667660444,
        0.006375886721205852,
        0.0036932073900004365,
        0.004208236015977924
    ],
    [
        0.028087099308580794,
        0.18203752954617247,
        0.007010959101264065,
        0.06442469645214945,
        0.003816271611294945,
        0.059370381147485156,
        0.010711252248546223,
        0.007885244379225399,
        0.13917296704174356,
        0.006209959281908683,
        0.02867147183803784,
        0.014721158793493538,
        0.0625023245035528,
        0.014775665815387232,
        0.0103282794043809,
        0.013561699171983011,
        0.02037906578420596,
        0.017994585822313655,
        0.3083393887482743
    ],
    [
        0.17659820951672744,
        0.023740684322011363,
        0.009547937962431842,
        0.01135378249260469,
        0.005573363880195966,
        0.016136971812157896,
        0.03006374386836728,
        0.002807654273630745,
        0.013389761894044509,
        0.00813420592255625,
        0.0061684487112070065,
        0.021761816529748432,
        0.019136284990612925,
        0.5969992514574638,
        0.0025079998344019936,
        0.01085515390185193,
        0.017060751948306613,
        0.010024404413360798,
        0.018139572268318666
    ],
    [
        0.07447466506548849,
        0.027103325778452047,
        0.2895577874399562,
        0.04064450997213623,
        0.012965535702531285,
        0.02681111471182313,
        0.0479650314165062,
        0.018601712308331384,
        0.019757339237464103,
        0.08987677761154708,
        0.061757800507849084,
        0.03396501721888491,
        0.017939514720452073,
        0.06223917640399589,
        0.019499756947436605,
        0.021226746090728606,
        0.0566673751977065,
        0.05763223147337038,
        0.021314582195339767
    ]
]