[
    [
        0.030583988798024462,
        0.012467824841436832,
        0.01134253650280421,
        0.00969198628780824,
        0.03498834305136962,
        0.009156660751601705,
        0.01500907806680264,
        0.001240433550051278,
        0.005284693352954693,
        0.030222177876179042,
        0.15819719505810545,
        0.0060471031869469795,
        0.08122875363112707,
        0.016239447998210817,
        0.07568120797970733,
        0.13929332858896148,
        0.014452090037901981,
        0.30801118790498716,
        0.04086196253501902
    ],
    [
        0.0026593511727537166,
        0.0015226692393171951,
        0.0024027976714451806,
        0.0036375325446478834,
        0.012536861438681888,
        0.0007796143845163769,
        0.0023518118310671466,
        0.0002530984917111556,
        0.0010898803882329541,
        0.012276867436623207,
        0.014141324083439448,
        0.0008277521020241894,
        0.007961865971777596,
        0.005969496786679599,
        0.01956758543062768,
        0.8390843953943471,
        0.006635771295873266,
        0.0626009039402691,
        0.003700420395965283
    ],
    [
        0.010857361518672642,
        0.002112357059541472,
        0.003983775410250308,
        0.912096503586873,
        0.01311887200300379,
        0.0021656353116609323,
        0.0019065390029324282,
        0.00144753836581382,
        0.0021028496646624366,
        0.0036911479205695642,
        0.0036365948378593973,
        0.0009387666807915141,
        0.004018147039611692,
        0.005183959657043571,
        0.003543211728637285,
        0.011666931169108705,
        0.008660513075034768,
        0.0052888716087362035,
        0.003580424359196546
    ],
    [
        0.0010407046586989248,
        0.0002296755354316462,
        0.0009017333219892257,
        0.0015767113581313325,
        0.010408660673051044,
        0.00019588818600556627,
        0.00042951293682557415,
        6.55770178764987e-05,
        0.00019777045581410768,
        0.002335008648673937,
        0.0017119583810200631,
        0.0001647324974391647,
        0.0014504952531342204,
        0.0021134824745521075,
        0.0022161836823336167,
        0.9600680677169533,
        0.005068627459304444,
        0.008952615712621527,
        0.0008725940301436362
    ],
    [
        0.01586388388707083,
        0.0018522050861771251,
        0.013937623522592943,
        0.005707442959408255,
        0.8503699851423631,
        0.0010883052525110983,
        0.002438741749866747,
        0.00033340804670588465,
        0.0014803164488802608,
        0.015620775297563855,
        0.0046169009859613,
        0.0006493006005774326,
        0.003433030604826846,
        0.012553696646319126,
        0.0032347130898899676,
        0.02117835896838954,
        0.030689152617097284,
        0.012154563145759356,
        0.0027975959480394394
    ],
    [
        0.0022149740576075634,
        0.001676936937760762,
        0.001095888965317358,
        0.0006695725746607253,
        0.0012236521163679786,
        0.01629000650412479,
        0.004958063566474622,
        0.0014680990355494525,
        0.0012939758902763465,
        0.0010342311987117016,
        0.00793136494422268,
        0.9088548686160112,
        0.01154920774990338,
        0.0015331043854727336,
        0.008452585827832457,
        0.0021827878527023313,
        0.0011561269351897596,
        0.0049460433350453446,
        0.021468509506768943
    ],
    [
        0.01985991188192351,
        0.002985841951818224,
        0.11437786091889524,
        0.008639154439175942,
        0.16847199910700683,
        0.004590765568788157,
        0.006899529290820276,
        0.0015651578067756979,
        0.0033516817091195903,
        0.06309119587002184,
        0.011618713547761454,
        0.003859455103663646,
        0.01023226605285145,
        0.04003613505629225,
        0.010893186850532989,
        0.047292288048248074,
        0.4405783679899869,
        0.030689864066951775,
        0.010966624739366134
    ],
    [
        0.00698016000575043,
        0.013878749235648314,
        0.003039179035295491,
        0.002245892401465485,
        0.007543862305197918,
        0.00555184877026477,
        0.022978592316523723,
        0.0007824619248424318,
        0.006412521831044697,
        0.007033747998811192,
        0.5165793936430373,
        0.007661131283802211,
        0.07138622628368792,
        0.006853561299534173,
        0.11422442905684597,
        0.020908889499332443,
        0.003723556988540791,
        0.14203535378497315,
        0.040180442335401606
    ],
    [
        0.046398778196003965,
        0.11464112082458643,
        0.01084306082532509,
        0.011672545752621005,
        0.017878176273793723,
        0.04572665465742223,
        0.06651493812032307,
        0.006111233099055694,
        0.013111328574077475,
        0.014634850916239318,
        0.12493380146055534,
        0.06764894462825216,
        0.15591561522451758,
        0.016224040385990943,
        0.10103772343372255,
        0.03780854044826777,
        0.009903281201478977,
        0.07051619518979285,
        0.06847917078797393
    ],
    [
        0.005712164289259926,
        0.0028188173895597347,
        0.000690321382905775,
        0.001292413142792206,
        0.0025507240820629397,
        0.004585201406897084,
        0.014300640900103226,
        0.0003477912464708688,
        0.00087103954405037,
        0.0008255146293443144,
        0.06534465500191539,
        0.004701103483172213,
        0.6450094789635454,
        0.0032390476568406085,
        0.048791861813726155,
        0.006620700740779046,
        0.0011761062472257834,
        0.024602143641859742,
        0.16652027443748918
    ],
    [
        0.04164474709226743,
        0.019935524181050372,
        0.031345533276133986,
        0.08383687084731306,
        0.08471605697320839,
        0.02742597999728619,
        0.03206586303778624,
        0.05541826499299523,
        0.1323054944392901,
        0.026070964298058535,
        0.04265180338013918,
        0.01914048606634883,
        0.041840488331776934,
        0.05857381789601022,
        0.045611772171802685,
        0.0628290125035655,
        0.08237463700040322,
        0.05543054161433949,
        0.05678214190022444
    ],
    [
        0.0074512340269071295,
        0.0008903639335781312,
        0.034819647116558626,
        0.004456724507126012,
        0.06575636204804604,
        0.001942507915058198,
        0.0023312261220945958,
        0.000677481231805076,
        0.001115709849451499,
        0.013689658738143979,
        0.00403747946733204,
        0.0014436506723051377,
        0.0039752143956782214,
        0.018432131283109564,
        0.003992704483463972,
        0.018188211266430436,
        0.8018264100596858,
        0.010024418747966914,
        0.004948864135258622
    ],
    [
        0.004736713675383277,
        0.0013726788312277134,
        0.0010234738062429533,
        0.0008003971175650465,
        0.000942172130117698,
        0.9383196469746429,
        0.0018662127525485095,
        0.002093250933907283,
        0.0008304152042729412,
        0.0006482500387623496,
        0.003316823867402097,
        0.01871974943085918,
        0.005289015749498248,
        0.0008398230475524286,
        0.0025184111248822156,
        0.0012270158740665979,
        0.0008114007675981417,
        0.0022148594167583514,
        0.012429689256712341
    ],
    [
        0.05010530227815117,
        0.029820661517000604,
        0.011561669719474633,
        0.02472261981148404,
        0.024452343696505008,
        0.05819613201458226,
        0.03834439873275836,
        0.009405920160323801,
        0.01349287587745724,
        0.013218280310433306,
        0.10127791262545065,
        0.04118613582940091,
        0.1947323876103089,
        0.0204655286708143,
        0.10661555201606351,
        0.059545831536365806,
        0.015480666595813816,
        0.07436870305906002,
        0.11300707793855162
    ],
    [
        0.004997500654074382,
        0.8606071771107583,
        0.0015227126266401248,
        0.0015665443102858391,
        0.002965501294538411,
        0.00320159291375904,
        0.011086129062428642,
        0.0006903770161755573,
        0.009408540883300773,
        0.0030894035395572336,
        0.03753488799061834,
        0.0036679417220574343,
        0.014187595427756366,
        0.0021888948182524066,
        0.015587680853767176,
        0.005539266552996826,
        0.0013018908915969787,
        0.014257782478891498,
        0.006598579852544564
    ],
    [
        0.00041531699000616114,
        0.0007845111707447577,
        9.64321748654865e-05,
        0.00011380096270114293,
        0.0004018014716549123,
        0.00022584970789608856,
        0.003272865930420396,
        2.914520895208212e-05,
        0.00019933787965047015,
        0.00018484478725935296,
        0.9087752268388435,
        0.000362106677067797,
        0.02774555553163383,
        0.000446935888073154,
        0.033278159389604496,
        0.0013849181215181184,
        0.0001514927692843595,
        0.018515824553834156,
        0.003615873945989903
    ],
    [
        0.004357340843273868,
        0.002162239284903332,
        0.0006408534948278402,
        0.0008577157898980275,
        0.001867681101490184,
        0.004096576962281818,
        0.015558947993963786,
        0.0002508502609108337,
        0.0005139585143828572,
        0.0008168896801892614,
        0.050471263828522475,
        0.0075721991138342675,
        0.7224598941244199,
        0.003001740597769337,
        0.04713540324064103,
        0.005179667383266078,
        0.000986477989814362,
        0.021979848382776702,
        0.11009045141283419
    ],
    [
        0.016639183909939542,
        0.045255314358718525,
        0.0058849191355704305,
        0.004099048310272412,
        0.01388903885002031,
        0.01372946740055174,
        0.2693238261434363,
        0.0017240503406290891,
        0.008879936648355924,
        0.009915241024874906,
        0.18586389676060786,
        0.03163581327158532,
        0.10520156779845093,
        0.02366841649595928,
        0.08729844765184508,
        0.0196599058656601,
        0.006911085132632583,
        0.08098635477781356,
        0.06943448612307612
    ],
    [
        0.010260051550437832,
        0.0007608728008831723,
        0.8942907117904578,
        0.0029239661946531908,
        0.011092461843496075,
        0.001672894781484957,
        0.0007656379313617423,
        0.00043767664641669276,
        0.0006314646468506575,
        0.03685675960765587,
        0.0021306722321740175,
        0.0007401610141052593,
        0.0017778393988773125,
        0.0019930306058744407,
        0.0016381697054652956,
        0.007471616654412362,
        0.018652443009093023,
        0.004124535159174279,
        0.001779034427126053
    ],
    [
        0.002877818154664119,
        0.00035718457273135385,
        0.004066444048668219,
        0.0018190187011434035,
        0.900869576360345,
        0.0003274958622554705,
        0.0007975232012371413,
        9.41774783868174e-05,
        0.00032179786938865945,
        0.005108273194130603,
        0.001719469066719327,
        0.0002268493191104218,
        0.0013611884853996893,
        0.009692461049847898,
        0.0014030113635250963,
        0.015652835291403877,
        0.04655717023271349,
        0.005577146910131313,
        0.001170558838198375
    ],
    [
        0.016200969929530143,
        0.02380838727483901,
        0.012556114233726134,
        0.010585230760616071,
        0.017441584022674057,
        0.014991060445471162,
        0.020757647266785445,
        0.004742081654120946,
        0.016841986304709865,
        0.03633361910365543,
        0.15459555840020978,
        0.026535431946876513,
        0.08041496437758913,
        0.01285899891897125,
        0.21982422376309696,
        0.1013995684579249,
        0.01369098866695025,
        0.1728545823442986,
        0.04356700212795437
    ],
    [
        0.020450411435601182,
        0.007636096279049611,
        0.11023515619449639,
        0.007212820890520734,
        0.04418869763260827,
        0.0039009983105266727,
        0.005023598456376493,
        0.0012656480443340688,
        0.004914214049997496,
        0.6635892910631405,
        0.012721717776182924,
        0.002803476839549574,
        0.007798793570791721,
        0.009351012763178504,
        0.008925539270439964,
        0.03279659369771566,
        0.02683399521894398,
        0.024510346927412083,
        0.005841591579134279
    ],
    [
        0.011483229674852305,
        0.004802051543476796,
        0.006525396438271205,
        0.008250799255485101,
        0.030673984750914637,
        0.0029335670015081276,
        0.007969081092801008,
        0.0006864705224552119,
        0.003108227354572644,
        0.02177331800071644,
        0.0720148927034639,
        0.0027526309969527762,
        0.03200116764668331,
        0.015818586556415524,
        0.06389156587350511,
        0.3446441867134682,
        0.014243208858154574,
        0.3392883033089488,
        0.017139331707354204
    ],
    [
        0.018872234866405005,
        0.004817413366718297,
        0.01413561520651717,
        0.5832270858596753,
        0.06286652165391995,
        0.005635300778904804,
        0.009079786494320579,
        0.0040219389395523475,
        0.004890698087726638,
        0.015400248545487372,
        0.011811434306878551,
        0.0038811999729630245,
        0.01451780887887814,
        0.06606290903313462,
        0.014877515532304203,
        0.05335075353940366,
        0.07808471380358548,
        0.020808470859186506,
        0.013658350274438312
    ],
    [
        0.017006992476034363,
        0.0030657733828367882,
        0.00411426707595316,
        0.003857629249283815,
        0.004243009141492351,
        0.6891740787467912,
        0.006568912624299117,
        0.005973655478117234,
        0.0022150597592701976,
        0.0026576797406112572,
        0.014576135597941327,
        0.0724473265870235,
        0.030053623569608733,
        0.004206292470665327,
        0.013797734897505005,
        0.006837523874343538,
        0.00433663012253272,
        0.01170830248754465,
        0.10315937271814565
    ],
    [
        0.007573157048768604,
        0.002478674409591536,
        0.001362789271102762,
        0.001845440111415757,
        0.0032623046171511225,
        0.027528519765621037,
        0.01267865472520168,
        0.001307207602398447,
        0.0017983942720604792,
        0.0011819034789994855,
        0.021366734832748212,
        0.0183178217551353,
        0.05825874513747037,
        0.004543678256103769,
        0.01771730106480668,
        0.004798262156584145,
        0.002230024689406643,
        0.012980807875029272,
        0.7987695789304047
    ],
    [
        0.058957448028226105,
        0.02362927595322087,
        0.07115668021945122,
        0.057128761608132635,
        0.11875749507803472,
        0.02218867623208157,
        0.033628166027235305,
        0.021360983765253003,
        0.035397645833350914,
        0.056164423818287956,
        0.03838494395572532,
        0.021106625786014053,
        0.03742122868373649,
        0.06960414217203728,
        0.04145631644732605,
        0.07955544242887011,
        0.11743400538318734,
        0.060230880899153336,
        0.03643685768067566
    ],
    [
        0.01034886149207929,
        0.007142861260605309,
        0.0030222304977286047,
        0.0041146030244616485,
        0.006247154801230092,
        0.021105257763116773,
        0.026967291322712486,
        0.002559847926344589,
        0.004636086343040761,
        0.004010834805705607,
        0.10117191545166727,
        0.06200483560737559,
        0.18312184093538977,
        0.009107627706639051,
        0.1661797089997352,
        0.01822693790420401,
        0.004735933459181508,
        0.06821520613973146,
        0.297080964559051
    ],
    [
        0.079381698238316,
        0.011754398682652984,
        0.014249201250034477,
        0.011551919296028395,
        0.11773456260061323,
        0.012490190848332892,
        0.09400457430332747,
        0.001704449987961604,
        0.004835425939541128,
        0.012478386896431748,
        0.052217554363428426,
        0.01027485948973203,
        0.06847303587867495,
        0.2575639075594816,
        0.03505819037427931,
        0.04092249798520451,
        0.032775537400495755,
        0.07529131170420757,
        0.06723829720125585
    ],
    [
        0.0157978087785456,
        0.0035345589845719957,
        0.06183567597724491,
        0.01578347365113226,
        0.12154850272998828,
        0.002580413807109637,
        0.004287368180718067,
        0.0008444040553134871,
        0.002455557232684159,
        0.4823716305000414,
        0.011515208314101263,
        0.001868376407927583,
        0.008112938439188396,
        0.020607546962899567,
        0.009884284548018984,
        0.10470540913429988,
        0.0956458760119877,
        0.030636396019850902,
        0.00598457026437592
    ],
    [
        0.011134383817971097,
        0.011747948445981659,
        0.00409714761621991,
        0.008672705229430153,
        0.0123372657062401,
        0.015605929493003715,
        0.07145912902699483,
        0.0035052930728841697,
        0.006798272879034158,
        0.0059763024813691695,
        0.09178504277504221,
        0.038572034991952525,
        0.23531983819318356,
        0.025798512539655136,
        0.21112993394970048,
        0.035654082219097265,
        0.008667499316243079,
        0.0639143490282014,
        0.13782432921779544
    ],
    [
        0.006956271675539278,
        0.002154140402664918,
        0.007783788875629839,
        0.009196995194429037,
        0.21922103098196236,
        0.0015142303893048838,
        0.008049572713841196,
        0.0005610162626622645,
        0.0019665419398498325,
        0.013748498816901048,
        0.009150433777949314,
        0.0014931915531554497,
        0.008087900575734178,
        0.5334909398317422,
        0.009759861246344636,
        0.04886509895309688,
        0.08694418258754164,
        0.0243946247725816,
        0.006661679449069422
    ],
    [
        0.0035201965940972186,
        0.001703024126065416,
        0.0021590217782834664,
        0.004593299951804157,
        0.022858999322828415,
        0.001197436191616531,
        0.01282042398127437,
        0.0004598612284839701,
        0.001428048608562906,
        0.002987701562339724,
        0.006283812422820537,
        0.0014496834308858103,
        0.007116193397457006,
        0.8824805895851374,
        0.007628096165621116,
        0.011859642062697687,
        0.01203898301276777,
        0.011003848361654738,
        0.006411138215601788
    ],
    [
        0.0018943779221806416,
        0.003309751429987017,
        0.00041414806664831684,
        0.0005325658743087858,
        0.0016683748958328333,
        0.001514673873931864,
        0.8632020135410132,
        0.00018816570780015433,
        0.0008605416719641264,
        0.0005682015346637782,
        0.027105684334931462,
        0.003276306782116029,
        0.036713775631731636,
        0.004640662625126884,
        0.016451258397244286,
        0.002270509477861313,
        0.0007217391997044093,
        0.009933061117146246,
        0.024734187915807143
    ],
    [
        0.04603107863334847,
        0.3972472475417451,
        0.012381335534742683,
        0.014396436188465407,
        0.030043856266886333,
        0.021525368450818413,
        0.10121441980478335,
        0.006223402397945355,
        0.05286691967576173,
        0.01529794651839678,
        0.06164611402565053,
        0.01856539685038111,
        0.04764046235686607,
        0.026836904070993844,
        0.03651860059774627,
        0.023451340207564158,
        0.012226502441223029,
        0.04107334892532999,
        0.0348133195113512
    ],
    [
        0.03291376699301711,
        0.41442802882072305,
        0.005025261014281757,
        0.0043220766110064306,
        0.009724551332905897,
        0.01773152173527702,
        0.040448811040478705,
        0.0018335246278030673,
        0.009421650832081354,
        0.008024606066340626,
        0.15576179049049207,
        0.01827877629610689,
        0.09581457178316612,
        0.006815718260737629,
        0.05853806845997608,
        0.019065835474244647,
        0.0040117403520426595,
        0.06317930711426287,
        0.03466039269505599
    ],
    [
        0.002804565698955348,
        0.0034244012682569675,
        0.0010572464681459426,
        0.0028215570460186023,
        0.004021392038002852,
        0.001975909166377663,
        0.009936762391518191,
        0.00047433175428996717,
        0.0019849602554470823,
        0.002454182092777294,
        0.11450596802771545,
        0.003111285328123482,
        0.07689847979887407,
        0.005989132531074227,
        0.6064656468990767,
        0.03237515657064645,
        0.002341926412197114,
        0.10184496964741269,
        0.025512126605089926
    ],
    [
        0.02568019995202023,
        0.021482314387989913,
        0.00668771150622752,
        0.011717998444418563,
        0.03554227925347015,
        0.011091710040342213,
        0.38929653544561976,
        0.0025992839584823325,
        0.008217592926019385,
        0.00761083811766072,
        0.04403182774122486,
        0.014453588569225975,
        0.061602031587747574,
        0.18564477904748658,
        0.039801739340132744,
        0.023307493525426028,
        0.014917931333770045,
        0.04177728041768936,
        0.05453686440504606
    ],
    [
        0.003330264177312586,
        0.0031679176885068077,
        0.0007596224444489534,
        0.000959555958514951,
        0.0020340207046465127,
        0.008694697680665059,
        0.04361352123937078,
        0.0007459878708450551,
        0.0017331975488640216,
        0.0008478102804647387,
        0.0434128593223661,
        0.044076843549219785,
        0.15584497106823858,
        0.0036635298138044726,
        0.04734840069448474,
        0.003891760952372419,
        0.0012536480875574188,
        0.015132352959442423,
        0.6194890379588747
    ],
    [
        0.0020904634327593187,
        0.012013699616595685,
        0.000986728244228711,
        0.0019483326379745934,
        0.0021220566858802642,
        0.0019359844143716548,
        0.00390885042638733,
        0.002068187062975576,
        0.9418533301311097,
        0.0014232210736327528,
        0.005943455808427215,
        0.0017826525830063305,
        0.003927633475601602,
        0.001652694829775929,
        0.004790117673428459,
        0.0027287439932423335,
        0.0012107146954254266,
        0.004131822179754419,
        0.003481311035422974
    ],
    [
        0.048858728822988265,
        0.0049898837511502606,
        0.1678194694677045,
        0.03836377718753488,
        0.29174901438655665,
        0.004102764575873609,
        0.0047238356945635595,
        0.0015970852691993918,
        0.003936333327814986,
        0.14543426852917268,
        0.010099438211569096,
        0.002216974054542802,
        0.008369416669781573,
        0.019662819675009657,
        0.008287807153596387,
        0.06582858137487681,
        0.14321944538743858,
        0.023901195082766474,
        0.006839161377859871
    ],
    [
        0.005866301674445311,
        0.8967773406906742,
        0.001246253174308708,
        0.002216475524741494,
        0.0027750324099708795,
        0.003426043703199235,
        0.010570149600754855,
        0.0008434279635359599,
        0.006178147561849922,
        0.002101405337530545,
        0.017921056514005523,
        0.003200883641722221,
        0.012835677703243906,
        0.002249969087799286,
        0.010811097274015294,
        0.004693958079208337,
        0.0011958929675415018,
        0.009121289105079809,
        0.00596959798637295
    ],
    [
        0.08739077356487765,
        0.03211893132238962,
        0.01690364475431098,
        0.021396474213191893,
        0.11869410850074588,
        0.01358077625697711,
        0.12225766131631248,
        0.002766593797542352,
        0.008873962975474397,
        0.019254223634237202,
        0.05073072917672549,
        0.011417300837894011,
        0.06078335652917709,
        0.19791719608793437,
        0.03851465821127256,
        0.0483768158113007,
        0.0310657939835982,
        0.07310530797243132,
        0.04485169105360669
    ],
    [
        0.2787216218527044,
        0.009145882099016402,
        0.06790442727741218,
        0.23089899505946462,
        0.07118745495290243,
        0.031129952056649403,
        0.008558189228657236,
        0.011359120316283722,
        0.007937463878432242,
        0.025180995170835063,
        0.019146741654260772,
        0.0077276444621410395,
        0.02338451715757718,
        0.018874599955864817,
        0.016514331831377675,
        0.052248122917511075,
        0.06506527451276649,
        0.029088725227069408,
        0.025925940389073882
    ],
    [
        0.0012335499287535413,
        0.005738013395791427,
        0.00027511712677066126,
        0.0004430837329555809,
        0.0010298634019835602,
        0.001025372152474095,
        0.9239087038237822,
        0.0001798227073438128,
        0.0009194409623042626,
        0.00040489605155601767,
        0.013490007125967126,
        0.0026110688365630747,
        0.018975442360148274,
        0.002448645905569253,
        0.011574830942111548,
        0.0015642141855459878,
        0.0004486337400542755,
        0.005370039835741558,
        0.008359253784583758
    ],
    [
        0.007810225975238461,
        0.0242837377106069,
        0.003283040837730293,
        0.002846310932908097,
        0.012135516462068795,
        0.004795546462674428,
        0.5223156784768257,
        0.0009956976643731644,
        0.006657770272914072,
        0.00638537593923336,
        0.10104141328693925,
        0.012476144372290844,
        0.062408709437725834,
        0.028633527040162813,
        0.07967196435270417,
        0.017753484998323153,
        0.005309696832339013,
        0.06948102997338743,
        0.03171512897155433
    ],
    [
        0.032312023227577556,
        0.006851157863260405,
        0.06917565292762036,
        0.047318593012641755,
        0.1774903606830914,
        0.005824341454745397,
        0.009523063041093804,
        0.0025167030074018967,
        0.005347106769910648,
        0.151587068205085,
        0.018148791938403467,
        0.004447138319702645,
        0.016309829270150022,
        0.05025887793437623,
        0.01916063196554375,
        0.14125547293488191,
        0.18004208903083804,
        0.049487218760063977,
        0.012943879653611772
    ],
    [
        0.021197184138202256,
        0.004422252863931502,
        0.003100939135095931,
        0.0021245953781429652,
        0.0026456110809132726,
        0.8822976629959838,
        0.003741063819629639,
        0.0036971523067180494,
        0.002135269790357701,
        0.0019077993332083656,
        0.007863507184851704,
        0.016916432970737902,
        0.011585180365376258,
        0.0017954465633626682,
        0.005281551673313119,
        0.003277308987842732,
        0.0019789181392554952,
        0.00568721120928224,
        0.01834491206379412
    ],
    [
        0.009141697008339559,
        0.765530878611173,
        0.0024699879379831316,
        0.003579693336430748,
        0.005405766963267814,
        0.0076653926907927295,
        0.04128609114161223,
        0.0021453777873581426,
        0.021503112675076316,
        0.003886933432070122,
        0.03453556179563257,
        0.009767261121539226,
        0.024219386386710798,
        0.005692373882418548,
        0.021654123449531916,
        0.007436533607026342,
        0.002534941333251572,
        0.01680073826649735,
        0.014744148573287964
    ],
    [
        0.01823926065737233,
        0.425607877851937,
        0.0048391823306523345,
        0.005430667678306699,
        0.01083382260391822,
        0.011274023517712698,
        0.061439866490140264,
        0.002045124522133266,
        0.018887727965141217,
        0.009990220838035031,
        0.14897899290798244,
        0.014672809852488707,
        0.06753851922687375,
        0.010289035117618198,
        0.06801732019351914,
        0.019875436228909655,
        0.0047578515071735475,
        0.06642777896188165,
        0.03085448154820391
    ],
    [
        0.010526460204328698,
        0.002303339147550717,
        0.0033100273718960744,
        0.9194020876566399,
        0.010733239595035438,
        0.002124278012166275,
        0.0020267217698731947,
        0.0013844461087077565,
        0.0018319130579196646,
        0.0032953085287237087,
        0.0034838833842682215,
        0.0009667093946257908,
        0.004088928045468174,
        0.0051924235817460505,
        0.003533733206274127,
        0.010469025581943597,
        0.006818812474189494,
        0.0050427396075443335,
        0.0034659232710987087
    ],
    [
        0.029338777540784542,
        0.004108927173423769,
        0.003859029581502834,
        0.0025208540150475777,
        0.003298051450505134,
        0.8539279804162604,
        0.004099618195236248,
        0.004735401165716859,
        0.0022466319290448643,
        0.0020358129685626994,
        0.009016124608002062,
        0.02223568119092751,
        0.014095983986369305,
        0.002091483822116875,
        0.0063827579770848455,
        0.004149154221181973,
        0.0025451515350697605,
        0.0066006941706475575,
        0.022711884052515483
    ],
    [
        0.006506509446864298,
        0.011530938098814197,
        0.003872688511979668,
        0.002372036903270625,
        0.007284723969476324,
        0.005319636870606437,
        0.014369614966867431,
        0.0009251966367831093,
        0.005344071180680424,
        0.010608711759275578,
        0.36965734628356245,
        0.010643252636482158,
        0.07111725573204268,
        0.005493627109890216,
        0.22695685775726768,
        0.03858846450130348,
        0.004279679987620295,
        0.17877428313631466,
        0.026355104510898238
    ],
    [
        0.002066880990557368,
        0.0002824232847521175,
        0.015727872142789364,
        0.003145037278181726,
        0.019936450250813007,
        0.0005170170112422852,
        0.0005151878673774464,
        0.00025533872238629876,
        0.0004088609119078613,
        0.0074944516912346364,
        0.0010978241825235148,
        0.00033738958028549544,
        0.0010074314081574202,
        0.003495145896390115,
        0.001120005738001783,
        0.008050895107341463,
        0.9308177024476263,
        0.0026201206118163164,
        0.0011039648766155454
    ],
    [
        0.008066828252872341,
        0.002314227748966444,
        0.13894765731430653,
        0.005666740101644759,
        0.04592370933303274,
        0.0023016342314014647,
        0.002847651820881329,
        0.0009514863500721476,
        0.002975904023257231,
        0.620264487496063,
        0.00754453192499003,
        0.0018244692606368973,
        0.004887457632081183,
        0.009288010286744907,
        0.006369080813436698,
        0.03381097845788694,
        0.08478570151385287,
        0.0168439640340578,
        0.004385479403814689
    ],
    [
        0.8244663926697403,
        0.009386762093667641,
        0.016145732010689754,
        0.00518822422957856,
        0.015306243326424579,
        0.02176953278319369,
        0.007213972235614335,
        0.0014871309248469203,
        0.002336882982489578,
        0.007499140957220899,
        0.012366517231575912,
        0.005678398377256589,
        0.01423564824716483,
        0.00600630995329745,
        0.007067980565498703,
        0.009694858223370685,
        0.006952334204685528,
        0.013945565563765574,
        0.013252373419918148
    ],
    [
        0.004052636869826159,
        0.0006415628452612656,
        0.008978978575614147,
        0.005117212005120618,
        0.5423065260897422,
        0.0005912015648473674,
        0.0014374843296756732,
        0.0002283506599304307,
        0.0006323360055191592,
        0.012243353651828704,
        0.0024756966182565665,
        0.0004596911738184117,
        0.0021781956414215604,
        0.02508558720816659,
        0.002478505183975423,
        0.029176826156763362,
        0.35223382972113093,
        0.007812398118336926,
        0.0018696275807644502
    ],
    [
        0.01583686772142949,
        0.012677070065885353,
        0.013570769894775701,
        0.0807767109747612,
        0.0553770925468804,
        0.010955972278772477,
        0.033928890144630124,
        0.009459590734198305,
        0.02684437938608742,
        0.026822467813123693,
        0.058388391173503994,
        0.013441775833569737,
        0.05654710572164135,
        0.10912972761632096,
        0.11287006271169713,
        0.15415952763874932,
        0.061272282218505725,
        0.09458177879883488,
        0.05335953672663272
    ],
    [
        0.008639331035581649,
        0.013740486917916012,
        0.0018607622054601504,
        0.0027833688345618455,
        0.0036436167044528924,
        0.03004001918810994,
        0.027461742679600918,
        0.0023999837542636334,
        0.005630786397461919,
        0.0023764722341117267,
        0.14741864118222206,
        0.08266827667560026,
        0.2411315995527128,
        0.004394002397041917,
        0.1281750686116178,
        0.009640799505841293,
        0.0023387112853036733,
        0.03470897742239273,
        0.25094735341574687
    ],
    [
        0.030669167109951764,
        0.016658475287212614,
        0.006037453872062041,
        0.006352624438963537,
        0.008672621825449207,
        0.2672799996882116,
        0.04606436648332773,
        0.010411689194092195,
        0.0069561647698666166,
        0.004538740749522591,
        0.03336811032961329,
        0.2883117833918562,
        0.06658707462187047,
        0.011794485369334501,
        0.0282520899922116,
        0.010289871729757505,
        0.006462575282004885,
        0.02028014720528539,
        0.13101255865940628
    ],
    [
        0.008953849814024183,
        0.0022656624532929985,
        0.056489971316265084,
        0.014601360136195028,
        0.08458079429419298,
        0.002788827033882008,
        0.004256882617657868,
        0.0014101489650403557,
        0.003028676127511784,
        0.10666712405334633,
        0.008632807489822328,
        0.00239801554636457,
        0.007028142818721774,
        0.030323678866322493,
        0.009349420083771938,
        0.060234463395211935,
        0.5685909317762546,
        0.021545215980862478,
        0.0068540272312592725
    ],
    [
        0.03449742103089168,
        0.6044104634920177,
        0.009717481378557678,
        0.007059848025239015,
        0.017844961646690086,
        0.013331945701516726,
        0.02604089906979645,
        0.0027762001196054093,
        0.03817234100679454,
        0.01542811934638666,
        0.06717937695422305,
        0.008939855412781009,
        0.03245453319047741,
        0.008681242081991804,
        0.027457236780447182,
        0.02028428608295361,
        0.006696482506843197,
        0.03962060375191349,
        0.01940670242087333
    ],
    [
        0.03022168635972121,
        0.0022773126026820706,
        0.016100653986978256,
        0.01857153684106583,
        0.7718259804207013,
        0.0016722689362868737,
        0.0029407884392117357,
        0.000578739769483268,
        0.0017748611494936024,
        0.013116134223053267,
        0.00572390936503686,
        0.0009319535414076301,
        0.005174524268317423,
        0.015236392432108283,
        0.004648321235140619,
        0.0409962088795888,
        0.04981126545774754,
        0.014366921599021735,
        0.004030540492953619
    ],
    [
        0.011393948334849198,
        0.007131292252882422,
        0.007424628348739206,
        0.01480730825479972,
        0.04108499151827977,
        0.005674546483465795,
        0.05607379230774141,
        0.0017856262131220081,
        0.004493200520459266,
        0.014188530441895896,
        0.047708868637197574,
        0.009709649781292434,
        0.05948133531929233,
        0.384512374441463,
        0.08876216666879129,
        0.08929396898710827,
        0.03101086130789576,
        0.0852007886722065,
        0.040262121508518184
    ],
    [
        0.010650213367167208,
        0.00428585227349147,
        0.0015082157464724872,
        0.0014621228414269034,
        0.0016587678140295875,
        0.8914819406696619,
        0.0039498443945962395,
        0.0026036105874568567,
        0.0016918517828705866,
        0.0010973380454231576,
        0.007810477314844543,
        0.023015554856365462,
        0.0130694178394865,
        0.0013658618416581955,
        0.005240185989318686,
        0.002313177257308736,
        0.0011790800737109545,
        0.004383486403719758,
        0.021233000900990635
    ],
    [
        0.01181893157469803,
        0.04973341297892803,
        0.0027746982840233503,
        0.002904315185124555,
        0.00813060897893898,
        0.00452932831962051,
        0.019449733441021768,
        0.0006515373981283648,
        0.005485433181847028,
        0.0064039827641495855,
        0.5446376040554778,
        0.0046728496047269506,
        0.07359636039657508,
        0.005311811207201426,
        0.08615150885581613,
        0.025565281203423676,
        0.0029471729759543448,
        0.12437914324094848,
        0.020856286353395953
    ],
    [
        0.01696148362373859,
        0.004901846494701016,
        0.007502510361030193,
        0.6924172172860235,
        0.024521396978877025,
        0.006856963144078158,
        0.007536049903033815,
        0.004141211400652713,
        0.004370822208379114,
        0.009947475530889854,
        0.015819959710729362,
        0.004363081949084558,
        0.021492539421543035,
        0.023275565114729373,
        0.022897039425772592,
        0.06371113762936699,
        0.024304269738695157,
        0.02613375295869079,
        0.018845677119983917
    ],
    [
        0.1887653653938307,
        0.019566359970488407,
        0.041588132195583,
        0.1399716809918887,
        0.0430257193905116,
        0.12117504438798939,
        0.0187437512605161,
        0.07669313504570434,
        0.01654543327242699,
        0.019982745230277144,
        0.028607219806647297,
        0.025767743641116482,
        0.04119143590157244,
        0.02501934204201865,
        0.026973345838416204,
        0.03896298700212308,
        0.041014645484749535,
        0.03295053225349566,
        0.053455380890644236
    ],
    [
        0.0018676662647066776,
        0.0028970809810104224,
        0.0006402705376216258,
        0.0014481302365590566,
        0.003291715563075863,
        0.001106274126917181,
        0.01746979919488593,
        0.0002788006257720521,
        0.0015465846367412673,
        0.0013238560808321183,
        0.10234943914965942,
        0.0021549160506905527,
        0.07082949744570685,
        0.005993891980878726,
        0.6792356083845515,
        0.018461829200480548,
        0.0015369955475168994,
        0.07116305784895309,
        0.016404586143440158
    ],
    [
        0.006993817140628756,
        0.005212522248316383,
        0.003959131848519553,
        0.010895420514740677,
        0.0445139015859414,
        0.002523984035036328,
        0.03657879581412585,
        0.0008565818068639202,
        0.0036348991911708322,
        0.008509516616187594,
        0.030069748509421627,
        0.003222064223054609,
        0.028645155671900076,
        0.6114447326948805,
        0.042288242751315465,
        0.06314976644001848,
        0.01884552329049311,
        0.05987839549963844,
        0.018777800117746435
    ],
    [
        0.027031123995423373,
        0.008258358292512565,
        0.016107015464114277,
        0.34905770568795047,
        0.05455434053420456,
        0.007155941778344423,
        0.008706771183774092,
        0.0038699616356335275,
        0.00674118494202558,
        0.029500451867054602,
        0.025600502205320088,
        0.00475409878268257,
        0.027221270425309238,
        0.023837084045753645,
        0.034006482772165746,
        0.26081079845749977,
        0.04238045803168798,
        0.05255933389881733,
        0.017847115999726253
    ],
    [
        0.09276687432732704,
        0.02175255469318101,
        0.047735568028094005,
        0.04672967132210449,
        0.06123305372032311,
        0.0727661333894845,
        0.03909125781506111,
        0.015471526040412256,
        0.018908876570634378,
        0.03839927653003074,
        0.05700344269981038,
        0.03312540766761421,
        0.06305665572702153,
        0.06249008440681159,
        0.04684432614847712,
        0.0511470885867134,
        0.059617531547275844,
        0.06952711367265658,
        0.10233355710696669
    ],
    [
        0.024908622801516934,
        0.0338489657332327,
        0.020177444140328155,
        0.016738709573101595,
        0.02950961017918961,
        0.01960361271955623,
        0.04119520474081548,
        0.005995337272271888,
        0.014744797540548815,
        0.05440528952307135,
        0.11182213599986013,
        0.0371663125419783,
        0.08920374117133749,
        0.029522468185718184,
        0.15298672337893177,
        0.10431815627265627,
        0.023340344089065216,
        0.14039106869790802,
        0.05012145543891188
    ],
    [
        0.010607798122334986,
        0.009904096890700036,
        0.0016897500456049196,
        0.003732803290065501,
        0.0067106112397229585,
        0.011600235681291782,
        0.2549134273868848,
        0.0015101906864417505,
        0.003696377832518834,
        0.0018706189253311395,
        0.05901397048152234,
        0.021568657610707646,
        0.2631589865514035,
        0.015963053953197366,
        0.06640815386856361,
        0.010355347313933148,
        0.003308395022754035,
        0.0283562100205778,
        0.2256313150764439
    ],
    [
        0.004328452115194151,
        0.0006445124860956507,
        0.002926319324126296,
        0.9231008402224622,
        0.01323055158560511,
        0.00092634079028644,
        0.0009760865065873992,
        0.0005697178120037422,
        0.0007176946695328381,
        0.0029695696097062543,
        0.0019349447471700611,
        0.0004982913868185227,
        0.0022539244823078933,
        0.005744822289851485,
        0.0022794806128877735,
        0.013751850372820654,
        0.01691913503044513,
        0.004028348981288522,
        0.002199116974809888
    ],
    [
        0.009174457791016069,
        0.0014506343555141465,
        0.004438404848708688,
        0.01065269409349505,
        0.08044114061527914,
        0.0016355351408713292,
        0.006818135119295073,
        0.00044992245399037297,
        0.0009278664925441413,
        0.004792224805075056,
        0.0064629018215703405,
        0.001371585218933869,
        0.00860837803511502,
        0.7691022959955696,
        0.007150560101029805,
        0.026047653737474277,
        0.03778579820192483,
        0.014940378752272955,
        0.007749432420320318
    ],
    [
        0.024189073788197266,
        0.0118898440888263,
        0.011232096165205999,
        0.006166044311090464,
        0.034728942753563655,
        0.015018683870168801,
        0.0721733333681465,
        0.0021088029145715764,
        0.006748633365880857,
        0.017127754249301352,
        0.11306928135084302,
        0.024237900397333464,
        0.12003733304717057,
        0.049389739673667644,
        0.10059462666837309,
        0.05253481584541964,
        0.01944002418813904,
        0.20795493079406513,
        0.11135813916003552
    ],
    [
        0.00572812579759536,
        0.009971950872403166,
        0.002110056099514473,
        0.0015219275398730722,
        0.00306688994843208,
        0.025274491990746488,
        0.03371835613838338,
        0.0021483148785368823,
        0.004251338987810204,
        0.0024041125340431655,
        0.03882551866130972,
        0.704281378514134,
        0.04811129497764351,
        0.004243249841067965,
        0.03186965602501654,
        0.005315375073789074,
        0.0022232712484894254,
        0.01545036461721358,
        0.05948432625399795
    ],
    [
        0.031942726229929067,
        0.0099528576875433,
        0.06007677795893773,
        0.01471551948221936,
        0.043417414242456986,
        0.009455868821115323,
        0.007945476937914777,
        0.0020718982911310684,
        0.005526666360905879,
        0.33712843607514187,
        0.04659958121659687,
        0.006496392099432985,
        0.028466070326742244,
        0.012553083591761719,
        0.03562393492062689,
        0.19889745818699858,
        0.03364214830320054,
        0.09766267865250497,
        0.017825010614839865
    ],
    [
        0.004677573704397161,
        0.013629564890201624,
        0.0012336740071301569,
        0.0028220038300679267,
        0.005322051176168404,
        0.003847916689898398,
        0.7606234070475977,
        0.001075470806694855,
        0.00580581357085924,
        0.0017401440100327744,
        0.03261614524103162,
        0.008118922913756344,
        0.043240136829375865,
        0.0178096404756023,
        0.03665882262557754,
        0.006977118622687278,
        0.002512172682869994,
        0.018566409713174654,
        0.03272301116287648
    ],
    [
        0.009096895902308572,
        0.8891487854472476,
        0.0016953091759867747,
        0.0030657159774381527,
        0.004540290532924634,
        0.0032835395149608568,
        0.010395281749302196,
        0.00090307018472815,
        0.011342836924632223,
        0.002617727144735481,
        0.01655721538385453,
        0.0023307847240086554,
        0.010762346722016475,
        0.002910969127198512,
        0.008681455762643158,
        0.005520396679946106,
        0.0016288502367573455,
        0.009779091260600089,
        0.0057394375487106394
    ],
    [
        0.009574400392921076,
        0.00853900297608247,
        0.004979948072764051,
        0.0036409848373577212,
        0.014377442973263661,
        0.010447094613314407,
        0.08741155946204658,
        0.001532524244990077,
        0.005266719637735812,
        0.008246571221682979,
        0.15255221976120686,
        0.030040129510211514,
        0.16248375895828593,
        0.02888692421251743,
        0.17704951714068967,
        0.03192012161907106,
        0.00936873154583287,
        0.12602217314683906,
        0.12766017567318672
    ],
    [
        0.005884453255016768,
        0.000633086279988451,
        0.026144742126932352,
        0.013585031268993764,
        0.03829753123488557,
        0.001311507357275833,
        0.0011476841721151153,
        0.0006599560564791038,
        0.0007735407937176223,
        0.010832158343015664,
        0.002196381959250329,
        0.000771897703195011,
        0.002313658253727458,
        0.008454710870423926,
        0.0023374688468345626,
        0.016012354318938046,
        0.8610828699150199,
        0.005016061340599511,
        0.0025449059035908524
    ],
    [
        0.02009560947731863,
        0.01350646389545029,
        0.03798450809689007,
        0.034424893539335505,
        0.17368449201381442,
        0.007937023998450435,
        0.02601316180482638,
        0.005550243289083857,
        0.03451113748711834,
        0.07692979951668344,
        0.03615335711201237,
        0.00804847455739598,
        0.025582610767103234,
        0.11574319153518459,
        0.03756462266926572,
        0.10178006146886709,
        0.15410859575361907,
        0.06670045992297656,
        0.02368129309460403
    ],
    [
        0.016111263780477517,
        0.012498147160029888,
        0.00787304453338783,
        0.008821478253423245,
        0.025686716163857135,
        0.016732542998286828,
        0.1816362597280715,
        0.004565982098970732,
        0.009659147202132339,
        0.009400906017461795,
        0.07241173214299172,
        0.05717407709370406,
        0.12183489138126631,
        0.08246576583112211,
        0.1188241441914913,
        0.03821043735989294,
        0.019173935690968223,
        0.07233585882184472,
        0.12458366955061978
    ],
    [
        0.027470982071504255,
        0.033856626577577945,
        0.00798805616201582,
        0.009984227957569411,
        0.011016396018180209,
        0.09309480842682372,
        0.04959821900241228,
        0.009247939341841696,
        0.0102776467321283,
        0.009656978766082795,
        0.08157020968577067,
        0.2311703787870294,
        0.1391328177249868,
        0.013902531021272988,
        0.08445832706604729,
        0.023012104821873994,
        0.008315487018989947,
        0.04601192437970482,
        0.11023433843818765
    ],
    [
        0.03251623730273087,
        0.020449200729878707,
        0.014819890826141584,
        0.010296497034660467,
        0.08095000417426564,
        0.011312106279888197,
        0.1964667201212447,
        0.002508690599467291,
        0.011058191367635264,
        0.017256316816635513,
        0.059812346417356735,
        0.014407990519263248,
        0.05437028772843615,
        0.24164107306518184,
        0.04360573251312955,
        0.036449531413079696,
        0.03100432612932628,
        0.07029532100212053,
        0.05077953595955781
    ],
    [
        0.013686939346549744,
        0.006918280151239224,
        0.005228119462123474,
        0.007187047279835718,
        0.04291266349661927,
        0.004247393844655643,
        0.09366580034522748,
        0.0010245289751454154,
        0.003319634463966206,
        0.006583208634813451,
        0.02394907669976105,
        0.005342185111846681,
        0.02900538966296136,
        0.6382830670730879,
        0.02280745750916657,
        0.022076792582917875,
        0.01636552693677777,
        0.03316816474730882,
        0.024228723675996343
    ],
    [
        0.05178651400463199,
        0.02593773737182649,
        0.06902166860540203,
        0.056672763472430894,
        0.11393576939793554,
        0.017304474868141472,
        0.0277726319972342,
        0.01537910854011044,
        0.04356049576763081,
        0.0840095224515501,
        0.04210571198492388,
        0.016098515177868977,
        0.034595681897372034,
        0.05488547231923162,
        0.04421809953150551,
        0.09733259177337489,
        0.09997456538600583,
        0.07411299828518567,
        0.03129567716763765
    ],
    [
        0.028392518074039544,
        0.016199598050381372,
        0.009056928669951744,
        0.014871836363052558,
        0.02448467200127674,
        0.0279108326872603,
        0.16127524685895375,
        0.004633558639133612,
        0.006222380852461311,
        0.01042054899947628,
        0.06326466363238045,
        0.05790704252789193,
        0.1359375908677072,
        0.09763107123998474,
        0.08335244219065285,
        0.034245182196860215,
        0.018148468317852648,
        0.06006842476442906,
        0.14597699306625367
    ],
    [
        0.01951750889448124,
        0.021000268380994738,
        0.006134079376161665,
        0.007515739359002493,
        0.007673972085041169,
        0.14515094271792703,
        0.023680635687806262,
        0.009546948663494634,
        0.009124680642527862,
        0.007446534566933566,
        0.08595307867597574,
        0.21583760004942792,
        0.14209879605604767,
        0.007753712896763176,
        0.08796008414410739,
        0.020472790394977864,
        0.006124865608930772,
        0.04140044184648725,
        0.1356073199529116
    ],
    [
        0.0014031735178786967,
        0.00229136073041485,
        0.00023633742123298283,
        0.00040150326014880424,
        0.0007973298656292466,
        0.0012940960057650998,
        0.007268806596260242,
        0.00013366832590097974,
        0.0005931856154636425,
        0.00038055322622780054,
        0.21136046813600612,
        0.002017234576524867,
        0.5985941731157589,
        0.0009368502824112779,
        0.11322977901354506,
        0.0028403752274691494,
        0.0003613176436191294,
        0.022804576232869155,
        0.03305521120687401
    ],
    [
        0.19586686290753552,
        0.049383164715769985,
        0.03130893198507316,
        0.03323090767632745,
        0.05327030434407134,
        0.06023704952359793,
        0.06607409497115768,
        0.012080811896893641,
        0.016102608813275996,
        0.022742758057160552,
        0.05485831312524214,
        0.041771743824504624,
        0.07376505611355694,
        0.047754087774622714,
        0.04520293034041435,
        0.04208959767277888,
        0.030587029203875578,
        0.05726642543721469,
        0.06640732161692683
    ],
    [
        0.03610840347634743,
        0.011468733229382366,
        0.021292797091511207,
        0.014268570324432007,
        0.07637142940224409,
        0.008157630250974941,
        0.03136510985361571,
        0.0015139223952564474,
        0.003778857501908868,
        0.05476640195720438,
        0.06502334559434417,
        0.009552113452551277,
        0.06380579288348098,
        0.08438472605177331,
        0.06777874903745049,
        0.18636725987113484,
        0.03881377431996148,
        0.1919727869103541,
        0.03320959639607197
    ],
    [
        0.005126609316102582,
        0.0004398650630871433,
        0.9502955510225927,
        0.0011260811591855663,
        0.006507009136706963,
        0.001071021110024111,
        0.0005088538840824016,
        0.0003132441244599286,
        0.0004377189322935044,
        0.011578845061000652,
        0.0011232567855828915,
        0.000521579306659918,
        0.0009712841297259578,
        0.0012489677892063159,
        0.0008756442969747496,
        0.0030120525992310514,
        0.011686382133683821,
        0.002092151481895894,
        0.0010638826675038841
    ],
    [
        0.02360505672829291,
        0.012453591728723564,
        0.015816639019905175,
        0.5788578870477534,
        0.04284595274885769,
        0.011037185729683412,
        0.012061212948448445,
        0.022907723281538696,
        0.03491412570914531,
        0.017937300313935825,
        0.019355491231942513,
        0.0065919397181259005,
        0.01956896921133923,
        0.027327829507787577,
        0.02228559379675164,
        0.046640116633111885,
        0.03963905809931918,
        0.026444812470002136,
        0.01970951407533549
    ],
    [
        0.022070716727920645,
        0.0040647778337793185,
        0.048461943331509466,
        0.008177123730857059,
        0.4827349791655417,
        0.003266434963298136,
        0.009286512862025044,
        0.0009937991735621745,
        0.0034399668977748957,
        0.05892029184054934,
        0.01354280472659329,
        0.0027736541435486777,
        0.010694052955513088,
        0.06676580844003056,
        0.011228171089578224,
        0.053066828593050584,
        0.15207279132216078,
        0.03904328257628384,
        0.00939605962642314
    ],
    [
        0.007981884291868665,
        0.0023299245199729524,
        0.009190788765394083,
        0.006284362098571548,
        0.2801844660169497,
        0.0013250263913698887,
        0.005171240938310447,
        0.0004117353248303871,
        0.001744384394154222,
        0.03025431005063435,
        0.014097413378034935,
        0.0012710485273722415,
        0.009838242294760165,
        0.03575351218039798,
        0.014224406163084801,
        0.45916041510537636,
        0.04841874038427573,
        0.06659754147488163,
        0.005760557699759822
    ],
    [
        0.37617222885350277,
        0.031215323577300363,
        0.14519606383036832,
        0.026273382167260745,
        0.05851571171474538,
        0.03154158003950542,
        0.013414887130028613,
        0.005897371340891987,
        0.010846662423429654,
        0.07095518016300847,
        0.02939139134809946,
        0.010810942628890964,
        0.025406480185389973,
        0.015661214639676332,
        0.018504815158344325,
        0.03988524316535097,
        0.031501244965971925,
        0.0378088487948366,
        0.02100142787339767
    ],
    [
        0.046552960712187945,
        0.17436090067052873,
        0.02585672909073151,
        0.024688105249698056,
        0.035773594968806166,
        0.028709731306544577,
        0.04673338326713919,
        0.01757488985213222,
        0.14298706467861852,
        0.0401797185007541,
        0.07588544264821764,
        0.03049847505481263,
        0.051731675032806845,
        0.023745504832909888,
        0.06066054680913534,
        0.04704377548586571,
        0.021290845311757452,
        0.06800646389616748,
        0.03772019263118597
    ],
    [
        0.003595669671344418,
        0.0017382722065211105,
        0.02483326369295154,
        0.002373121884160547,
        0.011576263111986815,
        0.0012492173640132418,
        0.0015669394704556944,
        0.00048201017087066983,
        0.0018469530276427058,
        0.8869970869149524,
        0.005392112341559922,
        0.0010974634507216227,
        0.003055782131874783,
        0.003189067398462471,
        0.004489715337776452,
        0.020234700908754424,
        0.01239730605022473,
        0.011560789167307205,
        0.0023242656984190984
    ],
    [
        0.007271547921619064,
        0.004780701933231221,
        0.0030399424049187135,
        0.0035237481255415326,
        0.004270710989742397,
        0.04274610995102114,
        0.015637145729624793,
        0.006183479884421238,
        0.0036895382663423215,
        0.0031424222601399783,
        0.02884969453379156,
        0.6104244464893248,
        0.060723727293930656,
        0.006207973334552857,
        0.047702546055532404,
        0.010181666928515513,
        0.00426678068009448,
        0.019875303856945328,
        0.11748251336071004
    ],
    [
        0.037632514411422166,
        0.06399728047064246,
        0.027464047545373464,
        0.03509589850470402,
        0.03982813611571936,
        0.018523603949834197,
        0.019434550073383818,
        0.0214357795419088,
        0.47476986542467936,
        0.03261620690696767,
        0.03537637367300394,
        0.011104917431979621,
        0.024193700886685942,
        0.017022703207505808,
        0.026430715835470128,
        0.03476571635663796,
        0.023441760462226135,
        0.0352394731005387,
        0.021626756101316494
    ],
    [
        0.05555410929246219,
        0.047619979993837755,
        0.04784371758681859,
        0.008582338611342019,
        0.027855258049733555,
        0.0867499788879847,
        0.033590771953920656,
        0.008928839475491909,
        0.02877490417932776,
        0.05102440519964107,
        0.132211315830121,
        0.08612112226179486,
        0.07559030935783638,
        0.01501812906103954,
        0.06710315262783993,
        0.04194577288962408,
        0.020231507272727853,
        0.09328194144670751,
        0.0719724460217487
    ],
    [
        0.05034610552730347,
        0.06123597625047703,
        0.01609242190766183,
        0.024286842310074393,
        0.04537582467873673,
        0.02734860178398939,
        0.1368746375984585,
        0.006313592696988828,
        0.02654755794353803,
        0.02203218020189725,
        0.09705711731575471,
        0.025342480229878832,
        0.0824451528145637,
        0.07937902516052,
        0.06757464083934406,
        0.0403049693431371,
        0.023493444448700256,
        0.08249709865628121,
        0.08545233029269474
    ],
    [
        0.005850884995773492,
        0.003978858193135667,
        0.003075101022341329,
        0.0016778434505030776,
        0.014806251458283258,
        0.0018283880908679182,
        0.013008208327460089,
        0.00033268937012723436,
        0.0016650162635948734,
        0.008660938013947088,
        0.08847098158360357,
        0.0028951799291957103,
        0.037999819575363115,
        0.010618168225970136,
        0.07536238238378128,
        0.07587171747985379,
        0.005357620914050757,
        0.6353488815068217,
        0.01319106921532599
    ],
    [
        0.011160122984051914,
        0.003097705369093902,
        0.00701824075094012,
        0.017236230033898584,
        0.051135804929184035,
        0.005014393106768162,
        0.020925345803376627,
        0.0015712009226714768,
        0.002817723505327851,
        0.009277300679617042,
        0.02648640960125497,
        0.00631688730680526,
        0.041011443390681024,
        0.48556578822179597,
        0.048401325568409675,
        0.09501515166235934,
        0.05895358288550699,
        0.06445784596983789,
        0.04453749730841914
    ],
    [
        0.02967759964876252,
        0.0061061071093428615,
        0.00884047473562355,
        0.008198133638508472,
        0.009490400653011198,
        0.3487506586228316,
        0.015656948745516472,
        0.011861845692181638,
        0.004018379474589377,
        0.005758046921265518,
        0.02773532052621937,
        0.2134722362153095,
        0.06368400534112892,
        0.010524248278696163,
        0.031166628682937084,
        0.016000595595802674,
        0.010263038351107496,
        0.023905447067318533,
        0.15488988469984705
    ],
    [
        0.008309831026511847,
        0.0024358593601102744,
        0.003963430347841651,
        0.007591378823190869,
        0.03521035183468095,
        0.0024471091945516476,
        0.01784144211561991,
        0.0007189051597864023,
        0.0015911360020299805,
        0.005098378434042126,
        0.01071891568914466,
        0.0028255772676062433,
        0.014788534966384268,
        0.7911803270396344,
        0.013713918852560094,
        0.022802568782993485,
        0.020567429679327925,
        0.02397627235038878,
        0.014218633073594644
    ],
    [
        0.02841684056491253,
        0.010487871875316565,
        0.008671498975357886,
        0.010616422536438764,
        0.010548446159252494,
        0.29869534755044924,
        0.017425721428889745,
        0.0639976227402763,
        0.015216267990476586,
        0.006153545363548195,
        0.0396104497943475,
        0.16334919908047046,
        0.06399591818977035,
        0.009140412806790583,
        0.04244093032276569,
        0.018106898435182213,
        0.01014152578930608,
        0.02927119740258272,
        0.1537138829938661
    ],
    [
        0.0572776965199052,
        0.07009751199176745,
        0.01886984084038303,
        0.01886144147647008,
        0.02614964617539017,
        0.09104850981311145,
        0.07970065362988678,
        0.03582966784957793,
        0.048862985458450865,
        0.01675258906663059,
        0.06580956867859118,
        0.12636805918357336,
        0.07629644044671909,
        0.02745188752120827,
        0.05862651951308582,
        0.029014472251377814,
        0.01858248743564552,
        0.050408421726436545,
        0.08399160042178883
    ],
    [
        0.03685077744523865,
        0.03424529103983086,
        0.019560660567320542,
        0.08892333553343229,
        0.030475578366356403,
        0.03814543657424227,
        0.03108545396347093,
        0.02181452437625447,
        0.021986226168599993,
        0.03242463839528439,
        0.08178001264020655,
        0.03620812000093247,
        0.09607073886766473,
        0.029676732904460334,
        0.1203899857187666,
        0.10386002064061944,
        0.028029243799973565,
        0.0808875904179724,
        0.06758563257937311
    ],
    [
        0.007024304212611593,
        0.014337803480549334,
        0.0035612816092065198,
        0.007372272975236184,
        0.00798141846904314,
        0.009552684517639983,
        0.028612754703108832,
        0.0033109050902615476,
        0.010495265857248325,
        0.007751079392807678,
        0.12861407731638255,
        0.025042359061124037,
        0.10829808219540102,
        0.011731848213836401,
        0.43999696131441096,
        0.03862091744932779,
        0.00611647672986585,
        0.08289149528564846,
        0.05868801212628982
    ],
    [
        0.041255136117333537,
        0.0094076004748755,
        0.015494328879118476,
        0.0060292839345882174,
        0.008149258059078965,
        0.6661247389539097,
        0.007686943394250278,
        0.01743684334370804,
        0.007871972862885913,
        0.008762541988537438,
        0.02390059816505423,
        0.05580812336632998,
        0.026502247957189022,
        0.004674080314530133,
        0.017358674347963215,
        0.012274554388270308,
        0.00768614395429538,
        0.01993220404262392,
        0.043644725455457806
    ],
    [
        0.04257484598745384,
        0.0020202428644242663,
        0.5949041620421326,
        0.013306780778009198,
        0.06282574892353052,
        0.006287231104156964,
        0.0026790720097444255,
        0.0017812458641654446,
        0.0022115928788664163,
        0.03392027530064021,
        0.00678848764225532,
        0.002448497864616803,
        0.006438589783465146,
        0.0087668324430092,
        0.00545710808286699,
        0.02601580298119061,
        0.16072173704622938,
        0.013299535017311789,
        0.007552211385930743
    ],
    [
        0.017036415326625386,
        0.03249008442239206,
        0.007941844682695669,
        0.016659747891308908,
        0.013300554629566664,
        0.05050379929060579,
        0.03501752259492273,
        0.062258998670278835,
        0.11554057049367099,
        0.010365625573036554,
        0.09522232630368535,
        0.0893242104933662,
        0.09539131658923794,
        0.013543481952748166,
        0.1361005484650082,
        0.033310462560863834,
        0.011144563999191157,
        0.05511666356659289,
        0.10973126249420267
    ],
    [
        0.013422016122564101,
        0.0406070751934241,
        0.003058309946307989,
        0.005075087796191839,
        0.00929679290892961,
        0.011058228253496298,
        0.3951602377482807,
        0.0017733821164960025,
        0.0053356020550610365,
        0.004542927982698772,
        0.08879934899245753,
        0.02892456055202171,
        0.1560437541147095,
        0.02047708860542505,
        0.09309117344698734,
        0.016819379451768562,
        0.004588065306130081,
        0.04356487722225427,
        0.05836209218479553
    ],
    [
        0.05014221772378276,
        0.007837905048813078,
        0.010658292023668615,
        0.029156433079622825,
        0.5044643495303185,
        0.004075832088171217,
        0.018497840934044038,
        0.0011160691524469144,
        0.004281874488298715,
        0.011922619821140528,
        0.022109335032356993,
        0.0026812622739327352,
        0.02267803586349566,
        0.1258695984041503,
        0.017339484081772594,
        0.0678525900670393,
        0.03848321548047696,
        0.044980254149265736,
        0.01585279075720256
    ],
    [
        0.017309134349410636,
        0.03828682122272312,
        0.004786997678370468,
        0.00583078610449263,
        0.022716727818720105,
        0.00823069687793956,
        0.536187083433386,
        0.002008145557050411,
        0.012048423911868006,
        0.006207951779389231,
        0.06181089491732437,
        0.013849658670465866,
        0.06348161714789466,
        0.04493278096646172,
        0.04856090059222748,
        0.01990756784874285,
        0.008326191275256632,
        0.04587784249425662,
        0.03963977735401962
    ],
    [
        0.03637929227421678,
        0.006093083005427916,
        0.01834944871465142,
        0.6045344348865147,
        0.04039278759416326,
        0.014138703276332012,
        0.009861628980469335,
        0.008694407785007642,
        0.005722372845054835,
        0.015147124700487978,
        0.015142256612088418,
        0.006822549391220746,
        0.02080525333226782,
        0.036783749928613135,
        0.017697977338418318,
        0.04244261590074047,
        0.053264467352814586,
        0.02352766221219786,
        0.024200183869312664
    ],
    [
        0.0063528051058683605,
        0.01787043708805422,
        0.005614252313538201,
        0.0056066721985029684,
        0.008294599965739058,
        0.007419506917169876,
        0.011136382780752883,
        0.008814970748548461,
        0.7805710105706781,
        0.009461882053351345,
        0.026767447645924425,
        0.009920201383447503,
        0.014902870300839286,
        0.006106454818349213,
        0.02499642203422104,
        0.014230420065286593,
        0.006418581902390057,
        0.021438319768446318,
        0.014076762338892351
    ],
    [
        0.018964847161912015,
        0.03138217096126695,
        0.009675048145249202,
        0.02293047810442042,
        0.020157518537712537,
        0.038909257013876174,
        0.06076939592824517,
        0.0830393364742419,
        0.19584104066891442,
        0.011277145571580913,
        0.0648669024340662,
        0.06381497368464556,
        0.06895961179099895,
        0.02795664502119652,
        0.08523757683864415,
        0.03085808279423877,
        0.017186266761072846,
        0.04784088214765312,
        0.10033281996006418
    ],
    [
        0.013422935399973622,
        0.01706316305870249,
        0.012036281812422204,
        0.012320107412455284,
        0.030314926205451204,
        0.013786795272902549,
        0.046787249085018114,
        0.008323972179510022,
        0.08055699223422028,
        0.022214093679646368,
        0.12229087378477654,
        0.027556735396838564,
        0.06874063307420004,
        0.036033228852934675,
        0.17830555003743545,
        0.06968371899343105,
        0.026297084536331387,
        0.1379404032469942,
        0.07632525573675598
    ],
    [
        0.01776157779966152,
        0.018910201939406235,
        0.008792973861832438,
        0.014213739485462042,
        0.029306941723557977,
        0.013136764369608594,
        0.20219605179362707,
        0.0035081990459375502,
        0.008264073981848813,
        0.013861940000312016,
        0.07393589239052856,
        0.029747874095360304,
        0.09888959426866545,
        0.15219306630557847,
        0.10552002339607398,
        0.04501851524123224,
        0.020279576443082904,
        0.07165434346804829,
        0.0728086503901756
    ],
    [
        0.0091590692844975,
        0.1010787611547103,
        0.003211490005384366,
        0.0036665318647830544,
        0.007597447327562069,
        0.011575072883170735,
        0.20283323687159185,
        0.002342442379063649,
        0.021376792884927588,
        0.005592348887211411,
        0.21848305467462228,
        0.03647885632075208,
        0.10396653809898129,
        0.011194840789689874,
        0.13401272157979763,
        0.014698509674745291,
        0.00402413912386046,
        0.05289016439489575,
        0.05581798179975293
    ],
    [
        0.0003064599278588712,
        0.00017100160940473883,
        0.0001792248123704208,
        0.0002998534532032675,
        0.00017554250638659443,
        0.0011988357337378854,
        0.00018221821391237113,
        0.9937871263205769,
        0.000529691813818061,
        0.00012807738009257302,
        0.0003047658332781089,
        0.0005937227847979889,
        0.00036195188447311574,
        0.00014371012415612333,
        0.0003273868326516198,
        0.0002359506473983827,
        0.00020049468249590886,
        0.0002720382897210444,
        0.0006019471496659889
    ],
    [
        0.011775172560039852,
        0.01598739813297025,
        0.0037220504996132355,
        0.0054373693605765504,
        0.012086379264787112,
        0.01139838127816624,
        0.38409093874061656,
        0.0017344118779713238,
        0.0047170849426525175,
        0.005655179773979863,
        0.07681111139255428,
        0.027454004013815456,
        0.13628022787677369,
        0.046202866940789046,
        0.08602297446552103,
        0.01898838262793678,
        0.006875732424066655,
        0.05144845602374827,
        0.09331187780342129
    ],
    [
        0.06451270140158806,
        0.04861317391572751,
        0.1555171545037361,
        0.02085370820856145,
        0.04821752576427078,
        0.029448689280012718,
        0.016905578074539938,
        0.010532796616822696,
        0.04151398978668798,
        0.2364099861346526,
        0.052443762605031925,
        0.017504009306717225,
        0.030640775233446098,
        0.016042307150346925,
        0.03333134004501006,
        0.05689968068062497,
        0.03620315040533307,
        0.059208094850565635,
        0.025201576036324166
    ],
    [
        0.07323482499854049,
        0.015193130019133404,
        0.06718296077304599,
        0.018777456230033712,
        0.02357347286611589,
        0.3043099686815177,
        0.01472884318530585,
        0.04193152458590104,
        0.013855257044066201,
        0.03183502849699605,
        0.041729796952876604,
        0.08499679824001875,
        0.04738031664762164,
        0.012907058307157092,
        0.036364762247490266,
        0.037588712809202084,
        0.029418721881797862,
        0.04170186994531529,
        0.06328949608786404
    ],
    [
        0.023578957563357428,
        0.02917833585664622,
        0.016417623254751743,
        0.008424319318584419,
        0.02390154865540721,
        0.017994930717998448,
        0.05213707435491839,
        0.003123802835392193,
        0.008541395736339124,
        0.03972780821662754,
        0.1490079280215145,
        0.043561563536045254,
        0.10905807798776385,
        0.025926834845539846,
        0.1528182151601407,
        0.07128188996916815,
        0.01659487349854127,
        0.15463164078882213,
        0.0540931796824415
    ],
    [
        0.044845192211807376,
        0.013144021710297297,
        0.11361385753254112,
        0.027326433053890858,
        0.09217993233477394,
        0.009153717571585685,
        0.011825351138329807,
        0.002910781969591882,
        0.008110146256860263,
        0.3689391104366161,
        0.02557387258340916,
        0.006180370124586693,
        0.018964917364708237,
        0.030670474090981798,
        0.020206287762676692,
        0.07232058216677077,
        0.06922118370483557,
        0.04994645282840257,
        0.01486731515733425
    ],
    [
        0.03185459116322781,
        0.011603561334335521,
        0.06232352515490862,
        0.020365342295098645,
        0.04425745440699797,
        0.01357458000616535,
        0.009685759719362636,
        0.0033177323693235304,
        0.008691490448913394,
        0.2950364173749954,
        0.054528465986831365,
        0.008886282098996659,
        0.03454646449034743,
        0.015253066494758381,
        0.04383086339429612,
        0.17539464104131883,
        0.041367743764216265,
        0.1012173005197654,
        0.02426471793614063
    ],
    [
        0.3706819260269471,
        0.015582811681042528,
        0.05891841798824178,
        0.010787680509291917,
        0.06412219187018824,
        0.053490919330614305,
        0.019162663470124977,
        0.004954753038909272,
        0.010469589076477081,
        0.023688954890361547,
        0.05126603010518988,
        0.018991291559544786,
        0.050758603914801505,
        0.01713085307913451,
        0.029217832925005783,
        0.043312987571468106,
        0.031329717233854415,
        0.06871132693386667,
        0.05742144879493564
    ],
    [
        0.017640275837858387,
        0.0016209960315377366,
        0.016226747286009553,
        0.006398977518485459,
        0.745405456208427,
        0.001491867276621388,
        0.0037371868420926985,
        0.0003584671449635445,
        0.0009648204917261143,
        0.015085514768784378,
        0.006237923418373282,
        0.001032603150055187,
        0.00589447828248093,
        0.038808292635286575,
        0.005047271261796975,
        0.038742125137165025,
        0.07412665076287664,
        0.016651666564857486,
        0.004528679380601586
    ],
    [
        0.0316564467882423,
        0.007721886354795172,
        0.027509138611613027,
        0.3961569085203771,
        0.0717467203984108,
        0.01571720103521102,
        0.013341580497753476,
        0.028768109253718126,
        0.01763592827507207,
        0.01996131028862559,
        0.01913712296961717,
        0.009235977745580987,
        0.02309877642263212,
        0.05096892625660041,
        0.023612866502219627,
        0.05767741954417187,
        0.1263653591213304,
        0.030163178951674263,
        0.029525142462354576
    ],
    [
        0.09007792510935787,
        0.059885127405106875,
        0.010337072243889309,
        0.02811972498152225,
        0.09063440188282455,
        0.00968689814520444,
        0.04528690814981271,
        0.0022424462505936647,
        0.013478944474717976,
        0.01618698207365959,
        0.10710408558169107,
        0.0067348879395835596,
        0.092567766422477,
        0.03567020947654873,
        0.06840147487420749,
        0.12039363122628824,
        0.016960037858335168,
        0.14966197471906842,
        0.03656950118511111
    ],
    [
        0.015700669355514417,
        0.0011974889426514211,
        0.018919219120035,
        0.02858298588783807,
        0.10841880884237394,
        0.002798499642375615,
        0.0030201284502537045,
        0.0009986098753740165,
        0.0012097089650594437,
        0.009775741510681607,
        0.005187389892973219,
        0.0016365746307039019,
        0.0064905244361380095,
        0.03692843565358904,
        0.005700671713091059,
        0.036498726922705144,
        0.6965970985460006,
        0.012695629351483188,
        0.007643088261158541
    ],
    [
        0.012355778866064064,
        0.003999761494517918,
        0.0035305660721791387,
        0.0031342922185742706,
        0.0034347973307635392,
        0.7841268159059718,
        0.006642265137411735,
        0.012293100014572454,
        0.0033629261319251496,
        0.002274422171037764,
        0.010151775911661857,
        0.06824149558530565,
        0.0168586441994976,
        0.003371945634638398,
        0.008771984780509156,
        0.004371206197035553,
        0.0032580663789718058,
        0.007414287337432702,
        0.042405868631929494
    ],
    [
        0.014932985711514588,
        0.2471875767420004,
        0.0038792988163266736,
        0.00597979239094265,
        0.011014109537208513,
        0.015221934602924243,
        0.2464156799734311,
        0.004342571723568092,
        0.050364859206924704,
        0.005444029729692753,
        0.09460673388179952,
        0.028345190139540465,
        0.08003129426420567,
        0.014467676159316383,
        0.06804869793325448,
        0.015151793021284917,
        0.005092131658975106,
        0.03946216457840201,
        0.05001147992868772
    ],
    [
        0.9144403179110874,
        0.0017877179964762198,
        0.0054011711425435375,
        0.006153541325705269,
        0.014959421575023302,
        0.004724435361969744,
        0.0023840522047668374,
        0.0004948768436723735,
        0.0007291407084167309,
        0.0025505728754014714,
        0.004709807765386812,
        0.0012496927786537376,
        0.006559089432378617,
        0.004391692506779951,
        0.003116794759086528,
        0.007333056130263929,
        0.005577440494064104,
        0.006893383262016759,
        0.006543794926306933
    ],
    [
        0.01224834659004615,
        0.006550813015492472,
        0.004480780486053697,
        0.008698703565328425,
        0.017286212885274398,
        0.010267022944422548,
        0.06037292221060161,
        0.002332326714560091,
        0.003911951733888466,
        0.006191809759033133,
        0.06874864185449878,
        0.025595292264116738,
        0.20140239939695637,
        0.050759016808749995,
        0.21529370358241307,
        0.05595815452658686,
        0.012733411749968506,
        0.09808102526024282,
        0.13908746465176597
    ],
    [
        0.007647371034113182,
        0.006681012662664624,
        0.002596915288102584,
        0.002058094126797111,
        0.0028850463880429867,
        0.10171090269476407,
        0.012633408841063417,
        0.0073623443552873515,
        0.004342320939068951,
        0.0021588961277606974,
        0.014808276784200079,
        0.7402359201500023,
        0.02209500472165527,
        0.003383597743930202,
        0.013469839195079266,
        0.0041963509723737975,
        0.0024514413732165735,
        0.008680619611231883,
        0.04060263699064562
    ],
    [
        0.00785213058926296,
        0.0028761114723753626,
        0.00510837739474681,
        0.8627934902970799,
        0.01956124950265166,
        0.0025043796380332536,
        0.0030036134673988024,
        0.0030590563239701616,
        0.005768781652521767,
        0.006103915276803585,
        0.005641381855302445,
        0.0014389166888752385,
        0.005692643409293861,
        0.009241130973146647,
        0.006485122272657583,
        0.022034377401102465,
        0.01660376587534083,
        0.008977081943131487,
        0.005254473966305108
    ],
    [
        0.04579801355741466,
        0.014179746704397743,
        0.009462006470571577,
        0.010028905171549795,
        0.015445236864116165,
        0.07874981355459405,
        0.023742727912080302,
        0.003787378586636851,
        0.006690047792049223,
        0.011037324379323536,
        0.12208531816386037,
        0.03490328784863003,
        0.1845487260638393,
        0.013340773917967627,
        0.07865949542422539,
        0.034620156291567304,
        0.010484654224939756,
        0.08716754788050032,
        0.21526883919173603
    ],
    [
        0.0036916018640813252,
        0.0009008851436314825,
        0.0022448993181934016,
        0.007086956712322665,
        0.04765946732339697,
        0.000798367719246002,
        0.004065804086303091,
        0.00030292274114474433,
        0.0007752105125463595,
        0.0028805935171257106,
        0.003540097846230423,
        0.0007237060248229473,
        0.004097105516629485,
        0.867300487465598,
        0.004179493432596391,
        0.014413001210869419,
        0.02283863485633842,
        0.008642026333823,
        0.0038587383750999437
    ],
    [
        0.0013702411500751365,
        0.0008053811876439529,
        0.0006616477871095822,
        0.0005401080752743117,
        0.004790285856757661,
        0.00033533224670010537,
        0.0018621385565635994,
        6.967013827900609e-05,
        0.0004701752738095595,
        0.0022237694482370365,
        0.023175847874136735,
        0.0003801018245302426,
        0.006204487777043877,
        0.002501092866581836,
        0.014715109195417662,
        0.03640649620671088,
        0.0014070806315686236,
        0.8993673108582173,
        0.002713723045343056
    ],
    [
        0.0005780041461707827,
        0.0003109184154556611,
        0.0003432632526111932,
        0.000762163437061729,
        0.000338011560206158,
        0.001579617913891779,
        0.0002873557691002043,
        0.99004497605601,
        0.0008265574817073517,
        0.0002465493716191532,
        0.00048123652883648514,
        0.0007196042177527334,
        0.0005807664708853233,
        0.0002551421507675589,
        0.000526363691652089,
        0.0004572042765545271,
        0.0003838077641707887,
        0.000452828315989794,
        0.000825629179556519
    ],
    [
        0.019246287359243865,
        0.005732000092582995,
        0.07814126636290693,
        0.017901060766830536,
        0.05314826356513461,
        0.008546537747006791,
        0.007625000613536816,
        0.003466797527298577,
        0.006568215816446216,
        0.23342766166925327,
        0.030563358676765368,
        0.007908770103129221,
        0.023142615545389312,
        0.01795564667757299,
        0.035990101558316744,
        0.2536762861459377,
        0.10085403680140956,
        0.07752880378699188,
        0.018577289184246653
    ],
    [
        0.013873616902901337,
        0.02343981429792082,
        0.002611579358102813,
        0.006187390947021617,
        0.009651846315680907,
        0.01005708878513829,
        0.09763853956421781,
        0.001252892477437143,
        0.004051795470342157,
        0.0043094496708617055,
        0.14339112252338182,
        0.01249963739567405,
        0.3529888603190339,
        0.01718546924407773,
        0.12637774347243064,
        0.023538645559845795,
        0.004341886020547484,
        0.06429538164112489,
        0.08230724003425904
    ],
    [
        0.036369452014237434,
        0.00584055383458039,
        0.013258567779909733,
        0.04450260950441443,
        0.0734278804502949,
        0.013549853303128408,
        0.02936082612739689,
        0.003649344120204627,
        0.004415096815272298,
        0.013442178681644906,
        0.03593164914277275,
        0.01287486991571988,
        0.07393478684620028,
        0.22946749752863926,
        0.05784150450628326,
        0.10977857095951372,
        0.07309959490743881,
        0.08370242341290987,
        0.08555274014943816
    ],
    [
        0.0049025062642255104,
        0.0012861579926123964,
        0.0012315910561820941,
        0.001836032960381255,
        0.003757267824656559,
        0.0074627737152810234,
        0.011183416355223729,
        0.0007430925771929201,
        0.0009304510161616584,
        0.0011872234797442537,
        0.018371197144203454,
        0.01204451961256548,
        0.07309659501924494,
        0.008162831405748786,
        0.029405869893698307,
        0.007693591779606631,
        0.0030374684610511796,
        0.01963682487997344,
        0.7940305885622465
    ],
    [
        0.02640015924512977,
        0.006831346438091498,
        0.029884854663037655,
        0.21674984960976956,
        0.18405810587645854,
        0.005404546386432318,
        0.011001534146462334,
        0.002968134170106256,
        0.005832291875807148,
        0.04296827967944964,
        0.01606694851840515,
        0.00393216157959414,
        0.01655478565158589,
        0.09228836306590153,
        0.018089704479743545,
        0.10999134088882039,
        0.1653782074676698,
        0.03255704017841624,
        0.013042346079118642
    ],
    [
        0.024829336826350062,
        0.004133394028175907,
        0.7185278792942625,
        0.005848649968841117,
        0.03144636111066006,
        0.007690932695928747,
        0.004126192593100283,
        0.002291980452544002,
        0.0044564940178847285,
        0.0817184475638675,
        0.009443657150425272,
        0.004238438511368219,
        0.007092381955044507,
        0.00755756243328735,
        0.006732570131663268,
        0.017465906723483013,
        0.040327873308978794,
        0.014614085138203902,
        0.007457856095930735
    ],
    [
        0.02069706428352864,
        0.015972673262194315,
        0.025084663869365177,
        0.03499023423681338,
        0.1268817906248477,
        0.009726026584239867,
        0.04435141502815429,
        0.0073501685844297735,
        0.04790833919809082,
        0.04128189864509331,
        0.04505894018999207,
        0.011377244504178105,
        0.03456514970696746,
        0.1832183628158657,
        0.05138792520387154,
        0.08444552147212415,
        0.1053100099852152,
        0.07537294013536323,
        0.0350196316696653
    ],
    [
        0.011924727717275855,
        0.10398894731000667,
        0.006056646220203317,
        0.004825604605202227,
        0.010847497260019148,
        0.016144149981201245,
        0.08433135178059994,
        0.004010282763061488,
        0.040896230355426166,
        0.01195077243977895,
        0.22600322646511728,
        0.054917692413392824,
        0.09206457585396723,
        0.011746891531543353,
        0.1603948770227306,
        0.02445720365373142,
        0.006414887910507056,
        0.0781391458167661,
        0.05088528889946912
    ],
    [
        0.06286915841069243,
        0.01618681372615627,
        0.01636274058146792,
        0.5983455441115221,
        0.04779844351723708,
        0.010705465232915616,
        0.011060252985176197,
        0.005863844936791434,
        0.009031559062429292,
        0.018080112458714277,
        0.018671920591146498,
        0.005069818593601774,
        0.02138659057827769,
        0.0223372278470825,
        0.018139547069931507,
        0.0495490249699456,
        0.02554863290172509,
        0.0268526333567132,
        0.01614066906847355
    ],
    [
        0.0025500842176966344,
        0.00023887920908351138,
        0.9548790190800315,
        0.0008634500463130555,
        0.005446375661886814,
        0.00042425565044874365,
        0.0002598666168834734,
        0.00014293510580910989,
        0.00023318399217465486,
        0.016860788534531615,
        0.0006425210831938643,
        0.0002255927449720956,
        0.000533369148893888,
        0.0007609670325658745,
        0.0005260036022445715,
        0.0027535618980579716,
        0.010746129335643017,
        0.0013937938820064067,
        0.0005192231575632351
    ],
    [
        0.0020540586148708917,
        0.005392411546854832,
        0.0008357694204587766,
        0.0011225376853720049,
        0.0028051197449435695,
        0.0021083711577381684,
        0.041431417679996106,
        0.000498259413747605,
        0.0032001616675309207,
        0.0016337820444566604,
        0.1493344960090365,
        0.007521595883951048,
        0.08515042574937598,
        0.0048247957749226415,
        0.6020721763456235,
        0.010019936884306063,
        0.0015478695036841403,
        0.050388126174550484,
        0.028058688698580074
    ],
    [
        0.0037312738563811446,
        0.001293533862925254,
        0.0007320765805159463,
        0.0009756360719369642,
        0.0014939175814357032,
        0.01964908870726286,
        0.006815450352597644,
        0.0006614493243054451,
        0.0007280568668285219,
        0.0006828516701221636,
        0.012943416651609951,
        0.021312947182450057,
        0.046584140327748734,
        0.002368029734301612,
        0.012597909132104894,
        0.0027202907750536643,
        0.001134388816459832,
        0.007547162466900674,
        0.8560283800390589
    ],
    [
        0.06144727266951007,
        0.027137054901184766,
        0.025707311436399236,
        0.11966977140958536,
        0.05151802572245593,
        0.02758420602956261,
        0.030316391028855562,
        0.010304613203931237,
        0.011595472271239695,
        0.039019746501652214,
        0.05835859136174082,
        0.02149597440977273,
        0.0807298261852558,
        0.04528243791855359,
        0.07702441550151973,
        0.13655033216238813,
        0.040244681689656676,
        0.08400133299427194,
        0.052012542602463914
    ]
]