[
    [
        0.019664442594770803,
        0.011311625401593884,
        0.043552773972751035,
        0.41763881890267,
        0.0026516639796323863,
        0.012862219412493561,
        0.007856932873037254,
        0.02569731084763164,
        0.010582853571509475,
        0.030870144262320723,
        0.16344482858646425,
        0.027463451317933978,
        0.00655418423343821,
        0.0240303433896871,
        0.016540898054466728,
        0.0978510867547523,
        0.07728605344007088,
        0.00414036840477584
    ],
    [
        0.003606105624891656,
        0.004405887983421642,
        0.010232505737478187,
        0.13401836094734926,
        0.0003177441879535045,
        0.0011143389480175174,
        0.0011330523759215607,
        0.012770836709162165,
        0.0030620523415302464,
        0.002500614348865848,
        0.008558410184956938,
        0.003093624475801268,
        0.0005077669820959935,
        0.0024264742070531213,
        0.00393146993509084,
        0.8007822607789262,
        0.006617301267205336,
        0.0009211929642785653
    ],
    [
        0.026156208754157775,
        0.05469014736077421,
        0.1802133547361878,
        0.11807928419845536,
        0.011465755016470503,
        0.02627979110083481,
        0.025891820017716508,
        0.02315202965459412,
        0.03785551441816356,
        0.0315045244941423,
        0.03605231388779941,
        0.057927407195109505,
        0.01770763381667036,
        0.02360411076635374,
        0.03836527713732127,
        0.17687941077382235,
        0.05226136824857075,
        0.061914048422855666
    ],
    [
        0.0001715416517385541,
        0.000400452035485855,
        0.001774889598241887,
        0.002967545139367736,
        1.622630536278075e-05,
        7.347993734324825e-05,
        7.603562446215026e-05,
        0.0002819599487142086,
        0.00044090009707002876,
        0.0001488946465237389,
        0.00028072799587308136,
        0.00018724762441619562,
        3.1862812235504984e-05,
        8.900262776037091e-05,
        0.00024728144859979996,
        0.9923744875221093,
        0.00034903529823472786,
        8.842968646092143e-05
    ],
    [
        0.0005484532382337737,
        0.005729592679471042,
        0.95238172271953,
        0.004871212727101306,
        0.0004533066229007859,
        0.0005150459150202697,
        0.0015643403502592196,
        0.0006851700370834711,
        0.009539480989063364,
        0.0010314431690024886,
        0.0020682436089391365,
        0.0007252405101808758,
        0.00034198120240015365,
        0.0008511025324656021,
        0.007218745474148587,
        0.008469128231225824,
        0.0015666813628181398,
        0.0014391086301557116
    ],
    [
        0.06120696196528861,
        0.007690858163799281,
        0.008801716589069924,
        0.02467550368521717,
        0.00452197881566831,
        0.2712432124383294,
        0.01333590181165957,
        0.035125721806200064,
        0.010954253075694472,
        0.21673829303989983,
        0.0564624868358476,
        0.032322463002811844,
        0.12130034873264987,
        0.024257505057547063,
        0.005758065209443328,
        0.013490800257374976,
        0.08447903684170814,
        0.007634892671790568
    ],
    [
        0.000172958770868221,
        0.0013861576887935511,
        0.004391357710576244,
        0.0007056370055357286,
        5.389781612618917e-05,
        0.0002077349931224601,
        0.0002845558467452569,
        0.00023752757730060675,
        0.9879328625575508,
        0.00029662095103049284,
        0.0003733615052570996,
        0.00015290725154501372,
        0.00011058184621883016,
        0.00012834638792806073,
        0.001604284399616933,
        0.0012952362816744099,
        0.0003310712370977243,
        0.0003349001730123136
    ],
    [
        0.0037135485785191684,
        0.0015486217724292681,
        0.0029189365355564096,
        0.0329643141316587,
        0.0007582268195752152,
        0.0026565817283558278,
        0.0018081393096240762,
        0.0066929275437215925,
        0.0012080008150077968,
        0.014539104948975166,
        0.8926598006457781,
        0.0023669888301529195,
        0.0015598286488548107,
        0.008595845112031895,
        0.0013671774177316342,
        0.004933760630875513,
        0.018955649083280113,
        0.0007525474478716907
    ],
    [
        0.06310157757166145,
        0.008327071026987548,
        0.012552042714786306,
        0.03688144861683601,
        0.013290154352478102,
        0.02900806318889991,
        0.016198724033474,
        0.059173148687984546,
        0.007265013798535882,
        0.0504427669072527,
        0.06011763378134994,
        0.11640020372340759,
        0.024584083121793613,
        0.33383091467264187,
        0.009674816789952405,
        0.02577610318567106,
        0.12857275107249388,
        0.00480348275379317
    ],
    [
        0.004446185252339856,
        0.0005078050020263925,
        0.0007780762687974715,
        0.005302365540864117,
        0.00017767619762032861,
        0.002207805980664168,
        0.00107275278546436,
        0.0008797362050665577,
        0.0003100110696576577,
        0.03036648197999798,
        0.01178062721047472,
        0.0036861049568995257,
        0.0009359520657760687,
        0.0017985110685898385,
        0.00019136615149593182,
        0.0016520083406487969,
        0.9336624582577527,
        0.00024407566586356238
    ],
    [
        4.757812600440135e-06,
        9.786960460821736e-06,
        1.4822777126668157e-05,
        9.172762474733316e-06,
        2.122561322831803e-06,
        5.050210785931128e-06,
        5.135933191531447e-06,
        3.471908169833721e-06,
        1.086939654075482e-05,
        9.232875488037597e-06,
        6.5127426661876965e-06,
        4.822767778753281e-06,
        3.3971478286883967e-06,
        2.7680089096700793e-06,
        3.1037095402943807e-06,
        1.0154247587125269e-05,
        6.251342129629472e-06,
        0.9998885668353981
    ],
    [
        0.00030925890133525695,
        0.0028229099223201193,
        0.008124120781215336,
        0.0012587998362423047,
        7.097236414405136e-05,
        0.0004230435847776767,
        0.00046087709510990937,
        0.00030467870625500214,
        0.9795131341785182,
        0.0005585309636780052,
        0.0005792216436579584,
        0.0002729002866672978,
        0.00020441339484861086,
        0.00016246954879951207,
        0.0013388697644054317,
        0.002307530219775799,
        0.0005934011839861385,
        0.0006948676242636039
    ],
    [
        1.9155266194517653e-06,
        5.498476210742726e-07,
        1.00174368270217e-06,
        2.0787303617023657e-06,
        5.486224203058177e-07,
        0.0001099697418452029,
        1.1225269903918477e-06,
        1.3549907051019593e-06,
        8.27036631558394e-07,
        1.2768030409717393e-05,
        3.4135330741856628e-06,
        2.8601600677768324e-06,
        0.9998501141889335,
        2.1744208289119403e-06,
        5.939721021762379e-07,
        1.0598658544754976e-06,
        6.850632647564854e-06,
        7.964292038998963e-07
    ],
    [
        3.7628685885562775e-05,
        1.676013771454632e-06,
        2.712726025388144e-06,
        7.768563465420428e-06,
        8.974480964452761e-07,
        6.651141337311641e-06,
        2.0993854996919236e-06,
        4.319889271947878e-06,
        1.3698368382194205e-06,
        1.0693776072825421e-05,
        7.3108911966656735e-06,
        0.9998759488932562,
        3.4909194864572975e-06,
        5.944746118221986e-06,
        1.1006143145732117e-06,
        6.8539543134760475e-06,
        2.2124763251598547e-05,
        1.40775179831196e-06
    ],
    [
        0.005205705287316295,
        0.0022475748404888665,
        0.004348349114622808,
        0.016388486241757448,
        0.013461747950397434,
        0.003614046938241225,
        0.003976033952463682,
        0.014645940544591646,
        0.001648121853823333,
        0.009882257443574955,
        0.04708380391810325,
        0.006954098307078215,
        0.0034864075979691486,
        0.8384235564989059,
        0.003441534727057221,
        0.0063661677905911245,
        0.01714397615473218,
        0.0016821908382852063
    ],
    [
        0.006209527951115738,
        0.0015295436670803761,
        0.0024147877219348043,
        0.035186749567387404,
        0.000617931127149108,
        0.001991141252815346,
        0.0024112530685618926,
        0.004519725047448346,
        0.0008414957989977777,
        0.021375137011818524,
        0.8020037551859821,
        0.003834887848182301,
        0.0009823285118723622,
        0.010479791618200689,
        0.0007080375590672904,
        0.005717856423119699,
        0.0986103576469074,
        0.0005656929923587355
    ],
    [
        0.003004436362553578,
        0.0003147764250172577,
        0.00038983893984680747,
        0.0029877654136155844,
        0.00010053301745927791,
        0.0019358621654498786,
        0.0007415213032481502,
        0.0007936215851404247,
        0.000205611115082338,
        0.012225680369906067,
        0.007018300669636341,
        0.0016483983513709134,
        0.0006482304872366835,
        0.0013041003728980632,
        0.0001389259700371851,
        0.0008910271427847319,
        0.9655510375626414,
        0.0001003327460753616
    ],
    [
        0.02178475990866577,
        0.014277633924110543,
        0.013981010561503544,
        0.04828884843950149,
        0.01514752800113964,
        0.018772917946097523,
        0.051292728330906,
        0.020505466181289275,
        0.008105143917101328,
        0.08662810209435512,
        0.4836315385566101,
        0.011179395008255478,
        0.013644782695361136,
        0.06838516878576,
        0.007837609740903416,
        0.014798262238995552,
        0.09769212671283892,
        0.00404697695660518
    ],
    [
        0.006200498843828945,
        0.014825355140053866,
        0.11362813147041403,
        0.044895157233446545,
        0.00278618347662904,
        0.015221531220846548,
        0.006470076217733538,
        0.01520968473007216,
        0.09857248973852849,
        0.01121231062840222,
        0.01691403747364933,
        0.010499348245641008,
        0.00976264118177731,
        0.009232976540490498,
        0.5412381262603683,
        0.0583772066813988,
        0.016563199190150063,
        0.008391045726569318
    ],
    [
        0.00040859536063995305,
        0.008418839111508949,
        0.9556639611828683,
        0.004868650598658815,
        0.00013642167751679285,
        0.0003351417847206895,
        0.0008782711002249843,
        0.0004090744334811503,
        0.010764233342883399,
        0.0006935476400893281,
        0.0013765153159280932,
        0.0004309617496783569,
        0.00017922799267261618,
        0.00032665852772536955,
        0.0024428300318205176,
        0.010900948792673365,
        0.00111878626626077,
        0.0006473350906487024
    ],
    [
        4.453643939449202e-06,
        1.1605125737593933e-06,
        2.0905902478579874e-06,
        1.966295419994218e-05,
        4.2439238101003656e-07,
        2.7902562491212047e-06,
        8.1052454757531e-07,
        0.9999181445250992,
        1.49038586883339e-06,
        4.449197474428575e-06,
        1.0717838803940302e-05,
        3.5704360153477596e-06,
        1.3401959564394172e-06,
        7.848288049439054e-06,
        2.3214255698915964e-06,
        1.0033343352779517e-05,
        7.872823562592307e-06,
        8.186661086480526e-07
    ],
    [
        0.0007847897241425354,
        0.0021190591086703895,
        0.011538150201792417,
        0.005217704460767886,
        0.0007391031586681898,
        0.0008934837834729559,
        0.0009884980539630033,
        0.003024842172495501,
        0.006561088095810317,
        0.0011441959743699584,
        0.002835657578075367,
        0.001069240480236442,
        0.0006677485212953897,
        0.0023641140586795825,
        0.9507333712439467,
        0.006669497759993478,
        0.001741543099917622,
        0.0009079125237023331
    ],
    [
        0.00040096389109004995,
        0.0006858444033330618,
        0.0021930974493459994,
        0.9721778713337543,
        6.844589310768117e-05,
        0.0003401842449293638,
        0.00027340006502548687,
        0.00165337094586245,
        0.0005310928692592533,
        0.0007826813146834166,
        0.0038980284681724496,
        0.0003713732485599329,
        0.00014379500767994988,
        0.0005555755705824507,
        0.0006786866313882294,
        0.012943356809333137,
        0.0021252683379092423,
        0.00017696351598387315
    ],
    [
        0.031013518058001496,
        0.17982212360324948,
        0.14822432420618906,
        0.08432840195576564,
        0.006787608723932357,
        0.020164068386811965,
        0.03483045274353578,
        0.02036151594793045,
        0.06676923710196542,
        0.025701488128914336,
        0.026618662796317995,
        0.0319529899814777,
        0.011134638076988107,
        0.012904101014406933,
        0.031782172334794315,
        0.18158135276332904,
        0.03904285449803015,
        0.04698048967835981
    ],
    [
        0.00012235311418236174,
        3.058702451492416e-05,
        5.212937516481835e-05,
        0.00014483096475210083,
        1.2934898385667218e-05,
        0.9923524404020488,
        4.727985850066443e-05,
        7.55711632190105e-05,
        4.8421111322904965e-05,
        0.0008403846417585673,
        0.00016262696883233705,
        0.0001591044691777833,
        0.005279354303983977,
        6.359172801581997e-05,
        2.609643495645684e-05,
        6.970259156317844e-05,
        0.00047642745772386236,
        3.616349189695468e-05
    ],
    [
        0.00958729623025696,
        0.0020885673731985883,
        0.0029288493178418824,
        0.008753803197321372,
        0.0007597958577958226,
        0.04897997452643551,
        0.004825115106437477,
        0.0022224181441683113,
        0.0018688062837268124,
        0.7985463509959979,
        0.021639768035543305,
        0.006336365066343458,
        0.01866656673683103,
        0.0031104066160670516,
        0.0007731970693321419,
        0.003337936212684062,
        0.0634913315580414,
        0.0020834516719767603
    ],
    [
        0.02648620323911168,
        0.0792067134005944,
        0.10889502140231064,
        0.052766499230839085,
        0.016855751183004915,
        0.026666110012935913,
        0.039463321482124586,
        0.03985407412185451,
        0.16686574990053388,
        0.03587453501308075,
        0.03403367507893104,
        0.027554552629281002,
        0.01815973912988818,
        0.027423809320726338,
        0.06032995211043698,
        0.08601201250614698,
        0.038816371489797066,
        0.11473590874840202
    ],
    [
        0.0340934537425,
        0.007479788545686939,
        0.00945694518485121,
        0.08541718041258384,
        0.0023018296854211825,
        0.113130745557796,
        0.010578345741883802,
        0.05276486300207774,
        0.007218869814535875,
        0.2666201937799329,
        0.11137895160565586,
        0.017763650510988212,
        0.024441136990795732,
        0.021966664109920743,
        0.004317685115870136,
        0.02104295039420514,
        0.20445621283433385,
        0.005570532970960794
    ],
    [
        0.014531816485303549,
        0.08912305348721887,
        0.08315448610180094,
        0.040272560328035646,
        0.007066521920964281,
        0.013645341445061583,
        0.4662540927147704,
        0.005484375488011217,
        0.02942057298025077,
        0.04902952392785092,
        0.05678600358920195,
        0.011721586617065863,
        0.00804511580385621,
        0.011161738838261964,
        0.009118602127546607,
        0.02639710008992362,
        0.0715700048210958,
        0.007217503233779723
    ],
    [
        0.005146394425047834,
        0.029958036692034756,
        0.1942736017403953,
        0.07009002101791964,
        0.001960344698083626,
        0.0045555191254191075,
        0.006068822323871539,
        0.012791579343861643,
        0.05080638594862721,
        0.006204801581300989,
        0.015557913114272959,
        0.005965817972655389,
        0.002661482348912878,
        0.006578680735859464,
        0.41623154653765776,
        0.15496815916830847,
        0.01167698130912076,
        0.004503911916650763
    ],
    [
        0.9998817605457953,
        2.3886565105859135e-06,
        1.6711533363563166e-06,
        6.682808155199869e-06,
        5.346536974550083e-07,
        4.238560812466548e-06,
        3.0507157004751415e-06,
        4.091099717137281e-06,
        1.140541853759077e-06,
        1.9295378237347588e-05,
        9.898666490648276e-06,
        2.7373111017650114e-05,
        1.749421303720926e-06,
        2.9250642939975127e-06,
        5.826758192664255e-07,
        4.928181212181023e-06,
        2.666923261664322e-05,
        1.0195334291993462e-06
    ],
    [
        0.0008682777161403412,
        0.9378095255890534,
        0.027099865296351226,
        0.004287501756822487,
        0.00023655135624365894,
        0.00040204041558136397,
        0.002861678939098807,
        0.0005791221354026488,
        0.00925865772420998,
        0.0009823069279269376,
        0.0017841274996398821,
        0.0005568652775201512,
        0.00021182403198414601,
        0.0004234781299397995,
        0.0015711034627488064,
        0.008660224044091712,
        0.0014354977226564544,
        0.0009713519745883213
    ],
    [
        0.002220039472102375,
        0.9437325405019262,
        0.00713557216976007,
        0.003796737416777096,
        0.0005236180446613191,
        0.0007461733118304414,
        0.019878668551829744,
        0.0007300613977986485,
        0.004163541397558344,
        0.002321817870356114,
        0.00287766150172491,
        0.0009585188298967171,
        0.00040481449837791097,
        0.0006866712560406772,
        0.0008746882357079762,
        0.004526993054013505,
        0.0028160071524300453,
        0.001605875337207576
    ],
    [
        0.028923156220505723,
        0.01208599784507511,
        0.008715003548637383,
        0.02851898449192653,
        0.006773190158434647,
        0.012182370165857263,
        0.11142531438819617,
        0.00691589158099838,
        0.004227755438763028,
        0.22269056744869445,
        0.3084192855329577,
        0.009981912228503618,
        0.007622183825633424,
        0.022211963792153126,
        0.0023739818550979406,
        0.00956851627719059,
        0.1941290926036701,
        0.0032348325977048335
    ],
    [
        4.653795741825613e-09,
        4.957325365532077e-09,
        7.0282103523666665e-09,
        7.160660108706073e-09,
        0.9999998633805356,
        3.4820603390857323e-09,
        1.809574652963436e-08,
        3.4284668427890953e-09,
        2.7426696219086514e-09,
        9.056453596642172e-09,
        1.5795192855927483e-08,
        5.913903947291622e-09,
        4.164686404257941e-09,
        2.7900919701987707e-08,
        3.425442118900583e-09,
        4.631976191647001e-09,
        1.0313017249512781e-08,
        3.868937388591604e-09
    ],
    [
        0.0010926904968412998,
        0.0003062311269467401,
        0.0006734111237423452,
        0.002381259800652532,
        0.0008640677065823264,
        0.0009013878065826976,
        0.0006646391654884764,
        0.0023492894629302324,
        0.00028492719592753996,
        0.002414596661928271,
        0.006569682121915493,
        0.0018958476881352387,
        0.0008264999017988402,
        0.9710037623852664,
        0.0004971399401695244,
        0.0010502820036178248,
        0.0060250361115745344,
        0.0001992492998995287
    ],
    [
        0.030510853541014328,
        0.006986799187521302,
        0.00819881975543206,
        0.5361460987731221,
        0.0011604579319678847,
        0.00821991792857836,
        0.005067006706933186,
        0.048316193972855054,
        0.0033561637756609193,
        0.03459760276462766,
        0.12512466819781462,
        0.012280790688610217,
        0.0031228180453747776,
        0.0130135743638166,
        0.0028105180088294902,
        0.050043986890158286,
        0.10848071915699797,
        0.0025630103106850264
    ],
    [
        0.0005216252488773331,
        0.0016452471469256432,
        0.0005049435445931974,
        0.0004730788636310556,
        0.0004326878074850139,
        0.00023018606461304902,
        0.9915382985466077,
        0.00012677726625207964,
        0.00025771422858158176,
        0.0009715406874950119,
        0.000893617118385091,
        0.00025870761308539533,
        0.00016363041806189682,
        0.000302391209622488,
        0.00010847424168572083,
        0.0003280424288193628,
        0.0010527027922272948,
        0.00019033477305107653
    ],
    [
        0.003019158778601087,
        0.0002491402031530043,
        0.0002490682825600491,
        0.0010259343916844998,
        0.0001142085781598355,
        0.0022335349936947607,
        0.0007411951191092571,
        0.0004579502538695977,
        0.00017511985435324058,
        0.9654610414033915,
        0.005194670499125103,
        0.0008523926877952748,
        0.0009124087981618295,
        0.0006934689157879044,
        7.878015651749143e-05,
        0.0003928371466386548,
        0.01796771966507785,
        0.0001813702723189455
    ],
    [
        0.04047761606522546,
        0.026407800028599444,
        0.04218166658592349,
        0.07098378273560708,
        0.08994482697379122,
        0.028998854614149028,
        0.03262538212988668,
        0.04953365181406072,
        0.019343954026817937,
        0.07388912220321484,
        0.10320527553522742,
        0.04558223327497706,
        0.028638069097587468,
        0.10134081769095352,
        0.019502190196650948,
        0.04553002723211709,
        0.05920824571228912,
        0.12260648408292153
    ]
]