[
    [
        0.04719889649384224,
        0.008657592334793438,
        0.0030214251194747455,
        0.007447769244439965,
        0.007860348294342059,
        0.12706429509521658,
        0.0029861154236521937,
        0.007593886044403906,
        0.047320709303446,
        0.0288660763531286,
        0.021048447552187793,
        0.013004251863099643,
        0.01254943389335728,
        0.034030532429303366,
        0.03497409777861191,
        0.05702998672275445,
        0.35763074300148373,
        0.18171539305246218
    ],
    [
        0.008965970745368743,
        0.5681160827750895,
        0.0019797449658204027,
        0.006702604747622305,
        0.014926011972077463,
        0.02526892905526339,
        0.003540509632686116,
        0.006349520054044292,
        0.0206407849465945,
        0.015430838943918574,
        0.018755796091806637,
        0.005232416704364518,
        0.19815596216346856,
        0.014133384051544646,
        0.0064217190491851345,
        0.03685362479003266,
        0.017772241538535,
        0.03075385777257757
    ],
    [
        0.03998357023360743,
        0.15249265283503932,
        0.002532691065371102,
        0.010480214755545907,
        0.010918908357920505,
        0.06938120879014086,
        0.006976919801378232,
        0.006623919751924593,
        0.021030120864240796,
        0.019591562708265155,
        0.06575706357467952,
        0.005369995313316999,
        0.25595004526006015,
        0.09481783228498872,
        0.011414341244991091,
        0.05113666758731031,
        0.07306158240964979,
        0.10248070316156957
    ],
    [
        0.009582586290561178,
        0.07695914172707696,
        0.004770554095198273,
        0.008639786935575981,
        0.09002757480295034,
        0.022208842070126102,
        0.04366297268196369,
        0.1495356418644552,
        0.16146958136312864,
        0.13025563608566146,
        0.02919001493986709,
        0.027635971662544622,
        0.02116922625588268,
        0.014969924844961305,
        0.013095587659926513,
        0.1435406359756523,
        0.02479214137657567,
        0.02849417936789193
    ],
    [
        0.028689500130704867,
        0.042653414993623504,
        0.0054911755537944175,
        0.04430849583552786,
        0.02018878066594025,
        0.06048390261890708,
        0.05369031016000302,
        0.016580660496983687,
        0.06566110844584232,
        0.10377609399934201,
        0.1051764993376731,
        0.03864212165029689,
        0.06906058282664401,
        0.05481854985212826,
        0.017056537761646843,
        0.05822016140697091,
        0.08414024648670912,
        0.13136185777726186
    ],
    [
        0.02513032223246917,
        0.0027556886090802746,
        0.0005713143775999518,
        0.0017707041157487531,
        0.0016054530571215837,
        0.03514460021797924,
        0.0014700871515814348,
        0.0017732286809524287,
        0.009041985838369728,
        0.00886276045203895,
        0.015843876836144157,
        0.0021577660781171106,
        0.0045850626598408,
        0.03845658962159996,
        0.005855766961478388,
        0.015053623537804293,
        0.7014791361706229,
        0.12844203340145097
    ],
    [
        0.00760124288028676,
        0.002788002618902706,
        0.0015023510495674865,
        0.9383607743448532,
        0.004502343867096542,
        0.010834289501197945,
        0.002248449628038275,
        0.0014250365082124667,
        0.003230922406430186,
        0.002298242201125929,
        0.002483985864311209,
        0.0016174132285481414,
        0.0028705071027583986,
        0.002784271447918935,
        0.0034681712542159893,
        0.003568481391838402,
        0.004353644793781695,
        0.004061869910915738
    ],
    [
        0.010322968841734906,
        0.007458633364748304,
        0.002639551375161243,
        0.007216030329407465,
        0.017204711818343446,
        0.02803823678604963,
        0.027903794257298508,
        0.03937987301134417,
        0.19918251468469636,
        0.3693171374610086,
        0.05487593749456024,
        0.08106208875137434,
        0.008460448598581555,
        0.01453267966478651,
        0.010712012901785129,
        0.02976276013600796,
        0.048748873711268584,
        0.04318174681184308
    ],
    [
        0.004932908311013344,
        0.00902475838975873,
        0.0007577652923832988,
        0.0017429050205500162,
        0.005410630205618293,
        0.023995848511881128,
        0.004353804577294852,
        0.005906358637517706,
        0.057125669000455216,
        0.09869115603791,
        0.5977511258647127,
        0.015766713505390335,
        0.020912572208251986,
        0.014515768536741185,
        0.002969287215152465,
        0.014596475424129559,
        0.04266410232335351,
        0.07888215093788574
    ],
    [
        0.006366090891618929,
        0.005822496774866525,
        0.0011694755716206864,
        0.0022503537791802196,
        0.016127671046509674,
        0.019843542640302907,
        0.00542531824349001,
        0.045857440275051904,
        0.46625031898834596,
        0.25980159896129085,
        0.022526853617689014,
        0.019746024582268682,
        0.004833170807783195,
        0.008112311803914031,
        0.0076399283409476,
        0.04440851731788281,
        0.034953714379745475,
        0.028865171977491517
    ],
    [
        0.008467669957712098,
        0.017024700446190092,
        0.001632561426584048,
        0.0035381987469786753,
        0.010760232995510577,
        0.05051550857100534,
        0.008590534833642256,
        0.01764116277705115,
        0.2056165738690294,
        0.1773402108064683,
        0.15664728852014398,
        0.02896165989599959,
        0.0352549592179885,
        0.01790610952921057,
        0.009588216251101834,
        0.027762419251037052,
        0.08995878998347621,
        0.13279320292087032
    ],
    [
        0.003210728751928702,
        0.0029231302854281598,
        0.002112514918285611,
        0.0017635019936314631,
        0.0045736505194064435,
        0.00758463224308524,
        0.002286326556800089,
        0.004326895714113811,
        0.015113057233332483,
        0.01772305852275321,
        0.010906523589690777,
        0.8881317664395112,
        0.004922041487483268,
        0.004565585190049136,
        0.00307923708496061,
        0.005936327265689215,
        0.008781450365368105,
        0.012059571838482394
    ],
    [
        0.001676712670002466,
        0.003137547951449081,
        0.0011709346652929926,
        0.0015063149565743262,
        0.010933088021347103,
        0.00479223414614472,
        0.008529043188258471,
        0.7894191624018285,
        0.09266056877685544,
        0.03835345703055615,
        0.004806290301282655,
        0.014527296463252758,
        0.0022412048913462105,
        0.0019258900538525192,
        0.005557793200434625,
        0.007937035165487483,
        0.005742142456024845,
        0.005083283660009815
    ],
    [
        0.007208818917788663,
        0.014871503860357353,
        0.0014903377111297725,
        0.003214214231850507,
        0.018154954576880482,
        0.017857202975613794,
        0.009066545428588658,
        0.014567306465320824,
        0.09408146451391815,
        0.47178822281856797,
        0.14072934530855716,
        0.05674348122911734,
        0.016747556292464463,
        0.0170581486505755,
        0.0038825310755228578,
        0.03834579843445241,
        0.026179170093954835,
        0.04801339741533927
    ],
    [
        0.027219125435745534,
        0.020595922518885163,
        0.007378122373012359,
        0.7107693958615069,
        0.025031655132203665,
        0.030526988531633003,
        0.011249399053137902,
        0.00913387731048681,
        0.017138975492080242,
        0.013070734647537125,
        0.01045732119753947,
        0.007640064222507332,
        0.014148265188640423,
        0.013958539996844,
        0.017031476450196904,
        0.028033039701647583,
        0.01842880397555409,
        0.01818829291084143
    ],
    [
        0.05872288755646148,
        0.001824513774284674,
        0.0005756650289920076,
        0.001496698692353388,
        0.0037883844717898764,
        0.8574023498907,
        0.000636033731025847,
        0.001222712506794002,
        0.0056733016665079135,
        0.002699627430456736,
        0.004255764264011599,
        0.001452296588146334,
        0.0026058736153554505,
        0.004924917812727102,
        0.005539126155709918,
        0.005642673576935446,
        0.025985873159775356,
        0.01555130007797265
    ],
    [
        0.01672716053284014,
        0.05924576579284992,
        0.002154187843742039,
        0.010146008648043377,
        0.03264549964772844,
        0.18303446993011688,
        0.01120123774082094,
        0.016980665265361808,
        0.14457465066436714,
        0.06523904814959253,
        0.09332066188633736,
        0.013923723856481699,
        0.08490597235909905,
        0.02108584222016562,
        0.013168241858678504,
        0.04605579531187352,
        0.07742724864094076,
        0.10816381965096028
    ],
    [
        0.0007425563650260387,
        0.9551711480134566,
        0.00031297296560363634,
        0.0005863681989500367,
        0.001262404586421854,
        0.0017538271035986025,
        0.0008242049040983103,
        0.0010819479359740064,
        0.002334813979003761,
        0.0019317771376688624,
        0.0021851678943431672,
        0.0007044924556811761,
        0.018108748049959846,
        0.0018704373456764126,
        0.0008023938094649197,
        0.00555908343543473,
        0.0019406017627139809,
        0.0028270540569242672
    ],
    [
        0.008577587019893432,
        0.0027428760828439747,
        0.006165173327592887,
        0.0036465929561718697,
        0.0025285289681080763,
        0.010177593575879836,
        0.0011502942169710146,
        0.0034282248298165307,
        0.004471005195527224,
        0.0022178631329344313,
        0.0017038919052401649,
        0.0018651207492458063,
        0.002532708652440937,
        0.00338403092884237,
        0.9247915174414884,
        0.005901301308870498,
        0.009390693973331346,
        0.005324995734801352
    ],
    [
        7.589131859318158e-06,
        5.425117447303729e-06,
        0.9998701285253616,
        6.544094799607456e-06,
        5.178902141610125e-06,
        1.0322230564542133e-05,
        3.5586491726429825e-06,
        6.126098533450464e-06,
        7.294010275553006e-06,
        4.796612642767439e-06,
        4.223666424429474e-06,
        8.121065748205261e-06,
        5.508631746711934e-06,
        5.8550757096448885e-06,
        2.45213570563824e-05,
        7.603734908151084e-06,
        9.578476691893773e-06,
        7.624618916416195e-06
    ],
    [
        0.0016510989412035397,
        0.0013893699917394027,
        0.0012660908439799596,
        0.000862613060204085,
        0.002115797478942484,
        0.003902674332696881,
        0.0018161972773757932,
        0.0026267311391334064,
        0.008585073888313026,
        0.009870834048475198,
        0.005812258765208929,
        0.9385781757594084,
        0.00201293014003771,
        0.0026143051575003846,
        0.0017451115359321642,
        0.0035464402611084587,
        0.005409826623144792,
        0.006194470755595563
    ],
    [
        0.006344121586929308,
        0.007487213144972864,
        0.0010128012887144092,
        0.002505142894280267,
        0.006873055532699315,
        0.013581262658233001,
        0.012764584775630368,
        0.013411771769994129,
        0.1021856835666441,
        0.5470719797662619,
        0.040717396539896235,
        0.01696106097956,
        0.006022819705194225,
        0.01734673962424094,
        0.004588301666062129,
        0.10064611370397872,
        0.04891068988096333,
        0.05156926091574481
    ],
    [
        0.029821858469174536,
        0.008992028820362204,
        0.003957170971898433,
        0.8103966372161125,
        0.011139773341336678,
        0.03386381904147454,
        0.004946686580201573,
        0.004221615365475203,
        0.008637634137305434,
        0.005690737779585928,
        0.006047842539875501,
        0.0030247643864977714,
        0.008217688296043952,
        0.008449017441452846,
        0.015244901255319486,
        0.011490912562514312,
        0.014082357606331489,
        0.01177455418903764
    ],
    [
        0.005720321845145274,
        0.001101315541768578,
        0.0001562481706648624,
        0.0002910647527660447,
        0.00024373424858970167,
        0.002962219439649747,
        0.00032259288744029146,
        0.00020839185351950856,
        0.0007256695090610832,
        0.0009098267932753187,
        0.004185381768859586,
        0.00038016101610842076,
        0.002230011979749472,
        0.9420195407383671,
        0.0005795170191646901,
        0.0030353597616086607,
        0.018095162777950664,
        0.016833479896310975
    ],
    [
        0.17282805396810497,
        0.02184578635037758,
        0.007774576889669006,
        0.007897780431733751,
        0.006485184699639606,
        0.057678034197969935,
        0.00503620665686261,
        0.005729799924397395,
        0.014572327811790145,
        0.012315387138560846,
        0.019205229896316442,
        0.007350099435964327,
        0.023143686418134975,
        0.244697400022271,
        0.03843532386769563,
        0.09133047962103567,
        0.16754445213823194,
        0.09613019053124414
    ],
    [
        0.004097373696555904,
        0.006303511663054374,
        0.00055336524606546,
        0.00169257571481543,
        0.004230984262865271,
        0.011724726157749901,
        0.005135889919831792,
        0.0027593901375380352,
        0.015990652667028295,
        0.04345936425929987,
        0.8112883575245078,
        0.00941758162654086,
        0.013864422548872253,
        0.012184462546717952,
        0.001426786712335262,
        0.008397029085431041,
        0.01542336185119754,
        0.03205016437959309
    ],
    [
        0.03868916033301332,
        0.03154878679489725,
        0.00389488089276384,
        0.004357079823556377,
        0.005595769254430346,
        0.03331387446054549,
        0.003277957188215802,
        0.004694219068926699,
        0.01626318091640461,
        0.019776748080950382,
        0.045666964435559294,
        0.009670694398373912,
        0.053165890014022964,
        0.36141095004124674,
        0.009830134432896178,
        0.08106406661031744,
        0.10802059453038423,
        0.16975904872349512
    ],
    [
        0.014288039221889341,
        0.02731231830232879,
        0.01378405080127128,
        0.007849104135397574,
        0.029396282647337017,
        0.054022622130012715,
        0.009695746165340044,
        0.1235658668867427,
        0.12554257070805233,
        0.03014985957683003,
        0.013308064598245802,
        0.018888963527508417,
        0.01707518226590282,
        0.012245429535540201,
        0.35816195150221575,
        0.05937678050147308,
        0.051763324658785734,
        0.033573842835126384
    ],
    [
        0.0027090444241389612,
        0.047320165483946686,
        0.000889418095033188,
        0.0016858732899679779,
        0.00212601977180779,
        0.00627856899381777,
        0.0012310809526655062,
        0.0016402262574556977,
        0.004955401199495179,
        0.005197808552790872,
        0.011621620182192913,
        0.0030567234809269405,
        0.8726504983069381,
        0.008151282580562936,
        0.00202991650535392,
        0.006467137257918218,
        0.007272009895659319,
        0.014717204769327983
    ],
    [
        0.0023721745997836293,
        0.004340816057270692,
        0.000868812322614971,
        0.0018835346776095632,
        0.014370353406967759,
        0.00910394493471551,
        0.004777479992447358,
        0.39050411300831994,
        0.46591886939015653,
        0.042077479638962016,
        0.004900601177099076,
        0.006589246947886558,
        0.0025512286832054623,
        0.0024071528667840144,
        0.009486468731108779,
        0.01946498317615347,
        0.0105295686694299,
        0.007853171719484678
    ],
    [
        0.0010275310275521205,
        0.9427561793938442,
        0.00020181188829190532,
        0.0006388787239834366,
        0.0016398278794979059,
        0.0026930257046316477,
        0.0008740062837981891,
        0.0009727765649149555,
        0.003288687926755127,
        0.0027464327674384457,
        0.0029452688624684977,
        0.0006084792343607835,
        0.011266570731848507,
        0.0026015910340497278,
        0.0007131733725530226,
        0.017535661761481396,
        0.0029278987799551577,
        0.004562198062575041
    ],
    [
        0.01824090240789271,
        0.04004353580529156,
        0.0017443257822999157,
        0.0037797735798138932,
        0.009083556978090528,
        0.022440386141578793,
        0.008894249715183112,
        0.007662431391917633,
        0.030414941762739,
        0.0568383621582818,
        0.06710126403908317,
        0.008802933579982072,
        0.02278890409335716,
        0.11140575603358778,
        0.005609061390154683,
        0.4230018774529392,
        0.06495342041777297,
        0.09719431727003391
    ],
    [
        0.0029333253328648547,
        0.007927361939838076,
        0.0007431871942786239,
        0.002027400764114855,
        0.008031649696706155,
        0.011112891521439391,
        0.017569766438745856,
        0.014204321572662725,
        0.1920025204772849,
        0.6012756353554616,
        0.031477441418014576,
        0.021862748598507214,
        0.007069509374428612,
        0.005965137423519785,
        0.003186180170079231,
        0.026142457007203006,
        0.019149658311192416,
        0.027318807403658177
    ],
    [
        0.005225562442380514,
        0.011007373851623002,
        0.0005421634388893239,
        0.0010409330513454797,
        0.003970614048913687,
        0.009703970853596464,
        0.0033600355778660132,
        0.003924770857439677,
        0.013446653470930324,
        0.009629452466087015,
        0.005966435004500191,
        0.0016804291046143053,
        0.003493975748008844,
        0.009655876341319937,
        0.003380060779415107,
        0.8779506567953422,
        0.02050167415672677,
        0.015519362011001016
    ],
    [
        0.8848322889784631,
        0.002238240684196329,
        0.0013791848723997766,
        0.0023632603043741737,
        0.0018644376380314775,
        0.03301563170332323,
        0.0010469472318195296,
        0.000927499565487307,
        0.0024470308278387054,
        0.001786188899142782,
        0.003289583039247877,
        0.0012231167705329489,
        0.0028340422178491937,
        0.01479829568491751,
        0.0071638151922038444,
        0.006501463147704685,
        0.020720806657031507,
        0.011568166585436045
    ],
    [
        0.016626012115310302,
        0.007383072688117035,
        0.002746994120960178,
        0.006651693055598156,
        0.029772961840154988,
        0.05242241915869352,
        0.020337102019631115,
        0.032879111513911055,
        0.22175250961779328,
        0.26915064453875853,
        0.07189286717139391,
        0.08631925054694341,
        0.009036313241308306,
        0.01605602699543069,
        0.011652221180666096,
        0.029914635418387826,
        0.06044701482589624,
        0.05495914995104532
    ],
    [
        0.013968343801419505,
        0.12392301849710538,
        0.003544870889594613,
        0.0065723606942646815,
        0.01494899740111979,
        0.028396836945049582,
        0.006930811011681497,
        0.015175949106921514,
        0.05828822558261334,
        0.09603498984807361,
        0.09803917175883889,
        0.02840200658762786,
        0.18733245809985663,
        0.0531517435134717,
        0.009878002020646473,
        0.08755014287210536,
        0.052054653038135536,
        0.11580741833147401
    ],
    [
        0.00233981238900359,
        0.003987077774298026,
        0.0019973554846738632,
        0.0021721448125673827,
        0.013566960741780175,
        0.006301306347400888,
        0.007566641724098739,
        0.8515376744734761,
        0.04504979880422148,
        0.016878219930725483,
        0.004472618858384355,
        0.008624243208217882,
        0.0028517201364667505,
        0.0022160491270809403,
        0.011865337242207768,
        0.007202727667766093,
        0.0062986004541381105,
        0.005071710823492449
    ],
    [
        0.007821634236534002,
        0.003108296827423404,
        0.00033150134211541173,
        0.0006684926362597049,
        0.0009621301731619341,
        0.010548734309938275,
        0.0009239778067585501,
        0.0008564048983342986,
        0.004861206237656682,
        0.009313033199395589,
        0.0927520216363046,
        0.0025410089837143556,
        0.008935022478909677,
        0.19975492870244313,
        0.0013378859301436026,
        0.01095261467124823,
        0.10299658973944482,
        0.5413345161902137
    ],
    [
        0.010324663645187374,
        0.004061100076822574,
        0.0070702045327666,
        0.0031246570649083876,
        0.005124873938860357,
        0.01914889506917904,
        0.0030138291471429285,
        0.0119209360783468,
        0.011770615038204998,
        0.004961262836085552,
        0.0036986191976119505,
        0.0036490873004858633,
        0.0036326344222908915,
        0.005130707246522257,
        0.8657439535756954,
        0.009535662313933475,
        0.01901732972887919,
        0.009070968787076375
    ],
    [
        0.002547035606439436,
        0.007362633696750222,
        0.00032047313737163744,
        0.0006681332859291607,
        0.002429277015930493,
        0.004922337814530044,
        0.001335129535570585,
        0.003027226565783133,
        0.010938724474744404,
        0.007856461980449085,
        0.0035998175939037256,
        0.0011244081690396396,
        0.002293942054225948,
        0.005265954511777294,
        0.0020870909927761115,
        0.9233379664719128,
        0.01145875096562073,
        0.009424636127245527
    ],
    [
        0.035737056871156046,
        0.033042844243649866,
        0.007297985068304135,
        0.01447914604436427,
        0.01317206469253159,
        0.04495525858690529,
        0.1919572455268084,
        0.016016335347558662,
        0.03741277469619056,
        0.055092286850721026,
        0.10597920162256566,
        0.024005136137885855,
        0.040095275049977876,
        0.10723902781956404,
        0.01854582500619454,
        0.05728267974920726,
        0.09995207220391582,
        0.09773778448249909
    ],
    [
        0.1404484699494303,
        0.01815354921894902,
        0.01580464828899861,
        0.4089769587234432,
        0.023530190957427314,
        0.08192511698023243,
        0.011701026004106186,
        0.011916479873782488,
        0.02192603921415986,
        0.01619684342353372,
        0.018372198384855584,
        0.010656990244929528,
        0.02052684135543872,
        0.03167015683683602,
        0.05672188495386343,
        0.02893862232015108,
        0.046415298157675665,
        0.0361186851121868
    ],
    [
        0.0044928800335150305,
        0.03965191191003332,
        0.001317631743797542,
        0.003106253725148823,
        0.025692280868842024,
        0.015766352600897253,
        0.00798415951624257,
        0.05020645726657236,
        0.3444609766324745,
        0.29506110507575056,
        0.03740028316697577,
        0.014746523838635815,
        0.017282467532421072,
        0.009377478122969282,
        0.005245246615931077,
        0.07844366637439736,
        0.021211503130282566,
        0.028552821845113163
    ],
    [
        0.05418883814340179,
        0.01546497333718583,
        0.008868628909493456,
        0.020880215629943535,
        0.08881057555527136,
        0.4127310992196321,
        0.007662125400792954,
        0.021689800190117937,
        0.06169056411308314,
        0.019638337259585376,
        0.015378586666289206,
        0.01605363415996282,
        0.01641203312829666,
        0.012406380121762704,
        0.11176400159435176,
        0.028702608978574937,
        0.04966967862673208,
        0.03798791896552236
    ],
    [
        0.00767516843035383,
        0.009332541671410148,
        0.003056968861672616,
        0.010190635670455724,
        0.7645005213661799,
        0.022618426280256048,
        0.01713601189585449,
        0.03116244147000231,
        0.041389893497217466,
        0.02009556781361648,
        0.010153600616467445,
        0.012918063147127384,
        0.006220635768980594,
        0.0043703606517450375,
        0.007747902914508064,
        0.013255712879849214,
        0.009020989139833175,
        0.009154557924470008
    ],
    [
        0.01615310740906121,
        0.09653316295742352,
        0.004324535303996345,
        0.01049463583614657,
        0.21499942935216146,
        0.04051266200220049,
        0.047115515112067435,
        0.04749262003593606,
        0.10468575497781495,
        0.06879819494121447,
        0.03150884588603307,
        0.016917003473206155,
        0.023196639461403136,
        0.017940346758355853,
        0.012317064501797433,
        0.18434301715235507,
        0.028963725954869877,
        0.03370373888395698
    ],
    [
        0.00958247670806441,
        0.054705808540167794,
        0.0017668903734947923,
        0.003276489544514442,
        0.004630158669945492,
        0.020075179406214363,
        0.0020303666918171158,
        0.0035597166562453524,
        0.012647834689962221,
        0.013779900864764244,
        0.038977347091196365,
        0.006705953959505263,
        0.6800304321009331,
        0.03345400888876975,
        0.005168398548795173,
        0.018488614599036994,
        0.028067357810772957,
        0.06305306485580014
    ],
    [
        0.002912224043694311,
        0.003618446801173753,
        0.00027607076217859845,
        0.0005292859317743045,
        0.0014090787625201777,
        0.006917710310743101,
        0.00129591395773106,
        0.0009661827642675786,
        0.005213392230821217,
        0.01057067354227056,
        0.8862405211665191,
        0.002874122030910865,
        0.009372777723699483,
        0.016011227752600478,
        0.0007315462691650838,
        0.005517199351757066,
        0.013214901209589706,
        0.03232872538858358
    ],
    [
        0.002153150440544096,
        0.0037206337627580795,
        0.0009239194592098697,
        0.0022015407571907343,
        0.005656601579399331,
        0.0038892996497609444,
        0.9086314094944284,
        0.006974540900746041,
        0.010480740549134114,
        0.01613404736012721,
        0.007983310764177487,
        0.006985269081663669,
        0.0027410735531176763,
        0.0032400457224618573,
        0.001860483157101567,
        0.006711734634201536,
        0.004662304789453995,
        0.005049894344523543
    ],
    [
        0.02879980314398701,
        0.02736673075163291,
        0.011903345219859937,
        0.38764685162927187,
        0.08232775993594914,
        0.05265129363594958,
        0.02448707383931709,
        0.03134829110017863,
        0.061759456479506966,
        0.052338160419999676,
        0.03190543452467959,
        0.035132935806900245,
        0.026775997210356325,
        0.019732535408559484,
        0.02317284702516551,
        0.03557989665973122,
        0.03179054503268441,
        0.035281042176270365
    ],
    [
        0.02999838231102861,
        0.15735025371549735,
        0.013995730471367394,
        0.13292108190266466,
        0.04168883752496419,
        0.07278429977161967,
        0.01601248025907078,
        0.023632450664002987,
        0.05911777820382841,
        0.038200480789480594,
        0.03260038827478523,
        0.019731062624545572,
        0.08007225105831411,
        0.03623824974963439,
        0.03215016529850299,
        0.10225925616376756,
        0.05321395742756347,
        0.058032893789362085
    ],
    [
        0.0103835054983857,
        0.02460537765045543,
        0.002221117952143911,
        0.007417357916845027,
        0.03275421463273863,
        0.03940691984134282,
        0.009269913392898956,
        0.09256374226161829,
        0.4201546704545194,
        0.11033176671761669,
        0.020263825325741003,
        0.012573099312263506,
        0.015783708650449563,
        0.010745002291155733,
        0.02861996391702216,
        0.07404895179351484,
        0.04581637891564616,
        0.043040483475642155
    ],
    [
        0.0526142867859344,
        0.026992261512306725,
        0.009601359640200093,
        0.015595799593476442,
        0.013388293510608669,
        0.06192273071674475,
        0.12434137871249192,
        0.01837612044724739,
        0.04125643790851512,
        0.04612898012840052,
        0.06401183060157865,
        0.022449786733331607,
        0.030104400647358153,
        0.10281446470080835,
        0.03635985213391705,
        0.06884664022237914,
        0.15705673828178224,
        0.10813863772291879
    ],
    [
        0.006142173833785572,
        0.3806109620871104,
        0.0011568503489773664,
        0.0025567926135906423,
        0.01039361817760748,
        0.017385664256889078,
        0.0048603973457507325,
        0.007838278539309948,
        0.02964819319451163,
        0.020455238380409534,
        0.015813574988057466,
        0.003813355095851935,
        0.026346813117709176,
        0.015194152719518914,
        0.004957934435357773,
        0.3998777530636421,
        0.02305828123900228,
        0.029889966562918084
    ],
    [
        0.029175914650160527,
        0.0033043058555867802,
        0.0007593160009029579,
        0.0012467018717445388,
        0.001384620674486329,
        0.016263298325181204,
        0.0013507575210846678,
        0.0014041754123157754,
        0.005683240830187172,
        0.0077113852584422046,
        0.02287059956390359,
        0.0029424399720400342,
        0.0058169852915911265,
        0.5100511353818032,
        0.0035858015875596815,
        0.0193251496644122,
        0.2321444580178792,
        0.13497971412071869
    ],
    [
        0.006966335108619125,
        0.002622159628706718,
        0.00029315104771114137,
        0.0005597598735834408,
        0.0004537208371728323,
        0.00437107801307679,
        0.0005068957091550568,
        0.0003527358737511188,
        0.0012323766359304228,
        0.0016531362642933246,
        0.008966255672559662,
        0.0007853821017156803,
        0.007130754863904006,
        0.9152988099384872,
        0.0008366593843877859,
        0.0047288193823108796,
        0.016882944128107272,
        0.026359025536527508
    ],
    [
        0.0006737442089052864,
        0.0013141134483163944,
        0.0002686863301987479,
        0.0006833181305310332,
        0.0014613602174950967,
        0.0011906447853617895,
        0.9738320187114545,
        0.0025405956198358997,
        0.003152318359450816,
        0.0037358444475232536,
        0.0017000814644688124,
        0.0010591940479475264,
        0.0007420615304737366,
        0.000989643172646906,
        0.0007355003681492868,
        0.002856078531040634,
        0.0015885147527188626,
        0.0014762818734814164
    ],
    [
        0.04743348433821787,
        0.020281070633492562,
        0.008730887979450512,
        0.006105160681956262,
        0.008455214540684635,
        0.05779406922979854,
        0.01283253029055792,
        0.008136827319479243,
        0.027532966491065805,
        0.03135494035553191,
        0.06247649735368818,
        0.04595525464948552,
        0.0352390120163259,
        0.1755327936318161,
        0.019904037773181633,
        0.06218850960212848,
        0.17831355190996864,
        0.19173319120317034
    ],
    [
        0.02150094773858514,
        0.0357878687718656,
        0.02535810811437443,
        0.041660935894753705,
        0.06713907040174477,
        0.03986513393837699,
        0.3403017813070472,
        0.05547964929701304,
        0.06426176957442331,
        0.05671803088872112,
        0.03692144907957391,
        0.034518062539287055,
        0.02342184999954621,
        0.021797830753003015,
        0.023481510453736334,
        0.04638837747852395,
        0.033169906293444955,
        0.03222771747597928
    ],
    [
        0.009719853691031873,
        0.5683518002000143,
        0.002382969190488404,
        0.006189030446664216,
        0.010749888152176354,
        0.021984697469975768,
        0.0072705650391869745,
        0.00957745062492416,
        0.01958028795613472,
        0.015996795599637768,
        0.027431037277991722,
        0.00481281968391396,
        0.1792439203806827,
        0.02209273337245837,
        0.008715358543787202,
        0.03336913390768227,
        0.023008086590148323,
        0.029523571873100913
    ],
    [
        0.004772981161719759,
        0.0017922699453604212,
        0.00030215132881769726,
        0.0003686632051838771,
        0.0005736799688820878,
        0.008756601184014641,
        0.0006395238043012146,
        0.000770391115963037,
        0.004010734375383359,
        0.004702445964579664,
        0.014186078430427095,
        0.0016449374374644652,
        0.003768019202063894,
        0.050353833652285324,
        0.0019384791234423554,
        0.008913671369040714,
        0.6516547036712848,
        0.24085083505978575
    ],
    [
        0.0018561100171803077,
        0.8867885552313335,
        0.0006770487245434991,
        0.001048514610253929,
        0.0028215614728715195,
        0.004646956483283531,
        0.0016238130627305872,
        0.0022840125837368407,
        0.005108599037078002,
        0.004075372855087438,
        0.006098389962119153,
        0.0014611916657259574,
        0.05249929870205152,
        0.0047006589586842005,
        0.001770525329282022,
        0.010650744585311097,
        0.004866287908455073,
        0.0070223588102717414
    ],
    [
        0.042993664322906494,
        0.02738243377971176,
        0.02450571897291648,
        0.24575311314452086,
        0.05407527812024556,
        0.07329154396252308,
        0.11897461432076296,
        0.03618657941586083,
        0.053291861577845726,
        0.03913343007419916,
        0.034277535939250474,
        0.028531450440892912,
        0.024046904405463213,
        0.027808400154396076,
        0.04303845944688621,
        0.04031043498471425,
        0.04775187330511515,
        0.03864670363178879
    ],
    [
        0.010315456068520594,
        0.005330498639223842,
        0.0006264159236355244,
        0.0010070827581232478,
        0.0009633944686681551,
        0.007248907334132329,
        0.001739562307666909,
        0.0008887368995846614,
        0.0028813922757464014,
        0.004365377816895211,
        0.02392663830771962,
        0.0018171876690193539,
        0.011669345297565718,
        0.8332910111117369,
        0.0017627684477881163,
        0.010424532145540425,
        0.03390217428301695,
        0.047839518245416046
    ],
    [
        0.06103103420551618,
        0.0518328676308941,
        0.009543195138742367,
        0.3769910236141354,
        0.03895566740443957,
        0.06880410875294078,
        0.014100495300209702,
        0.017123493256677464,
        0.03407887613483193,
        0.027165720506302598,
        0.02751276924850769,
        0.014958851531149845,
        0.049780162042328824,
        0.035862952069044086,
        0.03508463848424405,
        0.04750520223721419,
        0.04339499894424532,
        0.04627394349857606
    ],
    [
        0.06656570711453486,
        0.00614294497127384,
        0.0011980845776961703,
        0.002873558506209172,
        0.012084396675055833,
        0.693713598126255,
        0.0017799363171579362,
        0.0025958803552939814,
        0.01646658453602473,
        0.009545642789000648,
        0.017704316917407256,
        0.005166148341257202,
        0.008409418679040971,
        0.015613271996512752,
        0.005537483842401236,
        0.022394099635025845,
        0.053373575384851074,
        0.05883535123500168
    ],
    [
        0.1685070504997369,
        0.03275886842909906,
        0.052878708741947715,
        0.05681421343209124,
        0.029587767941198474,
        0.16062327749270439,
        0.014103818752046297,
        0.014681580679003887,
        0.03304811345338316,
        0.02349670165390544,
        0.03486973386796136,
        0.015523179576367676,
        0.03772617996410117,
        0.058868297890831346,
        0.05643980184031133,
        0.05059490079602667,
        0.0888401876819306,
        0.07063761730735331
    ],
    [
        0.012239970562415454,
        0.012602377572685312,
        0.0009831646202100688,
        0.0036739741688779854,
        0.00802736853961885,
        0.019672815246045534,
        0.004151399446202575,
        0.007171178781499195,
        0.03357254854093812,
        0.02835582666034615,
        0.010341941931076603,
        0.0038491113490381717,
        0.0060421365287358034,
        0.016086487397381787,
        0.007352817755501558,
        0.7463072296161624,
        0.04239829412742555,
        0.03717135715583905
    ],
    [
        0.007244158447094595,
        0.007238860394210807,
        0.0017522830468541988,
        0.006606545508115272,
        0.7288278293881905,
        0.03432087185740608,
        0.005497116143449839,
        0.025510319157899645,
        0.08479030918727812,
        0.023504962757822937,
        0.00815194790064797,
        0.011889259130759975,
        0.005496331361790498,
        0.003535525820346336,
        0.009139924558294963,
        0.014578726648086954,
        0.010659381400747549,
        0.011255647291003612
    ],
    [
        0.012379104318778488,
        0.001898646726218232,
        0.00035168035615768504,
        0.0011211367372997948,
        0.0029943633987033133,
        0.9285457871074898,
        0.0006112892731029399,
        0.0009261796216315731,
        0.0048939067338168675,
        0.0020848732764417407,
        0.0031986120348567433,
        0.0010238781415943664,
        0.002862954049588028,
        0.00264898914352369,
        0.003721867868781555,
        0.0038450378726908956,
        0.01497282195951372,
        0.011918871379810533
    ],
    [
        0.006072839411091673,
        0.018237791314984375,
        0.003608985737862558,
        0.0031603222379489575,
        0.03161428358430533,
        0.02443088739058556,
        0.00857484866957429,
        0.4143113154966584,
        0.27266595359268825,
        0.041172538400342275,
        0.010734752620008317,
        0.01546913233663507,
        0.009169863887984868,
        0.0064917550012487495,
        0.03838207282228025,
        0.050636877368633405,
        0.025616896607942658,
        0.019648883519225054
    ],
    [
        0.030077751461724898,
        0.10012360359558777,
        0.004152490730786796,
        0.00643128051076117,
        0.009394265796922378,
        0.03445138532437167,
        0.005070211323575932,
        0.007770372749535228,
        0.02573235462292071,
        0.03215322471941238,
        0.052984671910427585,
        0.012731943647588133,
        0.12683534450745917,
        0.16918593551458702,
        0.012129443325467566,
        0.1356148690911229,
        0.08082984677191753,
        0.15433100439583117
    ],
    [
        0.00862111304248352,
        0.2414493977735535,
        0.0025026049896824673,
        0.002800877191212474,
        0.012302684688287359,
        0.027814031938607212,
        0.005411634828282654,
        0.01894924666790003,
        0.08103630031040596,
        0.05423890889122796,
        0.037977571640172,
        0.013265981385401878,
        0.07951027338229918,
        0.027887124964609294,
        0.011724798917377535,
        0.2334193899310508,
        0.05653435313218205,
        0.08455370632526413
    ],
    [
        0.011830501546065277,
        0.012819175962438296,
        0.00564639411932624,
        0.7632184644845976,
        0.018272618672071663,
        0.02306030232104023,
        0.016770779274097175,
        0.009802965194338556,
        0.01993877419177108,
        0.016879811072947438,
        0.013569972627675201,
        0.01103164891392008,
        0.013309931688892256,
        0.009370146460995833,
        0.010348438260633792,
        0.013727057054069076,
        0.014869525868167678,
        0.015533492286952453
    ],
    [
        0.017006385127808926,
        0.0015727481375006644,
        0.00042754233132645975,
        0.0005545879176278612,
        0.0010801315884756732,
        0.04031148434256773,
        0.000666580329353614,
        0.0011333702541734627,
        0.005750402797459056,
        0.003747519386273341,
        0.006075763995881543,
        0.0014562859132887926,
        0.0023793111356157893,
        0.014267354025494658,
        0.005767188111275682,
        0.010030079554008553,
        0.8202667375769322,
        0.06750652747493582
    ],
    [
        0.012204048994905523,
        0.03882774103727091,
        0.013193517320897493,
        0.015075396044963272,
        0.05867779267090095,
        0.0346830238673709,
        0.012774036811248952,
        0.3184876429657377,
        0.1574226157672589,
        0.05829050087959228,
        0.01923641245983815,
        0.03886066248708844,
        0.02782697986846068,
        0.012020218861610829,
        0.07956477690844946,
        0.04159522539296574,
        0.03115775574629515,
        0.03010165191514468
    ],
    [
        0.008944303898579769,
        0.004098542358129869,
        0.003510610938235289,
        0.91995593629475,
        0.004131654858662385,
        0.009617957931510629,
        0.003370186164305519,
        0.002227352242764216,
        0.004039480785399751,
        0.0030542057664004825,
        0.002980574388888391,
        0.00218613007638031,
        0.003919323087555106,
        0.004316146441271091,
        0.006872749904975706,
        0.005328951416809056,
        0.006124333592903162,
        0.005321559852479293
    ],
    [
        0.07793145803935482,
        0.015185127648185467,
        0.008558473874525109,
        0.009505917781946226,
        0.03482904494105955,
        0.08032150969047121,
        0.017774019272322857,
        0.033004824819567465,
        0.08393618183959022,
        0.05519330278692079,
        0.02555698451806532,
        0.024904831862122757,
        0.010668108219662941,
        0.04065187149931263,
        0.05394078797305971,
        0.23055175954271812,
        0.12627738273586317,
        0.07120841295525171
    ],
    [
        0.026292836545033567,
        0.028953262465287313,
        0.038632648461460396,
        0.19672471973033154,
        0.054610002083942545,
        0.04425370736275509,
        0.04708794064866679,
        0.10551820460444428,
        0.0824692050331159,
        0.05100519284542206,
        0.021271103283981862,
        0.0356749982826632,
        0.01998091433354819,
        0.020287823966793295,
        0.09716979236306833,
        0.055321520999429837,
        0.041685194204747984,
        0.03306093278530777
    ],
    [
        0.011624213659636146,
        0.008814182020382777,
        0.005280608674839517,
        0.7873831098122271,
        0.034357830313243146,
        0.023040531643309544,
        0.00946210522236925,
        0.011164358861333675,
        0.020112549364779297,
        0.012040382568778242,
        0.006736027645751977,
        0.008077998115028856,
        0.006657792001736752,
        0.005664900484905605,
        0.013552989381438075,
        0.014415565251653622,
        0.011199593690445113,
        0.010415261288141095
    ],
    [
        0.029840837912867495,
        0.02313578892867616,
        0.005315253945526697,
        0.015964991985754347,
        0.6139648587894387,
        0.0789017624789144,
        0.007911604825640132,
        0.021343884670642032,
        0.04248384153239292,
        0.01824272218599161,
        0.013035974124513,
        0.009918169130527276,
        0.0134132783573828,
        0.009858329760547221,
        0.020576311201316335,
        0.035576009841366475,
        0.020398559072419175,
        0.020117821256083225
    ],
    [
        0.00969686307993838,
        0.004976076193455216,
        0.0005195286939207618,
        0.0012713677183375878,
        0.0014119423046286624,
        0.011238069944931107,
        0.0018034308204263668,
        0.0012236186212131607,
        0.006510970106189764,
        0.01451505102339064,
        0.10263873436974053,
        0.004093108214508007,
        0.01110464528949377,
        0.4608919769682245,
        0.0016843063283746803,
        0.020876706611263087,
        0.08202221630990639,
        0.2635213874020573
    ],
    [
        0.0020887447135078886,
        0.0008804730773076322,
        0.0015999359556046772,
        0.0011000740898721828,
        0.0013377821177543952,
        0.0041906933587710785,
        0.0005151388552678269,
        0.003090852202268191,
        0.003467297997335722,
        0.0013523451381268871,
        0.0007601909412747053,
        0.0011382297791541008,
        0.0008347145751210919,
        0.0009991191848361554,
        0.9682406096797966,
        0.002272513118666572,
        0.003972841369641421,
        0.0021584438456930155
    ],
    [
        0.012068071917063059,
        0.2234489213796138,
        0.008896007668123897,
        0.008741122257168093,
        0.015828297590144372,
        0.03050322110168724,
        0.006538914316592446,
        0.012329957031465897,
        0.03367462841870499,
        0.028612587726894963,
        0.035886444401009236,
        0.02841830602496174,
        0.3831714406447863,
        0.02834019296361311,
        0.013405563085724364,
        0.044070345599510063,
        0.03174937136853675,
        0.05431660650439972
    ],
    [
        0.0006952517300587887,
        0.0010952231037072038,
        0.00046169871885861686,
        0.0004141936234352785,
        0.0018689543746448966,
        0.001895568083496602,
        0.0014491009163147778,
        0.003701826737120986,
        0.012163690341043178,
        0.01934432263206284,
        0.0050474937826399955,
        0.939812689965086,
        0.0014113164440347384,
        0.0012427382023173558,
        0.0008730445125796793,
        0.00238084470633585,
        0.002681535132564853,
        0.0034605069936982625
    ],
    [
        0.030979780031956027,
        0.013702983085842724,
        0.0025356916623594595,
        0.0024330592744478915,
        0.0029159282698622982,
        0.03930789067038202,
        0.003299156707330081,
        0.003407667432800972,
        0.011732177910218711,
        0.010267335380007167,
        0.024344283271759467,
        0.005207902750929119,
        0.02021591015044752,
        0.24746096807657378,
        0.013657458488372,
        0.0512546898275044,
        0.36303462774822953,
        0.1542424892609768
    ],
    [
        0.006463923737479107,
        0.0368117702655071,
        0.0008354738501288998,
        0.001968675359520493,
        0.0030872007841042143,
        0.019048543006016324,
        0.001522536364432513,
        0.0016754064776848192,
        0.006790567479957752,
        0.006842960274966258,
        0.04253806517927656,
        0.003289325845175842,
        0.7796679337313427,
        0.021807009295835088,
        0.002252329725164064,
        0.009596899129602203,
        0.01718635124687666,
        0.038615028246929355
    ],
    [
        0.0036934509063344272,
        0.004523384316635973,
        0.0008487534173079476,
        0.0016477541864382869,
        0.00817765723971839,
        0.02003554931849607,
        0.006588011734761973,
        0.02079461831686037,
        0.5638573172263488,
        0.2236671483200286,
        0.030444775320128133,
        0.018929352756572454,
        0.004891876935078545,
        0.005617826383453626,
        0.004945931946120124,
        0.018191469347196627,
        0.03358217496136398,
        0.029562947367155562
    ],
    [
        0.004660168334402815,
        0.008599041739729717,
        0.003272932754755149,
        0.002975990717451367,
        0.014989697969047975,
        0.01786197216997634,
        0.009978586239830159,
        0.01524260299196231,
        0.0661040899244342,
        0.049796139546324454,
        0.02260967003478406,
        0.7060638163020251,
        0.010708506551959087,
        0.006766639660617938,
        0.006187606224563035,
        0.015243205985697714,
        0.016893005898507615,
        0.022046326953930984
    ],
    [
        0.12243481485565785,
        0.030150285720129993,
        0.010826446250344998,
        0.06552867333874078,
        0.05573040958241385,
        0.12736625952446692,
        0.1348461634292867,
        0.02174310188653708,
        0.043205122373281314,
        0.03554247175033001,
        0.04640177962696246,
        0.0179835835552016,
        0.026671402095481817,
        0.04658687357244637,
        0.0350865482331629,
        0.053514278744508766,
        0.06930833505202043,
        0.057073450409026096
    ],
    [
        0.0030685912251040043,
        0.0124974120207146,
        0.0009434559069744974,
        0.0028405331796500267,
        0.009625579879082195,
        0.008274094902078765,
        0.01375186187758111,
        0.027520688938489756,
        0.10984273365962846,
        0.6722841102577521,
        0.043214195691688016,
        0.01877902555256101,
        0.010863684776470602,
        0.007239380745141701,
        0.00336893735395759,
        0.02146038281311859,
        0.014242492853269723,
        0.02018283836673727
    ],
    [
        0.0015259315040036757,
        0.006586866001327597,
        0.0011239064395476399,
        0.0013542600521309447,
        0.013910282096622142,
        0.0047393737209215775,
        0.003353518238723891,
        0.8700324826704746,
        0.047826326361850996,
        0.011552233489005205,
        0.0028986833051668974,
        0.0036992969708031405,
        0.002674531917240051,
        0.0016646339365361377,
        0.00739308047533365,
        0.011171028092461196,
        0.0046042242851742,
        0.00388934044267649
    ],
    [
        0.9367331828058844,
        0.00112517196305557,
        0.0006727024841550483,
        0.0021075737503997373,
        0.0012865850522436801,
        0.01768091831478209,
        0.0006191517107267238,
        0.000596969929841395,
        0.0016292614638286392,
        0.001246624088797968,
        0.0019275253962550572,
        0.0007686702785625134,
        0.0014103269562055166,
        0.0069049991495226054,
        0.003982990270500267,
        0.0037945879594084245,
        0.01093930928341652,
        0.006573449142414048
    ],
    [
        0.0005956627320461475,
        0.0014680958803152966,
        0.0003675464935985052,
        0.0006024024003310653,
        0.006021317299329327,
        0.00155739482886077,
        0.0027941247887789005,
        0.9439919696461592,
        0.021242768082757917,
        0.00809897971580337,
        0.0013429428245987723,
        0.0020563911806204477,
        0.0007531756843705395,
        0.0006434481460217993,
        0.001802627694752405,
        0.0035728103780416796,
        0.001658250150441157,
        0.0014300920731726968
    ],
    [
        0.010403392655985645,
        0.01795846409206747,
        0.0025236928568218575,
        0.007226705814605792,
        0.029505426868450743,
        0.031555913124600835,
        0.01075690689787999,
        0.029131505045689447,
        0.15296775544293453,
        0.32361330721028164,
        0.1428424668485114,
        0.07242295511329298,
        0.02829912816472298,
        0.017257493019106077,
        0.007765249134294012,
        0.026933698342322406,
        0.03473256917003291,
        0.054103370198399385
    ],
    [
        0.004262427896215264,
        0.018694103094412277,
        0.001222304289546892,
        0.003155700552532439,
        0.20262163774184092,
        0.025718634561931297,
        0.007045833114382196,
        0.049185451003098346,
        0.507452235857058,
        0.0701911831971144,
        0.016632465324579866,
        0.013943542006059219,
        0.009549304983398338,
        0.004441468988580925,
        0.0054524270098344095,
        0.031236636234899626,
        0.013302286727468917,
        0.015892357417046674
    ],
    [
        0.9267873210673385,
        0.0008287380479782082,
        0.00022902818930941378,
        0.0007051252558208698,
        0.0007401128734966892,
        0.020836687428961463,
        0.0004038470831507398,
        0.00035950575135083586,
        0.001282729802912688,
        0.001073677142681668,
        0.0024672556905552616,
        0.00045295287424755115,
        0.0011361888030031616,
        0.010271005447030133,
        0.0014722586941995227,
        0.003401102857764373,
        0.01804240793278972,
        0.00951005505740926
    ],
    [
        0.08260752538204547,
        0.006449122671779868,
        0.0007952691692972912,
        0.0029385691628777935,
        0.004172647653062943,
        0.18809753572561713,
        0.002603090009360385,
        0.0018678624039832241,
        0.011451341773243065,
        0.012133560199665511,
        0.07807425958807254,
        0.004047044175758817,
        0.013454151457068223,
        0.09204051319642594,
        0.0037277550358463868,
        0.021746556647191422,
        0.19428335037788286,
        0.2795098453708212
    ],
    [
        0.1349237100924898,
        0.038036531958469476,
        0.0037885261212796347,
        0.007870375404103788,
        0.009391521652313854,
        0.2697778455180732,
        0.005478306715499629,
        0.004694178557857112,
        0.016003036852284165,
        0.01080816529183582,
        0.03125829118621221,
        0.005398997150923051,
        0.05750425167946,
        0.09287097914997657,
        0.019840312785407866,
        0.044783496515321514,
        0.1369578207821286,
        0.11061365258636378
    ],
    [
        0.06326964748707524,
        0.00294827661478683,
        0.0006964327085595327,
        0.0017142357895826622,
        0.0017017109386654424,
        0.03855000465897529,
        0.0013326807544471872,
        0.001671187242636156,
        0.007176963033698047,
        0.006988502061373649,
        0.014910010823542989,
        0.002249862737303431,
        0.004945397703720334,
        0.07978578781888633,
        0.00671014499024719,
        0.016413564872816182,
        0.6288267013902589,
        0.12010888837342461
    ],
    [
        0.008073359246148904,
        0.01575647992197566,
        0.0030477551088938125,
        0.010157281117742546,
        0.15342232370241432,
        0.02863012790594912,
        0.020492273121954105,
        0.08613765097619587,
        0.2970951056076261,
        0.17892403647336677,
        0.028431283928911717,
        0.06735303114572827,
        0.013514966776682267,
        0.007675749276050205,
        0.010482024367404221,
        0.02703843898449293,
        0.019392883027188616,
        0.02437522931127447
    ],
    [
        0.488577018353454,
        0.005300180774797767,
        0.0024518419916954577,
        0.0039385674640858865,
        0.006463112806290533,
        0.19691936968426244,
        0.004155225117849627,
        0.003116180491324535,
        0.011150863398797086,
        0.007573293763335166,
        0.012450216817266522,
        0.004729481510017988,
        0.006182193245372413,
        0.034305190550860815,
        0.016122100592161792,
        0.02725076793657888,
        0.11678086731031397,
        0.052533528191535124
    ],
    [
        0.0028312773941567984,
        0.005573567676960317,
        0.0011111911547197855,
        0.001239027582204624,
        0.017088194384001647,
        0.011297389707599423,
        0.0033658907644900276,
        0.14373832203248627,
        0.6518073887222792,
        0.07318775627163147,
        0.009078448296684397,
        0.016564061443433767,
        0.0038920074577291036,
        0.003424639110907367,
        0.007177750148009878,
        0.02255731699920192,
        0.013713608817298427,
        0.012352162036205611
    ],
    [
        0.006078210825251981,
        0.010423067321483973,
        0.0020055059054520418,
        0.002982839129592659,
        0.007070815512409268,
        0.013320600461442053,
        0.018302316013256017,
        0.020124832206729053,
        0.07580978792723381,
        0.47059339480741574,
        0.13476307108127789,
        0.07855412230702992,
        0.014945953319553312,
        0.02093010758192279,
        0.005841038631005353,
        0.02585017468362665,
        0.039184709735344346,
        0.05321945254997328
    ],
    [
        0.010919804925471576,
        0.010234862095449843,
        0.0009212629446434177,
        0.002052498013587786,
        0.0025810146933936775,
        0.02230748627232013,
        0.0018888217746540988,
        0.002559951328232394,
        0.015308742266897124,
        0.02603875509224202,
        0.08953945705991764,
        0.008007729561946916,
        0.0428595695927605,
        0.07317704471985341,
        0.00408311657621522,
        0.02156652274778603,
        0.11255775109287564,
        0.5533956092417526
    ],
    [
        0.000951137783957485,
        0.001376625258906835,
        0.00045297608517831894,
        0.0009404408759185306,
        0.002606103329087908,
        0.0019181896712275933,
        0.9562715696500852,
        0.005666973403550125,
        0.006371351110822653,
        0.007031253728961946,
        0.002625833796634683,
        0.0027760132862167095,
        0.0009747275389193064,
        0.0012106987312408449,
        0.0012499803323424712,
        0.003071285884305278,
        0.0023559781149238125,
        0.00214886141772016
    ],
    [
        0.8061401534976523,
        0.00229530130690668,
        0.0008073865408689051,
        0.002040064816047268,
        0.003279734963157681,
        0.07159348594721195,
        0.0013264254614523236,
        0.0012111304410935483,
        0.004530669889840603,
        0.003772004830202014,
        0.00801537328655439,
        0.0020954798098725873,
        0.0032802762006480216,
        0.018275046274890745,
        0.004017350146555977,
        0.008848541184981473,
        0.03368986792494945,
        0.024781707477114147
    ],
    [
        0.0018179620654305848,
        0.000999187959537298,
        8.46545160971846e-05,
        0.00016174975146493345,
        0.00031676586482937076,
        0.006836462327780581,
        0.0002595129778106241,
        0.0002562307152787913,
        0.001983794453915731,
        0.002525492214039281,
        0.025629769225129814,
        0.0007490802179558043,
        0.0030784755127615656,
        0.013354492925350746,
        0.00042572612288338145,
        0.0032302619029518104,
        0.06742127478637475,
        0.8708691064604077
    ],
    [
        0.002274590223862605,
        0.003043176199712527,
        0.002199644939327916,
        0.001902338434329523,
        0.004288696110250384,
        0.004966318525753416,
        0.005438976095565062,
        0.008322566506358974,
        0.01786622495997955,
        0.027474445629016953,
        0.01096026487238802,
        0.8786657052890161,
        0.00430117828804892,
        0.003893214340254629,
        0.0030964318649458556,
        0.005538178959951661,
        0.0070883151373275785,
        0.00867973362391031
    ],
    [
        0.0007450671340605577,
        0.0010401413111188794,
        0.0002451099468417737,
        0.000716732511574842,
        0.0018106463852442835,
        0.0015183993780548825,
        0.9776736261857444,
        0.001610075039287108,
        0.0026334680308994986,
        0.0025181067737802135,
        0.0015245330122332576,
        0.0010335335544220674,
        0.000687938711517122,
        0.0008060082470427738,
        0.0006832752016455575,
        0.001955238343811031,
        0.0014343914096939495,
        0.0013637088230275666
    ],
    [
        0.008535260907472648,
        0.03960909719748373,
        0.0021023278406322454,
        0.004569216657711615,
        0.02262955980512259,
        0.03793612478349614,
        0.004330975379039917,
        0.033945010417848996,
        0.34995725523798193,
        0.16331850416944055,
        0.04837542594911516,
        0.02595167308655907,
        0.040941795310303696,
        0.015540514844482902,
        0.011993583247197778,
        0.06678786530050537,
        0.04954955841312852,
        0.07392625145247717
    ],
    [
        0.006546980969912312,
        0.007050113036749198,
        0.0005540134591565244,
        0.0007699540852523376,
        0.0023804536571904542,
        0.037205188422893026,
        0.001529569067214054,
        0.0024213628386918064,
        0.023859075401879745,
        0.018069507072964487,
        0.032849530167681225,
        0.0049010834154639416,
        0.011215314359376083,
        0.022566537819008806,
        0.0037085631828067656,
        0.04163600287364174,
        0.29535309303800417,
        0.48738365713211335
    ],
    [
        0.0004695017057007275,
        0.0007009583682258772,
        4.459426928094652e-05,
        9.940774471008261e-05,
        0.0001925311712637298,
        0.0010203160340877418,
        0.0002584870588926742,
        0.00016788266439207844,
        0.0009780596863418623,
        0.0027863443311692566,
        0.9692899179166196,
        0.0005691640606344809,
        0.002259766063434118,
        0.0046467204581006035,
        0.00013516383360119436,
        0.0011645915206902788,
        0.003293688692258962,
        0.011922904420596129
    ],
    [
        0.01578642102376785,
        0.03070473343031627,
        0.002081703192198685,
        0.0025316692814970065,
        0.004492634880063619,
        0.0176148975743096,
        0.005461235224088143,
        0.00573551390990385,
        0.020241722134243894,
        0.03562809173603346,
        0.05898678047255908,
        0.009726041216486849,
        0.02956584405100169,
        0.30714158437458106,
        0.006632377440674126,
        0.1924201846965065,
        0.10114603145774692,
        0.1541025339040214
    ],
    [
        0.0812014921346601,
        0.02057163929400356,
        0.01035457089573095,
        0.47950244693168725,
        0.026897303212525234,
        0.0723933260618076,
        0.010711490559965408,
        0.013155524634555769,
        0.025980366124815094,
        0.019106164841719432,
        0.018838749577598103,
        0.013462424386015331,
        0.023723014243757168,
        0.027503416894183876,
        0.04725567803967569,
        0.030561840813457343,
        0.04187928285192699,
        0.03690126850191516
    ],
    [
        0.07879997102869735,
        0.02445460670608332,
        0.014245101328468695,
        0.1773854655027009,
        0.04262884148537951,
        0.2823281523482595,
        0.01483422846920111,
        0.014494741477352297,
        0.04068113103213544,
        0.021579352694267473,
        0.027499000949632126,
        0.014776655886686675,
        0.02736217309201676,
        0.026587164708274543,
        0.04385157307910703,
        0.035284735163355,
        0.06415809328213132,
        0.04904901176625096
    ],
    [
        0.025618273917611584,
        0.009110297479668163,
        0.0007458724058484753,
        0.0021794860707115976,
        0.003906468714382931,
        0.052487339449632166,
        0.0027754672257893007,
        0.0019418815001994165,
        0.011436532147105563,
        0.016730306272974477,
        0.375796700602268,
        0.005097678144418869,
        0.02385243171171746,
        0.1220541561656325,
        0.0025318099593011267,
        0.02045141199925514,
        0.086333364807484,
        0.23695052142599915
    ],
    [
        0.7747220028798069,
        0.005059342008803878,
        0.0018088418104347589,
        0.008143371878828735,
        0.004702097021345113,
        0.06621220625772284,
        0.0016924683929572901,
        0.0018724987989200176,
        0.005691926092700806,
        0.004576616007427575,
        0.008458336726268187,
        0.0025974611598206846,
        0.007641153726551904,
        0.025773014227928354,
        0.009046039311043166,
        0.012025164771459002,
        0.03285688191057753,
        0.02712057701740303
    ],
    [
        0.12463180508411593,
        0.023694010857957443,
        0.018258877203920314,
        0.0266949752996425,
        0.021664333385849405,
        0.07841478668660898,
        0.010530773554791128,
        0.022453467011961777,
        0.02804663538205314,
        0.016387884515742943,
        0.015489184671766527,
        0.008757183018957128,
        0.01902684178994738,
        0.0348885191063516,
        0.3917802959173013,
        0.049930839636093724,
        0.06988135647550146,
        0.03946823040143739
    ],
    [
        0.33026200738993833,
        0.00867704568431131,
        0.0029177176685106295,
        0.0039614342721639275,
        0.004164825211884158,
        0.16430969323694372,
        0.002018348698485114,
        0.003014384003608494,
        0.009755598098237709,
        0.006069664142539068,
        0.010910792575895665,
        0.003308062719873051,
        0.012034631301043168,
        0.06052774252649664,
        0.03782061560881056,
        0.030353113514807697,
        0.23331216341224495,
        0.07658215993420585
    ],
    [
        0.008923942834908579,
        0.09182718695826207,
        0.002717348794496041,
        0.004269367752025278,
        0.004517803023808963,
        0.015562180264084966,
        0.005839714759662995,
        0.004774663610731853,
        0.012732509858494733,
        0.01709692513269567,
        0.06709026744273631,
        0.008638354616353141,
        0.5863094757616049,
        0.06051658868403334,
        0.0054657053953574035,
        0.021760455419020167,
        0.029585213697849957,
        0.05237229599387378
    ],
    [
        0.006981817042528909,
        0.06848545897792391,
        0.0024406015452105756,
        0.004170051313421246,
        0.04215891041237427,
        0.023707619367037636,
        0.016637348686456124,
        0.13114426737432178,
        0.26316203541999367,
        0.08345189676664262,
        0.019977394104777082,
        0.011504985761458714,
        0.015615987968266788,
        0.011017971928442512,
        0.013585143931327592,
        0.22899125329218226,
        0.02908002902390093,
        0.02788722708373342
    ],
    [
        0.003960188940565385,
        0.009413759316859425,
        0.001617128563680306,
        0.0026658542077035775,
        0.023042988221177663,
        0.011353203723564756,
        0.021195978261767428,
        0.09013316042882562,
        0.21650900787454483,
        0.4534703860377504,
        0.03583220455704576,
        0.05698129738699478,
        0.007790185216756051,
        0.006660484736161087,
        0.004941274190225536,
        0.021492952598360135,
        0.015124019103278903,
        0.017815926634738334
    ],
    [
        0.2004300807795647,
        0.00426780847257345,
        0.001117448353054007,
        0.004455146126667641,
        0.009204164966148072,
        0.5855673452998411,
        0.0025336158235208634,
        0.002837078971691442,
        0.0129664759082779,
        0.008351163334650883,
        0.017671792497171965,
        0.0037007237021729014,
        0.006157421175648819,
        0.01704685117613098,
        0.007526510181053069,
        0.013504813360217681,
        0.06176964071988696,
        0.04089191915172742
    ],
    [
        0.02473523263952136,
        0.05388274725410992,
        0.0036256539282741988,
        0.010166043930625238,
        0.040514501703413544,
        0.2976750276531823,
        0.009078621781348807,
        0.015660614738909104,
        0.08135093068262314,
        0.03619903924005814,
        0.07539003627998118,
        0.016706627845782477,
        0.10138612347488415,
        0.023260365423103294,
        0.01790251718217479,
        0.034369759219405174,
        0.0702815838928268,
        0.08781457312977627
    ],
    [
        0.013336539600729976,
        0.009068358500023818,
        0.001406396838469274,
        0.002299604506930262,
        0.003374234113879079,
        0.016530212763300557,
        0.007309609917678532,
        0.004109347098379188,
        0.01860464259911075,
        0.05737442789850681,
        0.2558088013486646,
        0.016161876101719576,
        0.01659453176386117,
        0.21994111348672146,
        0.004054697777148965,
        0.037693789665203266,
        0.1102023979363035,
        0.20612941808336918
    ],
    [
        0.004451424415464617,
        0.009243497576771505,
        0.0009431821113895387,
        0.001661903010636544,
        0.0033502646432667107,
        0.010316532572755348,
        0.008105081434592591,
        0.005268116692096758,
        0.02475000727540674,
        0.09978892550375341,
        0.653917267558369,
        0.01913663520227628,
        0.020992877496755897,
        0.025451501762628233,
        0.002664987433783341,
        0.014676973846658446,
        0.0324586934870286,
        0.06282212797636642
    ],
    [
        0.001530380458814004,
        0.0037860214664944586,
        0.0002890422360394088,
        0.0005916573560112632,
        0.0026772160775903955,
        0.003796404325535519,
        0.003154011205174546,
        0.004035934891782449,
        0.03468785543699559,
        0.8413000894567546,
        0.040493809324235464,
        0.008675259778440664,
        0.0035050015895406557,
        0.005202362863073851,
        0.0009791107039133018,
        0.018448971965595754,
        0.009654821097678953,
        0.017192049766329077
    ],
    [
        0.008461968662386403,
        0.011427862289419279,
        0.004819936527519685,
        0.009134511826652977,
        0.03191949541206204,
        0.027283768101871598,
        0.014570140352163889,
        0.20724405605535526,
        0.288549723622198,
        0.146215149094777,
        0.02764240714495942,
        0.09498524157444817,
        0.012940511217129051,
        0.009318871022871713,
        0.02468517050756317,
        0.022161804486598553,
        0.03010114130582821,
        0.028538240796195602
    ],
    [
        0.04154248027645593,
        0.011873829841261006,
        0.0030105821533379534,
        0.003681612061612723,
        0.004458828493535987,
        0.02699237422637711,
        0.0038066371065200153,
        0.004847472002182094,
        0.016717702724220383,
        0.025610098769784692,
        0.04929382848433236,
        0.012878730140049918,
        0.020668455623172804,
        0.36907919081707646,
        0.010156004969959822,
        0.053900291533828366,
        0.1557107257753847,
        0.1857711550009077
    ],
    [
        0.006355828066186303,
        0.01780361348157395,
        0.0013494221504696104,
        0.002830401128607086,
        0.007431594463577936,
        0.012123951769829373,
        0.011800522633964534,
        0.011034200000565606,
        0.05489421441426465,
        0.4851796451496361,
        0.15160565364820686,
        0.028944580960101503,
        0.019283534151688937,
        0.029511003570396505,
        0.003791827004412635,
        0.05598054825284251,
        0.034018315269514494,
        0.06606114388416126
    ],
    [
        0.0004407668412175106,
        0.0011751937585223113,
        0.00011253035713822818,
        0.00026689130111720675,
        0.0019413025981054168,
        0.0015395599783740034,
        0.0011479052764243917,
        0.004509649922304581,
        0.10186175887208748,
        0.8663399684669734,
        0.004112690322501656,
        0.003706458414297008,
        0.0009342286570536841,
        0.0007953992776149746,
        0.0005045964211189112,
        0.00471069657012474,
        0.002460170567878952,
        0.0034402323971457274
    ],
    [
        0.007932646652620714,
        0.01616126624709013,
        0.0009357306334275423,
        0.0019493430271695863,
        0.005854432506107579,
        0.017150631828697277,
        0.0030239100558478774,
        0.004443204911777679,
        0.027663255606655036,
        0.025659587917019326,
        0.011412734609963114,
        0.005318346917716779,
        0.008448083801793741,
        0.016006607914443676,
        0.004776128814191504,
        0.7510092600838554,
        0.0380091115207352,
        0.05424571695088783
    ],
    [
        0.020846950034209742,
        0.29408571743063683,
        0.009905544592137312,
        0.018457778855499006,
        0.029449135849799295,
        0.03516156211732174,
        0.09832285773783625,
        0.028046350174567292,
        0.041725869078464616,
        0.03984870074713702,
        0.04306535174064831,
        0.017044054549849016,
        0.08530708158191272,
        0.041883808975004516,
        0.02076466061967218,
        0.08900158962203555,
        0.04029662586423982,
        0.0467863604290288
    ],
    [
        0.01753349147285113,
        0.03804183373909657,
        0.011181760634877625,
        0.6308279345863079,
        0.02778870595724035,
        0.03690050285652212,
        0.012470352091277483,
        0.013239012960529284,
        0.025303004688285766,
        0.018339846858421917,
        0.01758708922634772,
        0.013169186129141317,
        0.03919010825709148,
        0.01437947717659175,
        0.01880565192238232,
        0.02124081793045655,
        0.02072192132893028,
        0.023279302183648525
    ],
    [
        0.0063682988330959235,
        0.00357758394327251,
        0.0005748833324598303,
        0.0008234030840600764,
        0.0015482991547943609,
        0.018808811655205,
        0.0016459402569505963,
        0.002719683139677881,
        0.01764459463413971,
        0.018432830172437673,
        0.03301454180788521,
        0.0037094894371318674,
        0.005878032515708413,
        0.02832180029421128,
        0.004406104301941602,
        0.019866250303781217,
        0.6488694004263077,
        0.18379005270693924
    ],
    [
        0.0010860291219829759,
        0.001480880555643709,
        9.881695444142124e-05,
        0.000215642556038916,
        0.0004877259627267897,
        0.002384712031386427,
        0.0004779835382108947,
        0.0003531122359337558,
        0.0020130630755234038,
        0.005040566595680959,
        0.9465483794558022,
        0.0012680648704625772,
        0.0047363276854539135,
        0.007778315589268359,
        0.0002765497970892003,
        0.0022492363070593865,
        0.0054729996911837145,
        0.018031593976111517
    ],
    [
        0.08777828485906598,
        0.023280022791425395,
        0.006738908084500029,
        0.007249117341601377,
        0.01621085515773491,
        0.061480684953249834,
        0.006911114990668622,
        0.011605903077739975,
        0.037310528846926296,
        0.034867223971910014,
        0.030633547473756392,
        0.01909236048525909,
        0.01935934593169945,
        0.10285962403309741,
        0.024911185303139235,
        0.26331335092868274,
        0.1299301203257958,
        0.11646782144374745
    ],
    [
        0.024776131012235192,
        0.04985225942037035,
        0.004310648311034075,
        0.003878033136398527,
        0.007868497030813248,
        0.029546548832271133,
        0.00591240695308353,
        0.0077372938363792524,
        0.022078646237717416,
        0.018489124056477263,
        0.017692171399664502,
        0.008033855612445835,
        0.022890288591708968,
        0.07250883321723073,
        0.01682654919200615,
        0.5360999757282936,
        0.0781780909676545,
        0.07332064646421561
    ],
    [
        0.0021563332963462165,
        0.0008947980342664004,
        7.426537875553478e-05,
        0.00018841814664770368,
        0.00026143457386893653,
        0.005972404968142977,
        0.00017382259401939508,
        0.00019436194721807326,
        0.0014137373002420233,
        0.001710138480573656,
        0.006743189050072404,
        0.0004822362853408668,
        0.002752992410416297,
        0.010967486274909942,
        0.0004263958827242324,
        0.0031322257092576086,
        0.04884011136330435,
        0.9136156483038934
    ],
    [
        0.0024694389187097064,
        0.005740496300009459,
        0.0023118584593490457,
        0.0024907411439618935,
        0.015932285059857196,
        0.006204860348388452,
        0.007768725366696843,
        0.8589639317552529,
        0.03498633633423225,
        0.011416803629066786,
        0.003297567846793108,
        0.0048646384097715475,
        0.002736333829699998,
        0.0022580026082469565,
        0.016211999841974793,
        0.011689844726690095,
        0.006071370054510637,
        0.004584765366788657
    ],
    [
        0.023508827422678003,
        0.08217078019218109,
        0.00678148909066037,
        0.018919780591367553,
        0.024741578318592104,
        0.03892919141810829,
        0.33170634400037524,
        0.01784073072077609,
        0.03859020268807783,
        0.047606140804397394,
        0.06655495560388022,
        0.020503255138142093,
        0.05395893724489783,
        0.04814521776422305,
        0.01343635573388545,
        0.06642672966721339,
        0.044877386635040484,
        0.05530209696550339
    ],
    [
        0.00426010711728509,
        0.0034949436057193895,
        0.0019250651451160207,
        0.9318178009784324,
        0.006186863470374331,
        0.008538931234745542,
        0.0037983602968121215,
        0.0026544967767146085,
        0.005318642886134701,
        0.0038137976805080777,
        0.003249773902930766,
        0.0026602814802873555,
        0.0035129597375627712,
        0.0025423126614133604,
        0.0037733351276761718,
        0.00384874865740098,
        0.004355529096092489,
        0.004248050144793878
    ],
    [
        0.04716984970353306,
        0.019392734667134277,
        0.0026495420732072206,
        0.0052492884707134625,
        0.00981505427325179,
        0.0717302308911241,
        0.003634920220688388,
        0.005913348952728766,
        0.028964068714156816,
        0.038037446577755506,
        0.14101586245643927,
        0.01889379061076787,
        0.059309798576135324,
        0.11209550548756331,
        0.008972878847258453,
        0.03815746504755025,
        0.11595905117288327,
        0.2730391632571089
    ],
    [
        0.011039482039091912,
        0.006390166757688146,
        0.0070544627546972605,
        0.8342294213382052,
        0.009896907643233342,
        0.017212879738804338,
        0.0069206234095795975,
        0.008139458986415936,
        0.013063713578804958,
        0.008962074655687415,
        0.006006051469458264,
        0.006522363888425827,
        0.006343446118372297,
        0.006272753766375411,
        0.019380934266276132,
        0.009971817088313123,
        0.01235852268189049,
        0.010234919818680487
    ],
    [
        0.007687411351743357,
        0.6666969401711512,
        0.0027197168115063778,
        0.00641641979064458,
        0.011690978336808168,
        0.015434714758400312,
        0.004250711549675234,
        0.008948080273053587,
        0.020637160429456996,
        0.017204933198842358,
        0.01482514447001565,
        0.0060474941394792585,
        0.09336369383597411,
        0.01593718604095093,
        0.00798940014004725,
        0.057319719850152384,
        0.017144923822342766,
        0.025685371029755415
    ],
    [
        0.0018266098369066404,
        0.0005656428900540248,
        7.062498807121825e-05,
        0.0001320418421831414,
        0.00011748371597801716,
        0.0010422215759541334,
        0.00015089837307634556,
        0.00010170730578433663,
        0.0003600889433708578,
        0.00052962241126156,
        0.002591118906655486,
        0.0002091105348190027,
        0.001167785300601045,
        0.9754342843263913,
        0.0002214163077015329,
        0.0015744992418106674,
        0.005920409929311764,
        0.007984433570068807
    ],
    [
        0.11046378968731792,
        0.03658983782053605,
        0.019302516317731475,
        0.0367610813369779,
        0.018640488014377857,
        0.09545146305829022,
        0.07068834219829269,
        0.017217584398983247,
        0.03322431059860543,
        0.02797974125475185,
        0.040329766920708734,
        0.017516638692259452,
        0.0361688590096107,
        0.09534609888033482,
        0.06736320161159753,
        0.06873739791472405,
        0.12543259728631279,
        0.08278628499858734
    ],
    [
        0.0192972236190979,
        0.12199639497250307,
        0.005987595501282311,
        0.010002880214268655,
        0.016994916445579714,
        0.06466160913416896,
        0.008668988676357445,
        0.00993411643629466,
        0.02615631937795675,
        0.01866614279448324,
        0.04697198351021676,
        0.01276619371756053,
        0.4771067534005809,
        0.02855233945735686,
        0.015635588347162187,
        0.024216016933589525,
        0.03826584056938798,
        0.05411909689215253
    ],
    [
        0.0020688097315410764,
        0.0035489764607776575,
        0.00048606498491567135,
        0.001297136301242212,
        0.04597715172806706,
        0.011290864034907375,
        0.005250210737619561,
        0.0260243834585423,
        0.7779618372716464,
        0.07481545792756931,
        0.007446708591163916,
        0.00891916573123408,
        0.0024284169768554083,
        0.0019131719056028208,
        0.002615509766846711,
        0.012740309758377756,
        0.007292727200360608,
        0.007923097432730055
    ],
    [
        0.014369519588274707,
        0.006957295433931189,
        0.005208572953217101,
        0.8549776299964379,
        0.009297674411021572,
        0.019859247801060288,
        0.0037678795513822875,
        0.005197625022331909,
        0.008522426950819903,
        0.00540219789918178,
        0.0048347194230819795,
        0.0033968646842851757,
        0.006929348329923711,
        0.00580654863807731,
        0.01837696674133102,
        0.008065753458380325,
        0.010388134349721162,
        0.0086415947675407
    ],
    [
        0.00983476029123863,
        0.008319039787611641,
        0.00253842762671978,
        0.0033035783321127047,
        0.014001124549743631,
        0.028240998951139167,
        0.010634229010535774,
        0.01987224406759527,
        0.19139439429035934,
        0.26106745415667176,
        0.03660572659108148,
        0.17771690534527168,
        0.008338429419541885,
        0.01636632608654932,
        0.00935605203788885,
        0.0720308431485321,
        0.06175567391734488,
        0.06862379239006208
    ],
    [
        0.031316440219983144,
        0.007505039099550345,
        0.0032467216272697237,
        0.005129447699838811,
        0.009472028781580252,
        0.052608817734307374,
        0.0124753068910033,
        0.017797529021123356,
        0.08318384429174919,
        0.11751204970295911,
        0.06625444344019113,
        0.03649835534113819,
        0.010387918249617191,
        0.04598937350696261,
        0.021952846426965947,
        0.047046163253609725,
        0.28362923273656937,
        0.14799444197558126
    ],
    [
        0.0013221591618136214,
        0.003323315345046269,
        0.0010358593347046265,
        0.0013106446799026714,
        0.013489154241617814,
        0.0034720048385253528,
        0.004625623657298688,
        0.879693630480636,
        0.0425311026664474,
        0.01850523950537541,
        0.0033939700190633443,
        0.006742122774467175,
        0.001960537227473407,
        0.0014739523400195637,
        0.003840165824609841,
        0.006407336583569358,
        0.003578295354792336,
        0.003294885964637023
    ],
    [
        0.0019433569551081493,
        0.004937738876162637,
        0.000642877930385887,
        0.001935364023217497,
        0.9239533164660767,
        0.0064367519345879445,
        0.0031076964291870705,
        0.011906712367273004,
        0.016336701942915272,
        0.005780656862969871,
        0.00243931288718607,
        0.002284000873198734,
        0.0019771877092716484,
        0.0012493419181871398,
        0.0023195331010770746,
        0.007320555899297481,
        0.0026933910521370875,
        0.0027355027717608006
    ],
    [
        0.021865546107607346,
        0.027811767547350295,
        0.012581474060540969,
        0.01887071162830584,
        0.13701863859817187,
        0.09471116814780632,
        0.008093668377726602,
        0.11097243684452711,
        0.19820708155208486,
        0.049428977720152985,
        0.021477493526312105,
        0.03946102668639853,
        0.025335591568010102,
        0.013030540151806066,
        0.09598054480134831,
        0.04239647136548156,
        0.04322650894468103,
        0.03953035237168813
    ],
    [
        0.05735167861505243,
        0.010123341185209044,
        0.0018754140150788162,
        0.0022172892784136965,
        0.002826149910197559,
        0.06047288478245031,
        0.0014517074405704922,
        0.0022422448869113933,
        0.009539931654625602,
        0.007836985363323348,
        0.018441388273167127,
        0.004451269341415797,
        0.01921691335176138,
        0.19759522735783155,
        0.010307491050636988,
        0.04189164242947325,
        0.32429923004183986,
        0.22785921102204137
    ],
    [
        0.005124329084328007,
        0.06447085480440917,
        0.0011728730134980142,
        0.0033387739284912042,
        0.002768973915973634,
        0.012081415167020874,
        0.0036734820889498627,
        0.002635048655989049,
        0.008837894304925653,
        0.010805324863334341,
        0.03691668738520533,
        0.00422700090852243,
        0.7426747257831846,
        0.025087306450217103,
        0.0033389442197983375,
        0.013082533077181071,
        0.02022242080081456,
        0.0395414115481568
    ],
    [
        0.4777416498189356,
        0.006465806351604451,
        0.0015261827133365938,
        0.004398878038043077,
        0.00464027996177682,
        0.3532956409513172,
        0.001428799241881132,
        0.0017050704537842972,
        0.005881119262337943,
        0.0034432727245675135,
        0.006614340278124841,
        0.0019041307855801144,
        0.008605906200755917,
        0.01863378306187531,
        0.012686077574880215,
        0.014183782157603301,
        0.046751588784733705,
        0.030093691638862288
    ]
]