[
    [
        0.0035665002401199923,
        0.015815671006156367,
        0.007892008568546096,
        0.005643883086587244,
        0.011187414162361839,
        0.007515471234475314,
        0.007171451927493871,
        0.8396608674569274,
        0.01260890054380953,
        0.0202092016273339,
        0.00640326733921066,
        0.008901444542926863,
        0.004999590874404307,
        0.010949482910881414,
        0.011259943221535635,
        0.005206926834804937,
        0.004296524189346812,
        0.016711450233078372
    ],
    [
        0.0135325481809298,
        0.043480796087331554,
        0.014169831946288465,
        0.02709758759096801,
        0.09739392258351931,
        0.015037125118427053,
        0.019558112870341413,
        0.0684435758866063,
        0.40453992026118674,
        0.032388270546457265,
        0.034946842112624756,
        0.06650147901557521,
        0.019427556421969406,
        0.0443941011310741,
        0.0289386692332247,
        0.015899049171202332,
        0.0255055183122365,
        0.028745093530036937
    ],
    [
        0.00851689128576779,
        0.012544748599373145,
        0.026149525097063538,
        0.014637521019044145,
        0.0345161927030883,
        0.03118097067045846,
        0.04262738367093777,
        0.035894047788563026,
        0.01597744640186278,
        0.5780861411549212,
        0.0074858406959223325,
        0.07029802371189818,
        0.013002055910030012,
        0.010004507002502914,
        0.01631367623097403,
        0.013367317589048452,
        0.047443789012337347,
        0.021953921456206567
    ],
    [
        0.0198487609272744,
        0.03608511835659854,
        0.06037157807553882,
        0.028394174417964095,
        0.0454078988140016,
        0.03192725668680536,
        0.05459724665529677,
        0.20953574779637318,
        0.029773066305351432,
        0.12988239127606108,
        0.021418859506733813,
        0.05368331730649023,
        0.022830168978073086,
        0.06809192850864328,
        0.0406325233485424,
        0.02149398946761838,
        0.060124892042284925,
        0.06590108153034865
    ],
    [
        0.00862541908235033,
        0.1453791191900837,
        0.03670240576972193,
        0.11347162262137461,
        0.01459237404219158,
        0.01724643758536147,
        0.03764932288326017,
        0.024533673131998,
        0.012185699412270098,
        0.008656614646818129,
        0.24276167452848227,
        0.00639525863680907,
        0.05876424961634969,
        0.025829705136723273,
        0.15622303329106882,
        0.04845807067531323,
        0.008062480391201516,
        0.03446283935862218
    ],
    [
        0.006408171575119465,
        0.011207115116094667,
        0.012544539547284753,
        0.010918774292785594,
        0.029402325985266223,
        0.045407753636916834,
        0.024728273176930333,
        0.028158678576289686,
        0.01616478038518722,
        0.6741490560490069,
        0.005903727925430504,
        0.05800638231964229,
        0.009196348682783375,
        0.005306612569562838,
        0.012640993615583592,
        0.014096627686657946,
        0.020259751188704787,
        0.015500087670752956
    ],
    [
        0.0064112395089976045,
        0.04733795500951119,
        0.024107060373378474,
        0.06766282815137681,
        0.0035952777496871457,
        0.014000822135319372,
        0.07394542436274668,
        0.004351053822613058,
        0.003405265874097858,
        0.006293439985059348,
        0.022461535456403142,
        0.00676093167942684,
        0.01899620341163599,
        0.007738920331639057,
        0.060591667703605176,
        0.5879923492686497,
        0.007957270356252022,
        0.03639075481960046
    ],
    [
        0.020103556722267844,
        0.027556369936519984,
        0.030124966651096537,
        0.06219862164296374,
        0.006334399596515139,
        0.017830815074947645,
        0.05079950380375886,
        0.00906343504098601,
        0.014817786710364314,
        0.009082475364357887,
        0.04381705285796629,
        0.016967361433344565,
        0.5056042080230898,
        0.01753731365971878,
        0.053433608604422894,
        0.08458359667716019,
        0.010751225779017711,
        0.01939370242150183
    ],
    [
        0.007381386146866295,
        0.07516341026381546,
        0.02306861076695268,
        0.030634664848986762,
        0.08065775199856583,
        0.04539499202740259,
        0.03479326383366863,
        0.3075966513158817,
        0.045981102070699206,
        0.10458863796367605,
        0.02775571215966561,
        0.02413625436566535,
        0.020200477311205195,
        0.028058712377331266,
        0.04564205232655423,
        0.032865653130682425,
        0.013145656181602187,
        0.052935010910778624
    ],
    [
        0.008126487126616977,
        0.17852601676010194,
        0.017013725301758965,
        0.040635455063662576,
        0.04317456484399231,
        0.02532409858640343,
        0.02611088534511357,
        0.24559133139734157,
        0.05495208935115884,
        0.03037816108656537,
        0.05595072070089505,
        0.018568183029990172,
        0.019240431410402974,
        0.07535929287213874,
        0.06444673135880638,
        0.03498484565831197,
        0.008012171323674284,
        0.053604808783064985
    ],
    [
        0.005534123255632899,
        0.01630524126893974,
        0.011951514276520822,
        0.018314577843274022,
        0.07272774789979496,
        0.05337738650086581,
        0.035895113432662204,
        0.031439294515919654,
        0.01430490295765835,
        0.6142417401757515,
        0.008275933117481812,
        0.02412170358826345,
        0.008093293508882932,
        0.009554851610870779,
        0.016502722449280662,
        0.019275773411378306,
        0.021266049805534457,
        0.018818030381287605
    ],
    [
        0.0047675611631404465,
        0.1449040419319427,
        0.030109920190290813,
        0.10803382313355782,
        0.016380923416009427,
        0.006298645639561695,
        0.038140587978083625,
        0.02431360625445278,
        0.018258649443912835,
        0.007238003925829441,
        0.24361741342165938,
        0.006540892714592235,
        0.07067831787917617,
        0.08775313955515363,
        0.12849565779665115,
        0.01923658577578514,
        0.008622336540220306,
        0.036609893239980415
    ],
    [
        0.00036122927045232825,
        0.001531028923771817,
        0.0035482922058022075,
        0.0027128876359371105,
        0.0002566048930923483,
        0.00030596410891418793,
        0.0038319840141651856,
        0.00034896340432460747,
        0.000513092709850415,
        0.00034126029679133686,
        0.0018167655016780688,
        0.0006229518778455111,
        0.9766356928372685,
        0.0008625541499725452,
        0.0028788909634640735,
        0.0016045171294014617,
        0.0004644976010853111,
        0.0013628224761830432
    ],
    [
        0.02166272765671868,
        0.08212425515389775,
        0.037899702873495485,
        0.07731870987619827,
        0.010296545241680055,
        0.08325575167778497,
        0.0571752770639834,
        0.02790061977234156,
        0.008486365287111905,
        0.016361505901223823,
        0.05814623396559067,
        0.00936578158636309,
        0.02726860074973613,
        0.04054276479094329,
        0.10228108323287477,
        0.27758505507080744,
        0.011428325846053248,
        0.0509006942531955
    ],
    [
        0.005452042743413823,
        0.08082684775998043,
        0.19971005245610274,
        0.03639565085961508,
        0.0020094287445782313,
        0.006409064347535328,
        0.09001195277348205,
        0.010667308720571837,
        0.002214168316463552,
        0.004478084962764134,
        0.022694698617810143,
        0.003747182234046847,
        0.023176708151440486,
        0.03222777708834255,
        0.2344358128035645,
        0.05673538457034618,
        0.005237332208142376,
        0.18357050264179964
    ],
    [
        0.0010076543596119953,
        0.7832600895624583,
        0.006200190977440348,
        0.018351000343613963,
        0.000902085112357457,
        0.0012335483547420483,
        0.008631141855876528,
        0.0023487938959356586,
        0.0012313100025914787,
        0.0009742065876719385,
        0.02401479688659791,
        0.0012510797248393003,
        0.004942491274238265,
        0.005202842799891103,
        0.09212352042567154,
        0.013584927665245449,
        0.0012441633859902267,
        0.03349615678522613
    ],
    [
        0.0011637771182637982,
        0.7961309583433891,
        0.0060439969534179586,
        0.021099575293833002,
        0.0028571768254947267,
        0.0017690614021269875,
        0.010311471306920936,
        0.005181105890049736,
        0.0036529429266137677,
        0.002138416070171158,
        0.03314553161360146,
        0.002056738080839163,
        0.007511214893939089,
        0.019673498101627784,
        0.038175029075971235,
        0.012752665860772191,
        0.0015847670944412792,
        0.034752073148526776
    ],
    [
        0.005750562851399576,
        0.016090822636002883,
        0.028167866070554992,
        0.04236782172669894,
        0.003330683459760595,
        0.005952800020419654,
        0.025139035390963592,
        0.004682823172030175,
        0.0049712189152755805,
        0.003241785171624816,
        0.040152641485556646,
        0.0041137249639286375,
        0.7340628044389489,
        0.007404268653015529,
        0.04047444285391113,
        0.02011044283033912,
        0.004699498749583652,
        0.009286756609985665
    ],
    [
        0.0025505150186341695,
        0.1886583545727925,
        0.008041737237470547,
        0.08849132114890881,
        0.00198021668798881,
        0.0033440152092146305,
        0.01204221605742988,
        0.003583270120534388,
        0.0023583057035313102,
        0.001455076387273455,
        0.46763565954378555,
        0.0014718337956145058,
        0.016139049396604353,
        0.011102126162426097,
        0.13448803489165725,
        0.04140230209811852,
        0.0017896471795606234,
        0.013466318788454468
    ],
    [
        0.0039499411347671655,
        0.04605850350892461,
        0.009163153458511679,
        0.07150609336828675,
        0.0033741170830044235,
        0.004323511929817441,
        0.009913310156099172,
        0.005133066684789322,
        0.003761497158454707,
        0.0017631248293316617,
        0.7120390394545675,
        0.0019996704406478067,
        0.01738006238851502,
        0.012254271650386025,
        0.06977822684277346,
        0.015541811910904974,
        0.003185447662070851,
        0.008875150338147562
    ],
    [
        0.003857390091201181,
        0.3208042353795656,
        0.016916751593793355,
        0.02852130318318444,
        0.009436827215055326,
        0.00575044416785283,
        0.0331319247611538,
        0.02916579944843029,
        0.01325695833959319,
        0.012907913676444843,
        0.026286185886926498,
        0.011513092024527036,
        0.012889190079684414,
        0.15595898354927984,
        0.05435593097277417,
        0.027520849939943186,
        0.006574039230117341,
        0.23115218046047267
    ],
    [
        0.030646983608469534,
        0.03442507321233901,
        0.049360911182889204,
        0.10350443081434214,
        0.00544897265425408,
        0.028435053631162305,
        0.05915192805875086,
        0.008702002742074524,
        0.008327570471146295,
        0.007433089015170959,
        0.0729348344690506,
        0.01097906325482572,
        0.2458129919823332,
        0.01860520464053944,
        0.08625152427400117,
        0.1971350890805025,
        0.01068296795555206,
        0.02216230895259653
    ],
    [
        0.10780529450690883,
        0.05929432367777831,
        0.03970324730749153,
        0.12503913773035655,
        0.006678511311388204,
        0.0374834994730524,
        0.0478291146110721,
        0.012968137775004211,
        0.007892934291811848,
        0.007768031087980113,
        0.11938289678075055,
        0.009192159081513078,
        0.05684291105575592,
        0.02118610173422375,
        0.14545759358135765,
        0.15630815056336125,
        0.011666035744054984,
        0.02750191968613875
    ],
    [
        0.008768932202451942,
        0.008349902635387657,
        0.020763324109327262,
        0.014616403518372477,
        0.009907373986607204,
        0.00862654546158714,
        0.03195195146488515,
        0.006331195540654397,
        0.005957391960064023,
        0.01832933658104703,
        0.007045398936006061,
        0.022561462067437203,
        0.008884430656002813,
        0.009421864729200606,
        0.011771668041889217,
        0.010324524136608972,
        0.7808407601206117,
        0.015547533851859297
    ],
    [
        0.0867896107524493,
        0.057028514265128956,
        0.041329320342266336,
        0.06671517839704567,
        0.014102150303993451,
        0.037226479548392845,
        0.06315888432586415,
        0.019708172161554117,
        0.03669449337203176,
        0.022865382089559894,
        0.055208367321234346,
        0.07442687687671307,
        0.10022068432473265,
        0.02795538456762793,
        0.07254707441396531,
        0.13200213004796824,
        0.04061891553738333,
        0.051402381352088654
    ],
    [
        0.004048849265478212,
        0.047223484567205716,
        0.009824971764807101,
        0.11711860661593101,
        0.006724066495937324,
        0.0045833062694479385,
        0.015049794027696052,
        0.006546486803419733,
        0.007427504121262351,
        0.002696120400694472,
        0.6237919493857186,
        0.0029006296749962824,
        0.028650018413684267,
        0.03339408615369373,
        0.05811288668843824,
        0.016417807440866412,
        0.004836216089476227,
        0.01065321582124627
    ],
    [
        0.0007975009774789376,
        0.0018705046672379197,
        0.0015701155046777204,
        0.0016422436324389556,
        0.012146768845489993,
        0.0032113649267233395,
        0.0035212243517989644,
        0.006016950188709502,
        0.006689869290375828,
        0.9358183033457427,
        0.000957274475279762,
        0.014171060464142203,
        0.0015192086942262101,
        0.0016836153057603095,
        0.001661145945523582,
        0.0017528931365831048,
        0.002403964816312992,
        0.0025659914314980123
    ],
    [
        0.014078202827216115,
        0.03156969989477279,
        0.4802271639833565,
        0.053662412954581094,
        0.0040000331996038075,
        0.009844989080943087,
        0.0721113444948965,
        0.008555478073171316,
        0.003993248793514762,
        0.005777937693225358,
        0.03796718522702153,
        0.007152077943043035,
        0.0663753186839103,
        0.014518953376537145,
        0.09839910576635852,
        0.03316120900977057,
        0.01858213197376748,
        0.04002350702431002
    ],
    [
        0.0016569219159615481,
        0.009357189582253778,
        0.045339211412483475,
        0.02765385127514998,
        0.002069669594309387,
        0.00277314440303835,
        0.7858585737265926,
        0.002022231225260355,
        0.0017810779711490783,
        0.0046585267089137745,
        0.0059931461347376355,
        0.004001482999100857,
        0.03779010648639327,
        0.006018693376110881,
        0.01877349114464875,
        0.019699064629377695,
        0.007412505698889853,
        0.017141111715628706
    ],
    [
        0.004034124034606033,
        0.6116536767759935,
        0.014459899522045032,
        0.02636929695580092,
        0.0029674379023401296,
        0.0037606399088926557,
        0.01610489791726424,
        0.00906164670778372,
        0.0037750375358960486,
        0.0032365229724783283,
        0.04068057108757393,
        0.003937652605313913,
        0.00813331488064356,
        0.02282132730984744,
        0.08589646276855978,
        0.026062543057196956,
        0.0040998990063389,
        0.11294504905142509
    ],
    [
        0.04974824402402755,
        0.03980160166100112,
        0.039217335297867285,
        0.08345339290720064,
        0.00480179555562558,
        0.0800260861943725,
        0.041293275138345145,
        0.011303084647381537,
        0.005423526632190871,
        0.007043580880874456,
        0.06834973428661732,
        0.007395360477955159,
        0.04151264905589107,
        0.014522165285967746,
        0.11016822258926544,
        0.36158296296709463,
        0.010753933313905631,
        0.023603049084416343
    ],
    [
        0.004193855540729244,
        0.07758360625842262,
        0.0331407247418643,
        0.17265648882766652,
        0.002631418885684641,
        0.0067054825522433,
        0.037080324196322414,
        0.0061858320625626136,
        0.002364797527598506,
        0.002502252898822691,
        0.20066760225008579,
        0.001919980881373479,
        0.037974397262348955,
        0.022138339321617694,
        0.30828754472861425,
        0.05986098296431917,
        0.0034055773640340264,
        0.020700791735689787
    ],
    [
        0.0037009811115091525,
        0.044737006976745236,
        0.01740623973434797,
        0.47068959905760804,
        0.006261699538793775,
        0.0103119394654168,
        0.06318917857854586,
        0.00614893695621611,
        0.00414431200347415,
        0.004504889781435193,
        0.10942314660753683,
        0.0027330954457893664,
        0.0440269188502668,
        0.01985337469405667,
        0.10431544471811467,
        0.06898799057328404,
        0.005319158450304665,
        0.01424608745655454
    ],
    [
        0.012946061784499398,
        0.03315683409347836,
        0.032198782890825034,
        0.036129301068104545,
        0.11542667561307154,
        0.04544875838662052,
        0.05077247916128983,
        0.1918755225025048,
        0.04370779105929845,
        0.14838282101288305,
        0.025294588506861906,
        0.03329023060354132,
        0.024023741536297834,
        0.061272252256800566,
        0.03817910511713565,
        0.0232952059750781,
        0.04734563600918696,
        0.03725421242252211
    ],
    [
        0.00035286164286954557,
        0.022005838019689854,
        0.011382437941188326,
        0.002758811028894305,
        0.00035205716412889675,
        0.0004143798339765648,
        0.007663838657083988,
        0.0014645638647757498,
        0.00035409356523089305,
        0.0007071757213801273,
        0.0018836816470729923,
        0.0006490624106985297,
        0.0013592791816163538,
        0.0034992914306634713,
        0.01232386000937239,
        0.0023465661642434912,
        0.000884724635846111,
        0.9295974770812684
    ],
    [
        0.006912635395754663,
        0.07168845572625837,
        0.018930231508283005,
        0.027026386081714364,
        0.008950178642109844,
        0.00800506885366801,
        0.020426250995168482,
        0.0443664012780416,
        0.009111949714706016,
        0.00874397560421858,
        0.03540647788655623,
        0.0074344638629406145,
        0.010126057476093454,
        0.5940961610404907,
        0.04626348281638423,
        0.017355010676751974,
        0.009522668483689049,
        0.05563414395717089
    ],
    [
        0.006677985568009583,
        0.03342666034764662,
        0.18173998357548685,
        0.04886740104558619,
        0.008965516688217517,
        0.00835106083863803,
        0.2931441908793678,
        0.012276966567187249,
        0.006479027718025686,
        0.01907046506255124,
        0.019010645576124762,
        0.014644937169298529,
        0.03296401543459889,
        0.08538495800011404,
        0.04838944133573911,
        0.029388442959757656,
        0.045300191188740895,
        0.1059181100449093
    ],
    [
        0.0001912442447080494,
        0.9452150569316977,
        0.0013285892824781431,
        0.0038967144426294096,
        0.0002329995257532878,
        0.00036024253213101,
        0.0022402281473783087,
        0.000905565939389259,
        0.0002584912438959809,
        0.0002797808350101082,
        0.004346972569671679,
        0.00021991268726243712,
        0.0009617838193818677,
        0.0018909279059673805,
        0.024315336107945472,
        0.003887987635101066,
        0.0002169978610809344,
        0.009251168288518075
    ],
    [
        0.0013514580208153334,
        0.02846819408647683,
        0.0031266437315205357,
        0.050931184456176844,
        0.0005816845726926803,
        0.0011691136885161651,
        0.004199744856178238,
        0.0010712711692926517,
        0.0007492984964652756,
        0.0004313096065212174,
        0.820316699406078,
        0.0005464649082451007,
        0.005620170423039468,
        0.005239572748263755,
        0.05848222787855885,
        0.012875398707488963,
        0.0008921204247803743,
        0.0039474428188897084
    ],
    [
        0.005136859128479426,
        0.05069353908412064,
        0.044659342127935056,
        0.016172124439587637,
        0.0032030262059117645,
        0.004073397920684975,
        0.05032456266142736,
        0.007324539843651599,
        0.004005859658343031,
        0.008445094898086673,
        0.010207107101930834,
        0.012936096687181516,
        0.011076825827358963,
        0.030119277153939743,
        0.030558231884823303,
        0.02763056400807028,
        0.011969493154620455,
        0.6714640582138468
    ],
    [
        0.008257801507010795,
        0.0033874700510395095,
        0.0030029250944546212,
        0.007206163236467111,
        0.003243290109226524,
        0.9227813199338188,
        0.005079121853137725,
        0.004679881397646153,
        0.002225249473260257,
        0.004731611151219517,
        0.004525564597042099,
        0.00275631640369337,
        0.0031742770709664364,
        0.0020361149738410116,
        0.006155034725288512,
        0.010667207080554367,
        0.003690204851930349,
        0.002400446489402784
    ],
    [
        0.005368830685622943,
        0.029922977739897598,
        0.013379060135771925,
        0.040195859197853366,
        0.0018038490052423104,
        0.007085203684592545,
        0.04041529953332982,
        0.002927832119811295,
        0.0022269029792036346,
        0.0033043175629354285,
        0.0165401499322287,
        0.0038809591665949876,
        0.014567091057382357,
        0.012332506580873188,
        0.03756895366470044,
        0.7395954881336236,
        0.004093125251431012,
        0.02479159356890481
    ],
    [
        0.006541801481110292,
        0.06954004198327705,
        0.09111412537805645,
        0.0467673064419991,
        0.007182385926007736,
        0.007934790712873507,
        0.2693941246612,
        0.008363570650501582,
        0.008928075715027343,
        0.018117198168889743,
        0.01969095164147957,
        0.02350767201808964,
        0.08108720483552367,
        0.015947737892176087,
        0.06045046151627723,
        0.07609253174293502,
        0.015625917031853946,
        0.17371410220272207
    ],
    [
        0.005693911418963721,
        0.015850895320401754,
        0.015913395233238127,
        0.020863531060378516,
        0.12669478302099013,
        0.034189505871107397,
        0.043868756782137364,
        0.02590775158810462,
        0.01995541882064531,
        0.5348910246696081,
        0.009412893321858542,
        0.03535606192624661,
        0.01143973663213075,
        0.010675876507248598,
        0.016821193236825852,
        0.017050547563893306,
        0.035807798849481196,
        0.019606918176740012
    ],
    [
        0.007879797527499349,
        0.07460783756187045,
        0.01566713997860959,
        0.14189934837486096,
        0.017234660221385048,
        0.019364080003493864,
        0.022092460799755454,
        0.027068856088391872,
        0.01182630706308464,
        0.006399508240301269,
        0.4233234734966887,
        0.0049792003269595,
        0.022049403048086058,
        0.025680196274077638,
        0.1273563113698356,
        0.026475890395043937,
        0.00958933266952667,
        0.016506196560529377
    ],
    [
        0.00043439817413552047,
        0.00223589315420913,
        0.0009139692365222705,
        0.0020800579549581214,
        0.9548971614938189,
        0.0015442026538232526,
        0.0019827730578776174,
        0.004588985996325801,
        0.009782354584936655,
        0.008955763092475751,
        0.0015327776421411037,
        0.0021674737001149197,
        0.001145876676726017,
        0.0018761754264056167,
        0.0016217799274137108,
        0.0011228581514584435,
        0.0015469079084203692,
        0.0015705911682369676
    ],
    [
        0.024211552627280905,
        0.047271102240103294,
        0.027732377260206612,
        0.09316910560310243,
        0.015805272354659654,
        0.1536980801143912,
        0.06649206120999397,
        0.015495814282853623,
        0.010410775134546362,
        0.022855365119719,
        0.041902026290563714,
        0.015997161300482406,
        0.022699865582150862,
        0.018311219558172005,
        0.06394984799593849,
        0.29948040209771104,
        0.026582223855236443,
        0.03393574737288798
    ],
    [
        0.0006414613405931629,
        0.004044921081024417,
        0.005027749835975902,
        0.010951829463375485,
        0.0005340208842060299,
        0.000806422945734634,
        0.007227719926632387,
        0.0008714611878301886,
        0.0008610793212711032,
        0.0005748601937583795,
        0.007812877591037182,
        0.0006620785359040072,
        0.93983298532481,
        0.002073521010281625,
        0.011048295204792093,
        0.004227364994755526,
        0.0006672052173921392,
        0.0021341459406260008
    ],
    [
        5.1661714850669184e-05,
        0.00017938977112999508,
        0.0001337303642859131,
        0.00013487171211499282,
        0.0012151228611572012,
        0.00020761980764412078,
        0.0003148768379881774,
        0.0005680872365412585,
        0.0004780199276404287,
        0.9943647159248268,
        7.598047257908704e-05,
        0.0012491575331484638,
        0.00010386046413650806,
        0.00012864479628864952,
        0.00014633656883375904,
        0.0001320041911001428,
        0.00024306883131948809,
        0.00027285098441421404
    ],
    [
        0.004453358452826352,
        0.20253395776848673,
        0.011002312915879376,
        0.14010204756617725,
        0.01597319204313709,
        0.006539818805962512,
        0.025537134507694757,
        0.013244583235264827,
        0.024654896852171947,
        0.00613266354496987,
        0.2887969093544371,
        0.007384558868025234,
        0.0284679891100166,
        0.07857720508508621,
        0.08328192929636564,
        0.03020016859986522,
        0.006624027220016581,
        0.026493246773616766
    ],
    [
        0.0820388280583111,
        0.05655161889175663,
        0.11981660138377032,
        0.04822218817169876,
        0.012352690044638485,
        0.10292315446310468,
        0.0520695740180559,
        0.09026514002074582,
        0.012298752780242485,
        0.023821179415765746,
        0.04936393425561172,
        0.020027100340413686,
        0.03844495393267758,
        0.025304684576825314,
        0.12262964507967188,
        0.05814013880563438,
        0.0276724095981068,
        0.05805740616296879
    ],
    [
        0.007780105711591383,
        0.029640404528143864,
        0.009098709005878801,
        0.01660585424247724,
        0.046952721166345544,
        0.019035571833451198,
        0.012114743066700748,
        0.6332697348603239,
        0.051879856506576165,
        0.02491905655832466,
        0.02202424301453508,
        0.013198866497678019,
        0.009833793645000002,
        0.043901768296877815,
        0.022867682300841137,
        0.011086613717925197,
        0.008576048477988249,
        0.017214226569340817
    ],
    [
        0.0010086077955166228,
        0.005323954177474542,
        0.899918411760339,
        0.004215785868490777,
        0.0003971123303655354,
        0.0007854271775157727,
        0.02319875129972291,
        0.001128084464694239,
        0.00041568612098926246,
        0.0009730787718302647,
        0.002223624100046632,
        0.001200821641373199,
        0.004456671309019151,
        0.0035455329211797133,
        0.010622318702281726,
        0.004327232191689477,
        0.002277200575115973,
        0.033981698792355096
    ],
    [
        0.009298435239548179,
        0.027088038598345437,
        0.011824005789883558,
        0.017406944259339554,
        0.11622826673211877,
        0.03428474188146563,
        0.024446382447595737,
        0.04899587489625803,
        0.11490049185962059,
        0.35913826307528895,
        0.012575488515105556,
        0.10827662842612483,
        0.014122120304931207,
        0.014740463228477732,
        0.01798024347304117,
        0.023700195119954706,
        0.017704090303555364,
        0.027289325849344986
    ],
    [
        0.004242579749166702,
        0.05676342493430394,
        0.18294199397975303,
        0.05680001719337048,
        0.0011198411662395984,
        0.0028616405632043386,
        0.08297382799533175,
        0.0034841134059830766,
        0.001193194196051385,
        0.001831610656760478,
        0.02722412975402367,
        0.0021407627924998067,
        0.015206727888171205,
        0.023269260336959648,
        0.399361410986714,
        0.036904356459622936,
        0.005450514992782204,
        0.09623059294906165
    ],
    [
        0.009884592089962793,
        0.058394184651841444,
        0.0257809804673308,
        0.09033572865177472,
        0.19379697707562527,
        0.02778046566483498,
        0.05341363230773659,
        0.06276508340333777,
        0.08327767660330325,
        0.0445588478143306,
        0.06729551344645116,
        0.027127705913769517,
        0.04206844097110578,
        0.07421795040090828,
        0.058278916420346785,
        0.029006554876414993,
        0.02165536887487259,
        0.030361380366052782
    ],
    [
        8.098114833942243e-05,
        0.0002445646995548093,
        0.00017951487228004505,
        0.00018137330449616426,
        0.0011425318636724652,
        0.0003624004776175009,
        0.00041272198140714783,
        0.0008484547741135598,
        0.000671886843294767,
        0.9925187767755721,
        0.00010514128055481172,
        0.001865502037119667,
        0.00015069852504933046,
        0.00018100940686963175,
        0.00020241013874389412,
        0.00020900254936964915,
        0.00027847980641678924,
        0.0003645495155286748
    ],
    [
        0.031297832884029965,
        0.05366401035447184,
        0.030138480628780114,
        0.03671365071534244,
        0.025214047385538823,
        0.1541170084789077,
        0.02640315926423327,
        0.329367584151781,
        0.021684641149230643,
        0.029230927568840187,
        0.047972307672555926,
        0.015801240178179018,
        0.023004736041858972,
        0.02327341117571895,
        0.07048429783724454,
        0.037001964546992006,
        0.013800902205710123,
        0.03082979776058447
    ],
    [
        0.007928899900266904,
        0.0935713994473771,
        0.07618952948078679,
        0.05593177169668736,
        0.0023559905931723048,
        0.01012628228805907,
        0.07913526841430582,
        0.008408894104281235,
        0.0025191380814276352,
        0.004575686131602843,
        0.031222537259899284,
        0.004192242807796626,
        0.02248395522421338,
        0.011184801788425684,
        0.36289643445384967,
        0.12706510408757454,
        0.007630026436695704,
        0.09258203780357799
    ],
    [
        0.0022271519444050257,
        0.0059146901963565025,
        0.004844092120652498,
        0.0036056334716945953,
        0.016823402959611874,
        0.006996446314524888,
        0.0082192524540634,
        0.020782415305327116,
        0.011079617633671334,
        0.8491881351199647,
        0.0023600732913600865,
        0.03473278682337157,
        0.003201959808265843,
        0.0043796895531938015,
        0.004500190805677784,
        0.004531948422020794,
        0.006120460805677651,
        0.010492052970160773
    ],
    [
        0.011463571308517335,
        0.03174934892263326,
        0.03015350716430524,
        0.03815295686559526,
        0.12338061454203607,
        0.043587741070710916,
        0.05690469869317107,
        0.15961224349938039,
        0.04500849733584013,
        0.18938392606145188,
        0.023278499103517074,
        0.037611777270188405,
        0.02483416966622787,
        0.059419883859638985,
        0.03732159008778199,
        0.022821375857783814,
        0.031979629212807725,
        0.033335969478412664
    ],
    [
        0.0008926358342096031,
        0.10113831528161524,
        0.014080820269562923,
        0.006573660197449052,
        0.0008110601689969969,
        0.0009048651515183355,
        0.01206686799609934,
        0.002650029827217304,
        0.0011017312106422529,
        0.001435812773337472,
        0.005677489996697461,
        0.0018488652415023352,
        0.0042748300986076414,
        0.009346188728943054,
        0.02371300886776809,
        0.007612273503010928,
        0.0014413959355782289,
        0.8044301489172437
    ],
    [
        0.030165283940264947,
        0.026547837715438307,
        0.03380409207382649,
        0.044459920992053814,
        0.024591315392329817,
        0.027117274683062915,
        0.06762708188919032,
        0.02322730710674792,
        0.019074139517827715,
        0.04211486223113246,
        0.023211224512467526,
        0.05130471387243595,
        0.0195613342334221,
        0.06956751775794534,
        0.0351742604204246,
        0.033648303014439294,
        0.38664185113746635,
        0.04216167950952408
    ],
    [
        0.005912443406862528,
        0.05666968054868481,
        0.3548607675881521,
        0.03243307962978052,
        0.00176407788867611,
        0.0062236950998838915,
        0.0905512969810737,
        0.005348356460219709,
        0.0018357484545269483,
        0.0039543111602978525,
        0.017318069955018195,
        0.004346081739810816,
        0.01946084560716063,
        0.01070898166409812,
        0.12876549049906827,
        0.08208466575119107,
        0.006604249367908358,
        0.1711581581975864
    ],
    [
        0.0019979152762752534,
        0.016557793957019125,
        0.2764585263421499,
        0.020647631730304136,
        0.001871621871076357,
        0.0028651986423818892,
        0.5078528593169637,
        0.0033855240517991943,
        0.001407329835966757,
        0.004828359851897596,
        0.0063486780030693035,
        0.003398434463219596,
        0.014277466302768875,
        0.0067340739954888365,
        0.035911180036778415,
        0.015327154953827218,
        0.010820205767203616,
        0.06931004560181021
    ],
    [
        0.0013628220950662176,
        0.00545890576303319,
        0.0020379680989781016,
        0.004020152640451172,
        0.03626555366471739,
        0.0026344376724148706,
        0.0033539365791727957,
        0.011211638876584893,
        0.8906331070438444,
        0.008484365895154434,
        0.004507944503349437,
        0.0080364717500934,
        0.005549748789596492,
        0.004672754822919249,
        0.003850793030432528,
        0.002567853794609077,
        0.002069802383882902,
        0.003281742595699428
    ],
    [
        0.0008678531945040414,
        0.0015773316491168466,
        0.001692400609824961,
        0.0010411116255652536,
        0.0015357072195315152,
        0.0010300346193555304,
        0.0024839483913886946,
        0.0017234359557831162,
        0.00334142118108161,
        0.009927515621351204,
        0.0006879521706609958,
        0.9628365377273969,
        0.0013010886089500889,
        0.0010764812712992498,
        0.0012934171739249682,
        0.0013732469183358163,
        0.002735996922501215,
        0.0034745191394277876
    ],
    [
        0.013800024420104936,
        0.03541394175966583,
        0.022310450953150675,
        0.029565436194340336,
        0.10464203557650602,
        0.014932864363285083,
        0.03160477721297602,
        0.04647675729149554,
        0.20333143063035028,
        0.05646689487065726,
        0.025896799379364822,
        0.2024179524687624,
        0.02365112142349629,
        0.03299479244954373,
        0.0296721674922403,
        0.016097894355173295,
        0.07413590992368552,
        0.03658874923520166
    ],
    [
        0.0038257821372018955,
        0.004223167688210368,
        0.0043755191874117185,
        0.00438551961969483,
        0.008506419203879787,
        0.004964359630966765,
        0.008162862844296882,
        0.004766385384014916,
        0.012915957081912387,
        0.031164514167123875,
        0.0026083734829735806,
        0.8646227006995588,
        0.0038939576949298302,
        0.0035342302365081926,
        0.004149204962842934,
        0.0046547302651386065,
        0.02251726667759579,
        0.006729049035738711
    ],
    [
        0.0014040147156797495,
        0.006221822227528033,
        0.001921074234721512,
        0.004272795501493449,
        0.07786801548269696,
        0.004200826514561933,
        0.00398253194456095,
        0.014906990535549489,
        0.8250776313098599,
        0.021670085116110113,
        0.003872519171203492,
        0.012367793582264017,
        0.0040975130914467275,
        0.004484533690543623,
        0.004009565687704387,
        0.0034244355354230626,
        0.002326047456401499,
        0.0038918042022510805
    ],
    [
        0.004018192222854779,
        0.013687605973062596,
        0.005088597085589372,
        0.009534029966279797,
        0.03960674000243339,
        0.0048477104559624664,
        0.007843011076256972,
        0.014178947390316473,
        0.7838614489503417,
        0.013967282274690247,
        0.010768530112584176,
        0.03901166683862114,
        0.010996446505016825,
        0.010784665695782274,
        0.009028660262574005,
        0.006206205340157984,
        0.007254165824099619,
        0.009316094023376036
    ],
    [
        0.006563222198723262,
        0.01594878768307341,
        0.01700827119761263,
        0.010233747365713983,
        0.026879533444582444,
        0.013618361832372517,
        0.025977470388944206,
        0.0317177495306817,
        0.04781672239069872,
        0.40460112817947996,
        0.006901369681208786,
        0.2951668988987662,
        0.01705949187176389,
        0.01001816302115141,
        0.013077949097144981,
        0.013333451022377837,
        0.015212497252041322,
        0.028865184943662688
    ],
    [
        0.0230323584316309,
        0.06707369165256014,
        0.034276254591203856,
        0.051477386045671696,
        0.005037173879645895,
        0.06454570206498343,
        0.0567218248531989,
        0.02022613962240599,
        0.006269972398277507,
        0.012249080256579375,
        0.03283175728216651,
        0.010414505358002746,
        0.026546562071574697,
        0.01487336031755927,
        0.13169355118191511,
        0.3802132533567624,
        0.010499456103690158,
        0.05201797053217134
    ],
    [
        0.012461030903914577,
        0.031016109821085304,
        0.011989096740697222,
        0.023921122896700467,
        0.046294750610014826,
        0.018750266907047324,
        0.022263150852043983,
        0.0225821507765231,
        0.4056274624249609,
        0.04239635326911407,
        0.02115318198827798,
        0.21118174233062975,
        0.027705730194079237,
        0.01619712977957534,
        0.021976993899302417,
        0.02572824772174107,
        0.016093873096636176,
        0.022661605787656323
    ],
    [
        0.02783031553374937,
        0.10532709238786321,
        0.024849165385888397,
        0.06782262460321127,
        0.04176115152647234,
        0.020108551557346564,
        0.03488774364657373,
        0.05583875151108318,
        0.11144860222221607,
        0.021624700470974128,
        0.11141351531415447,
        0.04361375663493328,
        0.03633332447411997,
        0.0886347022921431,
        0.07726782700652168,
        0.03575452741645212,
        0.041870498965122974,
        0.05361314905117417
    ],
    [
        0.017692281327449825,
        0.028170026624343716,
        0.4093364647976278,
        0.03903191971921699,
        0.004261584107552752,
        0.012197579473117313,
        0.10308885186214926,
        0.007940719983303188,
        0.005366504964448361,
        0.009171283046219244,
        0.022689157806137204,
        0.01505659184662233,
        0.12859531667118948,
        0.01098808344898583,
        0.06352420369423145,
        0.053988511089643754,
        0.019489504302904522,
        0.04941141523485702
    ],
    [
        0.015294473632032159,
        0.010466657431926754,
        0.01730130044336917,
        0.00929165674792158,
        0.008596434662407552,
        0.009360891449291088,
        0.01782922193898714,
        0.01221660992619453,
        0.0252050606212102,
        0.028690971001322077,
        0.007011780283355316,
        0.7482622973122434,
        0.018296891505452873,
        0.009157750961528415,
        0.011415717367450706,
        0.011163127954189044,
        0.02230472451331881,
        0.018134432247799162
    ],
    [
        0.026684113370164058,
        0.033589728210701504,
        0.10811854820739718,
        0.04782165090664778,
        0.01016194572007105,
        0.0511040397062441,
        0.16800192398499603,
        0.028088014377007794,
        0.007334490351121773,
        0.0384461318287734,
        0.019623133451181447,
        0.024191172715223894,
        0.021117462656314413,
        0.021612518940071605,
        0.07655898390366928,
        0.05895084307260783,
        0.1797691239386635,
        0.0788261746591434
    ],
    [
        0.005722407069997705,
        0.05979678167615674,
        0.01190570473601236,
        0.05658296408132332,
        0.001917117230271717,
        0.010424449365019729,
        0.02017751285063398,
        0.004369861338428829,
        0.002398792070570487,
        0.0025278302323213566,
        0.050672026986901854,
        0.0025772354117750513,
        0.016519649948121985,
        0.01172645690979367,
        0.08223627084688731,
        0.6400798791398663,
        0.0025049760100719336,
        0.017860084095845788
    ],
    [
        0.0035786566197237267,
        0.06528242597485912,
        0.06618432017435369,
        0.15655381598389753,
        0.002192675913587905,
        0.004093387892919827,
        0.04953260692025279,
        0.005052567755622414,
        0.0023775796965211544,
        0.002242874341758439,
        0.14433053932513482,
        0.002518479488324443,
        0.04124141277516739,
        0.03365193349166451,
        0.34705640966544055,
        0.0347956500632542,
        0.006341950086222924,
        0.03297271383129448
    ],
    [
        0.0005110874621130261,
        0.007190202575245372,
        0.0026457906478297576,
        0.005896663784832296,
        0.0009563553706148541,
        0.000536704442026763,
        0.0038743615987240974,
        0.0018951503097479863,
        0.0010122043946651294,
        0.0007231504107956267,
        0.006142566970370115,
        0.0006958979443885648,
        0.00231214075794804,
        0.9514484547491177,
        0.006400613671318356,
        0.0017927432979719462,
        0.0011168520119405523,
        0.004849059600349749
    ],
    [
        0.004708276875657061,
        0.15873513438476558,
        0.015303914771295501,
        0.0783182825465622,
        0.02436185749006263,
        0.006313535700370926,
        0.028539640175121447,
        0.024909350651191105,
        0.03842295846637736,
        0.009068392651311324,
        0.13785609827601195,
        0.010170653208968563,
        0.0302428147302572,
        0.2973760909440637,
        0.06812311105250311,
        0.020387037067839096,
        0.008863380744227049,
        0.03829947026341426
    ],
    [
        0.0011294448544226284,
        0.015435627887190906,
        0.001870655821158139,
        0.02827578267494593,
        0.0010329591719189493,
        0.0013134672209985571,
        0.0027694642102753264,
        0.0017888776430551629,
        0.0013792718586472992,
        0.0005182428975147571,
        0.9008872895088318,
        0.000570010462851522,
        0.004917859495103297,
        0.007636640926620775,
        0.022229951000350148,
        0.005098250874455683,
        0.0008030124714869392,
        0.0023431910201722273
    ],
    [
        0.0010220361110749548,
        0.017683720150375403,
        0.044434458989513585,
        0.004508272919173391,
        0.0006891269338049118,
        0.0009912529727647318,
        0.016926928198964884,
        0.002389364608729596,
        0.0006998731213427498,
        0.0017296896109077005,
        0.002884370821352985,
        0.0018631295400430544,
        0.0028810174093166223,
        0.005700337093232069,
        0.014178386424942008,
        0.0054010426106149275,
        0.0025388664042120925,
        0.8734781260796343
    ],
    [
        0.009735976163488579,
        0.03702816499190974,
        0.10260537259684722,
        0.056320395295108364,
        0.0081415841840196,
        0.010798371551385922,
        0.29436598704372274,
        0.011407316013616402,
        0.0064710384456714435,
        0.019495010421453383,
        0.020157218745051508,
        0.016413428782509263,
        0.02737948828642325,
        0.1123977059624342,
        0.051121570793245516,
        0.05091301256572789,
        0.049753369786501044,
        0.11549498837088384
    ],
    [
        0.005104152968927114,
        0.030769314049047435,
        0.029756684235969742,
        0.0929728399842543,
        0.005535073758514708,
        0.02167464819286642,
        0.32574001133971486,
        0.0067848165607668,
        0.0044991776203022246,
        0.014205658801881018,
        0.017472080761112844,
        0.009058279616834853,
        0.027549199158227785,
        0.016641103139809505,
        0.05625616702000793,
        0.2931483521011648,
        0.010229164119149195,
        0.032603276571448465
    ],
    [
        0.006095167187119114,
        0.06144240691544333,
        0.04299763521047075,
        0.06764649671435399,
        0.0070099180840930714,
        0.007674575147745874,
        0.4160781111703834,
        0.00681456818614169,
        0.005635112069224563,
        0.015371320300205346,
        0.018211410343810904,
        0.01245749822241958,
        0.024684691112482185,
        0.025034383314336998,
        0.05655456166174865,
        0.08183631015582903,
        0.01856581775672138,
        0.12589001644747008
    ],
    [
        0.0007239683605790543,
        0.010177989249916973,
        0.0015728483584999896,
        0.03409509951716111,
        0.0003479915558793769,
        0.0008159766113645477,
        0.002264947656411874,
        0.0008043232063609265,
        0.0004606806150079078,
        0.00025394428546729464,
        0.893909365224999,
        0.00029201123246077264,
        0.003614202614339586,
        0.004010287251304066,
        0.03898990717460342,
        0.005596081753792707,
        0.00044718825207923005,
        0.0016231870797722566
    ],
    [
        0.01788053144921082,
        0.05237671839583601,
        0.016378397193015364,
        0.03498585659737536,
        0.039532398372091715,
        0.06270396002985076,
        0.01801218208528964,
        0.46799196466690846,
        0.03759188731836043,
        0.021164319040803535,
        0.06055666229317397,
        0.013212878464416202,
        0.018154297660346215,
        0.026920604693616682,
        0.05656413849409881,
        0.022672382427205106,
        0.011751363877647606,
        0.02154945694075323
    ],
    [
        0.005031650946191213,
        0.021765679949610543,
        0.006677966707775459,
        0.015643939140941,
        0.5290776996046298,
        0.01643419084862315,
        0.011500902400086449,
        0.04803425898198378,
        0.2037333792861373,
        0.03892715670050085,
        0.016196187129809036,
        0.020217783113900892,
        0.010590452265858427,
        0.009813932070311102,
        0.014912021747958372,
        0.010155032452566463,
        0.009639065960815337,
        0.011648700692300869
    ],
    [
        0.021029229089075674,
        0.02212651778864884,
        0.02573834000250661,
        0.03482604306249826,
        0.03365071358913134,
        0.40208430974122006,
        0.0539256402153683,
        0.04713588923036902,
        0.013904135076032676,
        0.1216703195626498,
        0.016204780407545815,
        0.02982477671275198,
        0.014833455880862876,
        0.01107034255474972,
        0.03710878031287221,
        0.037263528037438994,
        0.05403278457528767,
        0.02357041416099015
    ],
    [
        0.006295935622707298,
        0.04649024051272585,
        0.2504292590364332,
        0.086113516372543,
        0.008414925502992526,
        0.008784332450691051,
        0.2365342864931866,
        0.010549311503106153,
        0.00500752789359934,
        0.01082662955717537,
        0.03207318916147531,
        0.0077410026290888915,
        0.04258328554833588,
        0.01725009716975795,
        0.10492398016286973,
        0.028624015598515566,
        0.0321891329525908,
        0.06516933183220558
    ],
    [
        0.0016102340820824488,
        0.022435135271991532,
        0.003560103634737032,
        0.08503581642280912,
        0.0008071043013383193,
        0.002111879026418695,
        0.005661736782666094,
        0.001810360356885451,
        0.0009135341911594262,
        0.0006016841859146016,
        0.7554927069419249,
        0.0005802245659280176,
        0.007195443628164045,
        0.009183330952372736,
        0.08166482492196324,
        0.01655828794286658,
        0.0010213867424965566,
        0.003756206048281122
    ],
    [
        0.00514013779327353,
        0.05202871666481967,
        0.011876537390454087,
        0.05071480947732154,
        0.008708667633256097,
        0.005673462959653226,
        0.02046836853935182,
        0.01259028812997797,
        0.010254511503847711,
        0.0052598012542501805,
        0.07215762946696577,
        0.004985761916764275,
        0.018197959583539754,
        0.6334869208462612,
        0.04021379789098388,
        0.01977386007971854,
        0.0066007119397217175,
        0.02186805692983906
    ],
    [
        0.011041664210455453,
        0.022362504648200433,
        0.021840703830663482,
        0.016718990116724092,
        0.036252166011672034,
        0.028205122100357062,
        0.031072121030526267,
        0.04941767008353372,
        0.11404198721519432,
        0.19766120044521598,
        0.012424304483460966,
        0.32366079483342125,
        0.03603535658761393,
        0.012228874005042785,
        0.021185983961632123,
        0.021390360818222716,
        0.016796443059545533,
        0.027663752558517885
    ],
    [
        0.008787731616304615,
        0.11304199311561203,
        0.054388356186551634,
        0.04765892625754609,
        0.002134448974010955,
        0.009950659764584806,
        0.053721724460806655,
        0.006104484675655419,
        0.0025760019933511766,
        0.0041375168812118205,
        0.030040811877559855,
        0.005186119834952672,
        0.019395057303900145,
        0.009832647330204974,
        0.19581607157045036,
        0.3304848834528023,
        0.005919550716911552,
        0.10082301398758292
    ],
    [
        0.0004537869080068841,
        0.005526824323135866,
        0.0021341723654602213,
        0.004441240012322844,
        0.0004444048676072833,
        0.00047755888997154166,
        0.0030592587355365297,
        0.001178404561526532,
        0.0004435011303285652,
        0.00046150417048178847,
        0.003964341199738748,
        0.0004231108538630173,
        0.0012521146586459053,
        0.9630998585006055,
        0.0056292859307140565,
        0.0019916723354389534,
        0.000723716271315816,
        0.004295244285299897
    ],
    [
        0.0323475867271005,
        0.02664809542183573,
        0.04039332570825351,
        0.08977447223723524,
        0.010226046014740706,
        0.025275442281078423,
        0.09579347250822198,
        0.009834853930436809,
        0.010573386771250536,
        0.014841846453719314,
        0.03248254687038833,
        0.0321001198383139,
        0.03187985528200466,
        0.017537380074887653,
        0.059954508796922115,
        0.057525389108853346,
        0.3823036831303574,
        0.03050798884439988
    ],
    [
        0.004083818929790898,
        0.010827231032949315,
        0.8072540689540558,
        0.011138952248934105,
        0.0013856376189274881,
        0.0033027650090800683,
        0.04185178937894679,
        0.004222297434014728,
        0.0012171621100115256,
        0.0032560197430165872,
        0.006267717878041264,
        0.003190824321693155,
        0.009547382930835086,
        0.007502608139364229,
        0.02573970891095985,
        0.00987147722203046,
        0.010491468791175575,
        0.03884906934617281
    ],
    [
        0.0018594474468340545,
        0.06482244876993859,
        0.011517710668337325,
        0.3128030428454476,
        0.0014073870626118599,
        0.0024431879341782255,
        0.023832266236091786,
        0.002397221056957854,
        0.0015181188842460435,
        0.0011997555573985937,
        0.2889031338844617,
        0.0011377856176601766,
        0.02811978140205633,
        0.023549587451904434,
        0.17787141719087832,
        0.04308906188480846,
        0.0018008776332271196,
        0.011727768472961624
    ],
    [
        0.0006335275515618184,
        0.008045281438646657,
        0.0020638502009263393,
        0.8871275731612914,
        0.0006178575007538853,
        0.0010222496249018011,
        0.008109465211318796,
        0.0005571300653162596,
        0.00053330867350709,
        0.00042669999384235813,
        0.04322390930120854,
        0.000422527206632893,
        0.004843413684782982,
        0.0029577314262183995,
        0.022183576458624135,
        0.014131168222288222,
        0.0009972680827308033,
        0.0021034621954475726
    ],
    [
        0.0019781458892471717,
        0.059221411459834845,
        0.01012888704016008,
        0.29603724738726334,
        0.003839199900459926,
        0.0024938256258711378,
        0.02122599810031341,
        0.0035467222294340403,
        0.0034665119233435256,
        0.0018340335971288278,
        0.43084680179920865,
        0.0018817938183365416,
        0.023103303178793246,
        0.02186838235099913,
        0.0889313448136273,
        0.014063550479540249,
        0.00403345041347131,
        0.011499389992967284
    ],
    [
        0.0010316589703295578,
        0.041592227035842366,
        0.013300335596716801,
        0.2143422083530419,
        0.0005520584250913606,
        0.000991714086151556,
        0.024670071579466803,
        0.0010548862095505311,
        0.0006323644545371871,
        0.0005742348517397204,
        0.0740753820749415,
        0.0006820635332202143,
        0.015644730907981626,
        0.0074084607959842425,
        0.5714165411026949,
        0.01941640909576288,
        0.0014390840891394835,
        0.011175568837807475
    ],
    [
        0.014741001393619594,
        0.02634823726030077,
        0.3630430950850251,
        0.03489854826295596,
        0.007503067648997885,
        0.010255487245256168,
        0.11198764896533074,
        0.012111925802764035,
        0.009597990745532019,
        0.01576983025788629,
        0.021535435626340017,
        0.02524900243322664,
        0.16392131406042756,
        0.020724793216439413,
        0.04661568971664721,
        0.028649959955355905,
        0.03240412754564746,
        0.05464284477824721
    ],
    [
        0.015709819597390054,
        0.08409445273154302,
        0.03100185345294714,
        0.04332782085233623,
        0.03572316279781928,
        0.01652623606577238,
        0.05252478943945995,
        0.06115592175956903,
        0.04115562620902468,
        0.04516037011946922,
        0.03397199726830472,
        0.07356145296944751,
        0.017446241032190356,
        0.14255114508651587,
        0.05537027981318911,
        0.03003663143572383,
        0.09024311297832721,
        0.1304390863909704
    ],
    [
        0.0042935437213675294,
        0.15070642428409842,
        0.01963098217003283,
        0.05710841173481371,
        0.002311810426063148,
        0.008009934919597847,
        0.01725936019507772,
        0.012524263457809732,
        0.0021167940163032127,
        0.0023803781389298145,
        0.11759578847494565,
        0.0018021969905491128,
        0.010442735537836572,
        0.015589266828494257,
        0.5160308949662987,
        0.03422422342426443,
        0.002915629604633412,
        0.02505736110888386
    ],
    [
        0.0008472204227780962,
        0.010102356479376236,
        0.0043449188577187985,
        0.8405930087830306,
        0.0012161161503770651,
        0.0024021482528355756,
        0.01476836962321083,
        0.001253818026046694,
        0.0008913134101388241,
        0.0008430561219409294,
        0.04829965320539488,
        0.0007293880500421026,
        0.007340984546675045,
        0.004660219519379764,
        0.04139557735081312,
        0.015197821231542227,
        0.0018897267940573771,
        0.0032243031746416006
    ],
    [
        0.0005322692701371635,
        0.8448354508711884,
        0.005058745270234884,
        0.016446130812032726,
        0.0007456080210324081,
        0.000856102287637718,
        0.00730670591398378,
        0.0018205015212079908,
        0.000796545233476239,
        0.0007204026978321702,
        0.021751870296753406,
        0.0006311522516455228,
        0.004350325680584778,
        0.006900066414927387,
        0.056492436896988595,
        0.009766171126140618,
        0.0006442216218928526,
        0.02034529381230345
    ],
    [
        0.006547258625152877,
        0.021116885283260087,
        0.07184862192085566,
        0.06862660042153826,
        0.009716766529205674,
        0.017001618434782928,
        0.4822369221349292,
        0.007138514473213358,
        0.005424470496297496,
        0.02304250510248472,
        0.015170454344688491,
        0.016017944568149638,
        0.026135344875837557,
        0.015661874799979776,
        0.03886838131357062,
        0.05586369081202506,
        0.08085181637472375,
        0.03873032948930479
    ],
    [
        0.0015846765944652781,
        0.02703914907452046,
        0.022221343390252075,
        0.5637510730541124,
        0.0011936919546576697,
        0.003081680712752225,
        0.09022002069759379,
        0.0017610421284137672,
        0.0008953717854855,
        0.0013769672842355188,
        0.0339930308046535,
        0.0011440190608767102,
        0.011914347289376733,
        0.009875312378108595,
        0.14893774270724908,
        0.06482547197648686,
        0.0028905896649953737,
        0.013294469441764403
    ],
    [
        0.0009747752819101477,
        0.03576144053737912,
        0.006346034555166239,
        0.04935419858248625,
        0.00037106352555100574,
        0.0010871444964898637,
        0.006363304086253616,
        0.0009955401190160527,
        0.0004303114262874021,
        0.00037839924632562127,
        0.10321618875242299,
        0.00042918007208322126,
        0.005824692380459283,
        0.0029437294595788775,
        0.7626135325946523,
        0.016528987807309343,
        0.0007511348678101069,
        0.005630342208818666
    ],
    [
        0.00034582149828099086,
        0.0009429581117339899,
        0.0006589178268128831,
        0.0007339570093526499,
        0.004403306964072041,
        0.0012838362487280085,
        0.0016958720704618095,
        0.002368492417498565,
        0.0024798614836533074,
        0.9711616796083193,
        0.00040616978486266114,
        0.007944284401488113,
        0.0005649801835951695,
        0.0006862977551753459,
        0.0007748415901387724,
        0.0008395236856578465,
        0.0012951873198922257,
        0.0014140120402762624
    ],
    [
        0.0020749426097457745,
        0.033910366862883554,
        0.023170811811162366,
        0.008088546293299474,
        0.0019209500636057622,
        0.002276925012134943,
        0.029344141357171956,
        0.005200340074550211,
        0.002269875487322792,
        0.0059463247597020845,
        0.004981874893319788,
        0.006753082311516534,
        0.005644662882511267,
        0.01609132804353339,
        0.016923010594603695,
        0.014093451231668719,
        0.004741593129724221,
        0.8165677725815434
    ],
    [
        0.008115521617274107,
        0.2056572129241029,
        0.015932489650394187,
        0.06261601238757825,
        0.0192934697129276,
        0.010294856191339028,
        0.02153426301961523,
        0.041081890076983575,
        0.024851170497139818,
        0.008706223023135964,
        0.19379553858292287,
        0.008250912085972634,
        0.02131290096294629,
        0.2007777937576251,
        0.08032907230083466,
        0.02772503333081006,
        0.008508840242618604,
        0.04121679963577907
    ],
    [
        0.005429999539903728,
        0.024422970868108837,
        0.03636504562587478,
        0.046043412090726384,
        0.004439615941424336,
        0.007150870472739617,
        0.04911461914019676,
        0.006173026838746418,
        0.006211066861654403,
        0.00557953240908945,
        0.031619800776967286,
        0.005416547527110035,
        0.6548588333720088,
        0.014650572311178608,
        0.04232974684010245,
        0.03832318753401172,
        0.004891209660716502,
        0.016979942189439934
    ],
    [
        0.016853371513050462,
        0.022844069872634373,
        0.02037090892294052,
        0.08432953223022031,
        0.004225688966915139,
        0.03605865717747702,
        0.058076570190866844,
        0.0053747881853191464,
        0.004203134458135768,
        0.006807854150452005,
        0.02952152991412645,
        0.006406802547595664,
        0.029529057777844647,
        0.013265470720346933,
        0.047314279540050706,
        0.5879503990628595,
        0.01010239494766136,
        0.01676548982150323
    ],
    [
        0.025306214954067457,
        0.03420695058292862,
        0.024945517402387804,
        0.0472401001903556,
        0.1026202944372315,
        0.050045783298045037,
        0.04722153000535803,
        0.08906894506315104,
        0.08962494217088383,
        0.09577488071069494,
        0.03328412806569935,
        0.0770782863507643,
        0.02704410985828156,
        0.09673458308565848,
        0.03908400721871089,
        0.029810640189456717,
        0.05855152860515908,
        0.03235755781116574
    ],
    [
        0.016561545477907096,
        0.07049413633712447,
        0.04721965492760658,
        0.03743962366078115,
        0.027127971143803012,
        0.01702239208894658,
        0.05885747792692344,
        0.054495491991598935,
        0.022077212192034297,
        0.045407214102839794,
        0.027001614332045152,
        0.06286749250600521,
        0.015137657543700255,
        0.06428806539811173,
        0.05598676329643265,
        0.027029259607508023,
        0.17988136717087638,
        0.17110506029575523
    ],
    [
        0.011029769384318417,
        0.05078353983794106,
        0.03259884282100639,
        0.24391058346354025,
        0.050320337282881794,
        0.022497072341645427,
        0.1051773411072208,
        0.01580142522757888,
        0.01949249651034936,
        0.021647683225331348,
        0.07572563986843887,
        0.01903528519045648,
        0.03118249648954056,
        0.050683437403925516,
        0.07125044274513212,
        0.04627510862104439,
        0.09835008353897227,
        0.03423841494067606
    ],
    [
        0.006932155138275002,
        0.0402072726744735,
        0.039763888566920445,
        0.036706491381301616,
        0.004393464570918628,
        0.0053816253588009535,
        0.06469794777420323,
        0.009530651164301419,
        0.005677383924063655,
        0.007600137559897398,
        0.021464181841804132,
        0.010840265330286626,
        0.019601173410440896,
        0.5539582150302581,
        0.044812788123633006,
        0.028888915319253323,
        0.014911527254826067,
        0.0846319155763421
    ],
    [
        0.005867402665916393,
        0.05257470716543718,
        0.03588019222779216,
        0.09421547305678575,
        0.003605410866383958,
        0.0051512608170850285,
        0.06222089929505076,
        0.004901621878541602,
        0.006868532545494483,
        0.0042342281803778355,
        0.06563680028702377,
        0.007488315125423766,
        0.4334731303398621,
        0.03317935663547952,
        0.07478485854782545,
        0.07313270353998237,
        0.005833422528962584,
        0.030951684296575237
    ],
    [
        0.002369753600374986,
        0.5244417705485711,
        0.02190495113945365,
        0.04519025083750865,
        0.0061266606611971195,
        0.004421062239334756,
        0.031584667324936845,
        0.015242488532067494,
        0.004825340860113253,
        0.0053373946049871555,
        0.050177260666447975,
        0.0033091626890565475,
        0.014432656385783317,
        0.05544425543300113,
        0.09685183167565178,
        0.023963236860284343,
        0.003696061303993777,
        0.09068119463723617
    ],
    [
        0.0016006703528192068,
        0.005632025505922901,
        0.0024046180175236968,
        0.006548715990876279,
        0.8815972417846241,
        0.0049072732713443855,
        0.005220074475666811,
        0.009130768195988282,
        0.0301187094614543,
        0.01622425988637573,
        0.004971682477932788,
        0.006178816422668575,
        0.0034326395866351505,
        0.005117179672537322,
        0.004514219933686614,
        0.003389754084826125,
        0.005290117555760237,
        0.0037212333233577768
    ],
    [
        0.016788009274284144,
        0.04600721892798168,
        0.07825719482383653,
        0.11779974032296603,
        0.025111987299465954,
        0.06304289351779649,
        0.16756002056028071,
        0.017305238766453374,
        0.011982768595079404,
        0.03490949964361338,
        0.04106830747663777,
        0.021461060306687096,
        0.04297271342665666,
        0.017089544528270523,
        0.0795367072042283,
        0.10192232569259009,
        0.07042287628733618,
        0.04676189334583569
    ],
    [
        0.019001491723046295,
        0.026714512435501377,
        0.21242813842565067,
        0.051437961603957666,
        0.005201426562817456,
        0.0125822853831376,
        0.08451741022283761,
        0.008270104136212172,
        0.007116833544618199,
        0.008517866258929526,
        0.03326950719229735,
        0.014345108483653751,
        0.3400183088681858,
        0.013463696047364455,
        0.06422890498271427,
        0.047879467889023246,
        0.018589071542693604,
        0.032417904697358904
    ],
    [
        0.0036191779811510496,
        0.11895773521520603,
        0.03755199478138777,
        0.03916731505642897,
        0.009096638743572241,
        0.004961155915194523,
        0.05978410470218625,
        0.021211683725179894,
        0.008047980479318014,
        0.010619722361999286,
        0.030632528728309086,
        0.006646345631525456,
        0.022372802229204514,
        0.3953308398603919,
        0.060885450887754974,
        0.021117218432490786,
        0.00822214151577733,
        0.1417751637529219
    ],
    [
        0.9907222805728034,
        0.0004763463684553494,
        0.0006331308434215247,
        0.000632440921660262,
        0.00015939124208541478,
        0.0011189493715966518,
        0.0005684472468483446,
        0.00037405602328529014,
        0.00021776162753425768,
        0.000273088433444131,
        0.0005841603012550501,
        0.0004624352927841748,
        0.0004947165109893637,
        0.0003635518325730583,
        0.0008246422898861089,
        0.00097577983601727,
        0.000638856132687202,
        0.0004799651526730774
    ],
    [
        0.0022485109364035953,
        0.019389119229755104,
        0.01321040683890813,
        0.020100718506214883,
        0.0030139599482622756,
        0.002668872726313744,
        0.022777561784778057,
        0.0035226229665769634,
        0.007618179184489305,
        0.003592727716679561,
        0.015811015090564023,
        0.005621946083358318,
        0.8216164526356364,
        0.0072835188861165405,
        0.020832509874791925,
        0.015941079779990576,
        0.002607074174987809,
        0.012143723636172814
    ],
    [
        0.00041068193104332315,
        0.0017741255023745897,
        0.0007410543508738928,
        0.00072057416517457,
        0.0015726656085010414,
        0.00178434979865767,
        0.0008781020020004134,
        0.9796617415296803,
        0.001358498997635182,
        0.003751505279332753,
        0.0007095627275730155,
        0.001010850457637401,
        0.0004971796203475744,
        0.00094747201502937,
        0.0014014094025339666,
        0.0007377363351851059,
        0.0004732198530208436,
        0.0015692704233990827
    ],
    [
        0.001405599310197272,
        0.00996303110167038,
        0.00740700902065612,
        0.8286043383071577,
        0.0009257970618025286,
        0.00156337558225365,
        0.025117745857025912,
        0.0009359273444615831,
        0.000789303098714088,
        0.0007624050126910366,
        0.03916489255289794,
        0.0008784451625215375,
        0.00999033294584955,
        0.005694152873849836,
        0.044219622131525506,
        0.014961969357222259,
        0.0031143550007273185,
        0.004501698278775746
    ],
    [
        0.005096806796305827,
        0.012599746522694844,
        0.015325308367233809,
        0.008775100076272043,
        0.030303124891011297,
        0.014896949896821682,
        0.023273762497145883,
        0.0378295442905155,
        0.013683494978006002,
        0.6961715329456607,
        0.005331909928548014,
        0.047406313165301465,
        0.0068886870032394115,
        0.009805216095150691,
        0.011025629895011532,
        0.009707858425002965,
        0.024666597755991258,
        0.02721241647008712
    ],
    [
        0.007294193680880179,
        0.0351045954783929,
        0.14159921588339047,
        0.04978662135186568,
        0.005882272220342895,
        0.007950358198009983,
        0.3285379006184777,
        0.010038721600423453,
        0.006459499463610381,
        0.014257008091506226,
        0.019946172511660847,
        0.013242074758482363,
        0.07578325913450285,
        0.07085430846377945,
        0.05514323492829446,
        0.046850495669157964,
        0.0197985005712834,
        0.09147156737593876
    ],
    [
        8.780485735093883e-05,
        0.0012428832774051208,
        0.0004647979750367345,
        0.0008502650982628894,
        0.0001136732493968881,
        9.390221451659405e-05,
        0.0008082670704802731,
        0.000269824805697295,
        0.00012985600835305726,
        0.00012883366219074383,
        0.0006608071091151077,
        0.00012756244506891159,
        0.00032286788063757167,
        0.9918486438455302,
        0.0010391050091486502,
        0.00041265609043915455,
        0.000175155069288208,
        0.0012230943320817068
    ],
    [
        0.0036598404039281376,
        0.014690510227835211,
        0.6136519679002129,
        0.01954615551593195,
        0.0020436973948934887,
        0.003609911872453822,
        0.10657001850450314,
        0.004260368024895761,
        0.0026920194923362602,
        0.004786156478370838,
        0.009630802103064922,
        0.007476257061443965,
        0.10184945032808193,
        0.008703910973549542,
        0.03415013086166373,
        0.01695647380667586,
        0.008990119011322632,
        0.03673221003883585
    ],
    [
        0.054535640447891755,
        0.07567004641640342,
        0.029510519744128206,
        0.09288823247173876,
        0.024991096014048773,
        0.02578284582264649,
        0.04145546853349443,
        0.03746487379821695,
        0.06041659932162,
        0.017070088543432053,
        0.1397798986959982,
        0.03717764768497397,
        0.05343906231612133,
        0.07461989748756896,
        0.0946052839536126,
        0.04744198961960464,
        0.051425212223044144,
        0.04172559690545535
    ],
    [
        0.003693968269743724,
        0.06703830641938191,
        0.049028579318798796,
        0.11572157222879706,
        0.003065545661812779,
        0.009206524045571715,
        0.049362564183249656,
        0.012231644200763269,
        0.0021229943812606815,
        0.0035086366803697613,
        0.06326400769390565,
        0.002294955445363602,
        0.012974497770950867,
        0.023799866303628864,
        0.5161446920879308,
        0.030559301751166352,
        0.005676420042057546,
        0.03030592351524691
    ],
    [
        0.01134468117073525,
        0.07214820046089827,
        0.022553563657350662,
        0.1327869959111763,
        0.00529890127923819,
        0.01800337915467367,
        0.023035428192070627,
        0.01029310410318032,
        0.005032618515604677,
        0.003879066028680089,
        0.3925406536733794,
        0.0036774933105679394,
        0.029577682141948457,
        0.01583469807421883,
        0.16298358413032699,
        0.06707586605372881,
        0.00610250454695052,
        0.017831579595270895
    ],
    [
        0.0044674703534712595,
        0.045533658703272244,
        0.11163903210549299,
        0.14205665209646043,
        0.006043429352775753,
        0.0071094627343396034,
        0.34820754648632923,
        0.006542472955976774,
        0.003224468166436436,
        0.007509198981201409,
        0.0287103658215344,
        0.005775070262532301,
        0.017776118195713838,
        0.020647291512324167,
        0.10582261964956623,
        0.033339482400914146,
        0.0396196636534002,
        0.06597599656825867
    ],
    [
        0.001180944206972397,
        0.005670218203158832,
        0.002480174381725495,
        0.005216960534824332,
        0.816695045461155,
        0.005658459655231321,
        0.005826464585905428,
        0.020651119452838082,
        0.0416206693558773,
        0.05914570052572591,
        0.003470396132741711,
        0.009735014528758768,
        0.003322879266646146,
        0.003400984118105068,
        0.004726254874886984,
        0.0030355720934532463,
        0.004059121883288805,
        0.004104020738704959
    ],
    [
        0.0023778528156935363,
        0.06461899204125647,
        0.06205771636547436,
        0.012548496597480564,
        0.0032105145442989772,
        0.0027368914320075647,
        0.03701816742323671,
        0.009544406818145125,
        0.0032287987612086753,
        0.006751720410433741,
        0.009060674888641264,
        0.006751879786928479,
        0.009594076369167375,
        0.011947311745407755,
        0.03584063963742773,
        0.0110580653997836,
        0.007326650163267545,
        0.7043271448001406
    ],
    [
        0.002013216513851614,
        0.001594664582935859,
        0.004492013363199651,
        0.0026334205547070316,
        0.0010762521967803392,
        0.0014705326931689195,
        0.005217714139162227,
        0.0011621922713626071,
        0.0007600867172146471,
        0.00201788346741538,
        0.0013284032144745416,
        0.0031348160343604324,
        0.0013209876147989954,
        0.0014270020252116465,
        0.0026665417020305506,
        0.0017500759841228698,
        0.9628221839533321,
        0.0031120129718705558
    ],
    [
        0.00033237820089103686,
        0.002042136169898439,
        0.9515650963030089,
        0.0023784753616371977,
        0.00014687063057703398,
        0.00028713431676920785,
        0.01863531040935478,
        0.00038001691124578776,
        0.000140444086101029,
        0.00032844394678905345,
        0.0009741204812397217,
        0.00036843349936875375,
        0.0017818743333354106,
        0.0015776938830474646,
        0.005723095563078938,
        0.0017530109134519364,
        0.0010255636416815687,
        0.01055990134852352
    ],
    [
        0.0021491486999579744,
        0.019993091177322883,
        0.055065874038661214,
        0.1316388790840795,
        0.0015258131957192988,
        0.003900659370056638,
        0.5544500473557106,
        0.002030485521765747,
        0.0011836804493370252,
        0.002508027900728885,
        0.014906183316871437,
        0.0021305082874144635,
        0.019683122009953515,
        0.009551541257500117,
        0.06696388496992062,
        0.0847857959565707,
        0.005104921526345787,
        0.02242833588208359
    ],
    [
        0.057267964055666754,
        0.03477235575691377,
        0.02644602082849198,
        0.07689550660413724,
        0.05419815145770616,
        0.07272623728849527,
        0.05232195330932757,
        0.03450096176114281,
        0.06033137744572816,
        0.04410153720384211,
        0.04768415850881161,
        0.09754288976976687,
        0.032735451622000894,
        0.03175031188699661,
        0.052994087825154204,
        0.04378553956011575,
        0.15237594344535885,
        0.027569551670343407
    ],
    [
        0.005553086901577149,
        0.04061418912776853,
        0.1840099430374001,
        0.048661746136256574,
        0.004494943951703879,
        0.0038091721145304216,
        0.10850737599454131,
        0.006901040882308323,
        0.006723110332714237,
        0.005969472235353952,
        0.03181201772738073,
        0.009787280702967764,
        0.35456128803983294,
        0.02976144948024558,
        0.06776552355394755,
        0.02024584498593054,
        0.012158502330660053,
        0.05866401246488025
    ],
    [
        0.0009968729120802993,
        0.016561754776460703,
        0.00298095577000217,
        0.06081449958779842,
        0.0005613841906657345,
        0.0011300029299272875,
        0.004295656815223914,
        0.0009572395871226929,
        0.0008192138608043135,
        0.0004111280821579207,
        0.8277396004557882,
        0.0005243586400840068,
        0.0138779425537335,
        0.0035220273765083653,
        0.04978766361175428,
        0.011615137145549901,
        0.0007021700576026322,
        0.0027023916467357775
    ],
    [
        0.003828838168482424,
        0.3300617768326512,
        0.019807667456833686,
        0.06949309674100891,
        0.002057211859660068,
        0.003915254958222414,
        0.023246604830757092,
        0.004580701599241087,
        0.0025468793363161053,
        0.0021171507834221387,
        0.10605246929069102,
        0.002564982882825798,
        0.0181624778408927,
        0.009584833520455211,
        0.30233008627610264,
        0.05350420563315099,
        0.0035824649424334334,
        0.04256329704685315
    ],
    [
        0.00678303868853932,
        0.3808705149185307,
        0.014948567891841546,
        0.06227348639085917,
        0.013092733401481869,
        0.01101498193517235,
        0.033081844966768276,
        0.032777501499414684,
        0.02017441838436241,
        0.011283930273762838,
        0.08040000591803331,
        0.009424708083899324,
        0.02292025161264976,
        0.06572984798244287,
        0.10593950541579479,
        0.0527794057445219,
        0.007866412871185046,
        0.06863884402073983
    ],
    [
        0.030943055597381013,
        0.056196635356282644,
        0.2767220099834909,
        0.04211920623121018,
        0.006955994510685448,
        0.03335905465884118,
        0.07255678807839731,
        0.03843442851645524,
        0.006351025532760977,
        0.016042255037104415,
        0.0339394342147363,
        0.012888844302972007,
        0.028961563997791474,
        0.03727692554624335,
        0.1127815832316505,
        0.059622732226499824,
        0.024243995192492745,
        0.11060446778500453
    ],
    [
        0.004837205328134346,
        0.01281045029846624,
        0.006038388246415584,
        0.010312805984916682,
        0.04329704875044642,
        0.010764972216605415,
        0.00954401259551849,
        0.027119785150587366,
        0.7472200327865313,
        0.02639855477981227,
        0.010709485376874717,
        0.03045738532720608,
        0.020103831913497617,
        0.007416507099160202,
        0.010822533531475996,
        0.008501704758245798,
        0.00543631607165515,
        0.008208979784450178
    ],
    [
        0.0014744741087716344,
        0.04125636354150215,
        0.04215451317591077,
        0.019001837391914862,
        0.002349422708375877,
        0.0030235306173941284,
        0.18262454006172504,
        0.0047492028648940246,
        0.0018129531225371883,
        0.006986231678065184,
        0.006307655484278557,
        0.005005172773031471,
        0.006309832432505019,
        0.013512151921174735,
        0.034871916146880275,
        0.022076752550509136,
        0.0076371673442893005,
        0.5988462820762406
    ],
    [
        0.007525466135626168,
        0.18422017753274345,
        0.05533479791382741,
        0.043964148380718195,
        0.02478062414637137,
        0.017280343322126634,
        0.05230489098516774,
        0.13037934085466524,
        0.025343992160993315,
        0.03233668455271715,
        0.04591725721249111,
        0.02019291244454361,
        0.03563573976147605,
        0.06242688110439345,
        0.09314699676372236,
        0.03412451341130126,
        0.009930171817522693,
        0.12515506149959293
    ],
    [
        0.09764504063151276,
        0.042888731421217435,
        0.06985493811176609,
        0.07136904566023389,
        0.00890268639843313,
        0.04602936603233714,
        0.08080387257049368,
        0.017612223916453514,
        0.012579798367054312,
        0.017198831882789475,
        0.04318994599558331,
        0.0423678304807034,
        0.04391804462841856,
        0.021552998513356323,
        0.09690161631760182,
        0.10699008665749458,
        0.12552268285995516,
        0.05467225955459548
    ],
    [
        0.006805727885074258,
        0.00462100939601851,
        0.003059757590089412,
        0.0052416602901430775,
        0.0029925062529929007,
        0.9166148143696083,
        0.004636812124488214,
        0.009537755044491116,
        0.002481795721274769,
        0.006765575593079687,
        0.003921304413735838,
        0.0032956642220370778,
        0.0026207546301228934,
        0.0024719385361546735,
        0.00647578150404368,
        0.012264721965609272,
        0.0026704710724430683,
        0.0035219493885929307
    ],
    [
        0.0020188009879474286,
        0.14898866650024525,
        0.013540953326311896,
        0.06560477923231385,
        0.0016205641171811618,
        0.003140985380748675,
        0.020824282508633215,
        0.0072726524717385815,
        0.0019633780866567317,
        0.0018055465144250062,
        0.0654808535485764,
        0.0018908402431153668,
        0.009371652562287138,
        0.03428835240404357,
        0.5716518922989705,
        0.01989147147836794,
        0.0025574398786397832,
        0.028086888459797593
    ],
    [
        0.016076971344225244,
        0.021625497421118224,
        0.0402783781917103,
        0.0270176694090248,
        0.0379051688527965,
        0.060078170584688735,
        0.07137885438510727,
        0.07780897804184748,
        0.021692062098269634,
        0.3448692266583162,
        0.013996701689429744,
        0.060086518317915824,
        0.020731575859672603,
        0.032810607255492556,
        0.029961506727173823,
        0.02608902425117728,
        0.0604009335577206,
        0.037192155354313125
    ],
    [
        0.005072953328210257,
        0.07798617407787897,
        0.040302309042370275,
        0.03320130482906076,
        0.005667876891925465,
        0.005511649151823616,
        0.09837066658818243,
        0.01231786290439823,
        0.007550922076779482,
        0.013074033574545547,
        0.01784684353365667,
        0.016211995400802818,
        0.020100166928986193,
        0.21422288455574168,
        0.04917695910643823,
        0.038022869308071854,
        0.012774704596607773,
        0.3325878241045198
    ],
    [
        0.003400897428565189,
        0.02525017689952878,
        0.019179783665273856,
        0.03452265948464139,
        0.0041964979693971715,
        0.00301592759930211,
        0.023370288313348114,
        0.0042620969100736214,
        0.009867805305780688,
        0.0034284497715152224,
        0.037182177614321896,
        0.006476195391863528,
        0.7517656708558502,
        0.010053378098095395,
        0.03183318346748798,
        0.014242212414748052,
        0.004468559576475067,
        0.013484039233731536
    ],
    [
        0.006218889387570314,
        0.045103363660098934,
        0.011256634099527403,
        0.48150374414214814,
        0.006150053696610233,
        0.013876166974968554,
        0.04157727733710159,
        0.004966766965356709,
        0.004282859284194793,
        0.004353234048049205,
        0.10518894469310645,
        0.0036799646368746095,
        0.015577865336695161,
        0.020777477746298633,
        0.07531098679801475,
        0.13597229217834056,
        0.009219244653557222,
        0.014984234361486893
    ],
    [
        0.0043880251572249295,
        0.03293778838246804,
        0.010833211146841867,
        0.043047448136575094,
        0.00794055467285634,
        0.005120408059776452,
        0.020996992033606717,
        0.010730317838252835,
        0.009941536321999764,
        0.0053434913376952005,
        0.04411543664412398,
        0.005328104430837907,
        0.017915681350837563,
        0.7097448913388212,
        0.03093214580752609,
        0.01643082680804259,
        0.006612450783310052,
        0.017640689749203336
    ]
]